# Azerbaijan region 1
225 222
# Outer Vertices
46.452087,41.896572
46.568298,41.882500
46.566700,41.807800
46.591702,41.792198
46.725601,41.835602
46.760799,41.863899
46.770802,41.796700
46.872799,41.728901
46.925598,41.717800
46.932499,41.691399
47.015598,41.627201
47.043098,41.558300
47.127800,41.578098
47.160599,41.561100
47.178101,41.510601
47.212799,41.488602
47.258900,41.424702
47.265800,41.331100
47.285599,41.312199
47.371101,41.271900
47.521900,41.254200
47.571701,41.211102
47.659698,41.235600
47.766899,41.196098
47.919998,41.226398
47.908298,41.290798
47.953899,41.324402
47.962502,41.359402
48.022800,41.361900
48.074402,41.467800
48.231400,41.502499
48.399700,41.589199
48.471401,41.723598
48.531399,41.767200
48.589043,41.842365
48.788319,41.665821
49.136101,41.277760
49.154991,41.151661
49.251381,40.987209
49.537769,40.778599
49.513321,40.678051
49.577209,40.625271
49.745819,40.574162
49.999149,40.586380
50.071930,40.552490
50.236099,40.490261
50.363602,40.355549
50.384991,40.221371
50.308880,40.307770
50.211380,40.339432
50.085541,40.340549
49.885269,40.363319
49.858051,40.343601
49.562210,40.206379
49.425541,40.048321
49.482769,39.983601
49.419991,39.924160
49.444439,39.868599
49.412769,39.837769
49.421379,39.701099
49.313320,39.614712
49.287491,39.480820
49.413601,39.383881
49.395550,39.350269
49.406380,39.283329
49.338840,39.327179
49.297211,39.343319
49.258041,39.319439
49.201931,39.024712
49.140541,38.977211
49.072208,38.963871
49.051659,39.001381
49.123051,39.026100
49.149990,39.081661
49.134708,39.103321
49.067211,39.107769
49.052490,39.172771
49.002769,39.189430
48.961380,39.174431
48.930271,39.058601
48.935551,38.963600
48.905540,38.896648
48.832211,38.864990
48.860500,38.440250
48.665531,38.390541
48.610538,38.405819
48.429989,38.626091
48.333599,38.601101
48.243599,38.667210
48.243870,38.727760
48.103039,38.783600
48.013882,38.856930
48.018879,38.909149
48.276089,38.981651
48.323879,39.026371
48.293880,39.112492
48.134991,39.208881
48.119980,39.263599
48.150261,39.309151
48.359711,39.384708
48.338871,39.425541
47.976372,39.719700
47.806648,39.677212
47.746929,39.621090
47.454430,39.496380
47.355259,39.437481
47.099709,39.304428
47.025539,39.189419
46.838322,39.155258
46.539925,38.876720
46.494701,38.959702
46.523602,39.044201
46.510799,39.096901
46.493599,39.128601
46.423901,39.163898
46.416100,39.201401
46.452202,39.218601
46.545601,39.189400
46.622501,39.224701
46.544201,39.278900
46.518101,39.330299
46.403900,39.378601
46.380600,39.424999
46.400799,39.450802
46.516701,39.475800
46.509701,39.513302
46.546398,39.538601
46.541401,39.564400
46.513302,39.583599
46.413898,39.583900
46.349998,39.628101
46.250301,39.595001
46.204201,39.598099
46.153599,39.657799
46.067799,39.689400
46.006100,39.773102
45.926399,39.788101
45.856701,39.823601
45.816399,39.865601
45.784199,39.937500
45.592800,39.982498
45.603901,40.007801
45.638100,40.021702
45.905602,40.020599
45.924400,40.092499
45.976898,40.116901
46.002800,40.220299
45.958302,40.272202
45.913300,40.264702
45.875801,40.269699
45.841400,40.303299
45.662800,40.375801
45.540298,40.453300
45.506901,40.512501
45.469200,40.538101
45.459202,40.581100
45.420601,40.599998
45.391102,40.643299
45.388302,40.671101
45.429199,40.729198
45.594200,40.787800
45.620800,40.843899
45.618099,40.871899
45.566101,40.877800
45.487801,40.946701
45.437199,40.956902
45.438900,41.022499
45.345001,41.000599
45.232800,41.021702
45.156898,41.085602
45.138599,41.082802
45.132801,41.056702
45.091400,41.062801
45.073299,41.101101
45.081402,41.116100
45.194698,41.116901
45.222801,41.141899
45.147800,41.201099
45.052799,41.203300
45.060299,41.245300
45.022499,41.298599
45.278900,41.455601
45.336700,41.462502
45.401100,41.428299
45.476700,41.440800
45.538300,41.398602
45.770599,41.343300
45.719700,41.320599
45.708599,41.290298
45.813099,41.226398
46.031399,41.170300
46.140301,41.203899
46.243301,41.205601
46.378300,41.104198
46.440300,41.096401
46.483898,41.055599
46.520802,41.049999
46.545300,41.095299
46.572201,41.108101
46.622501,41.100601
46.669998,41.154999
46.710800,41.255299
46.693901,41.312199
46.628300,41.340000
46.621101,41.365002
46.593300,41.379398
46.499199,41.397202
46.413601,41.462502
46.330002,41.485298
46.335300,41.516899
46.299198,41.550301
46.343601,41.557499
46.347198,41.570801
46.324200,41.593601
46.286400,41.589199
46.282799,41.615299
46.264999,41.611900
46.256699,41.589401
46.237202,41.595001
46.201698,41.659401
46.198101,41.724998
46.218899,41.757198
46.331902,41.759201
46.420601,41.837799
46.452087,41.896572
# Triangles
143,142,139
140,139,142
142,141,140
160,151,150
139,138,143
137,136,143
144,143,145
148,147,150
148,150,149
135,143,136
143,138,137
161,150,147
160,159,155
156,155,159
158,157,159
157,156,159
155,154,153
152,151,153
151,160,153
164,163,162
190,162,161
164,162,188
150,161,160
160,155,153
165,164,166
190,161,147
116,115,114
116,114,113
123,122,121
124,123,121
116,113,117
110,109,111
118,112,111
113,112,117
119,118,120
117,112,118
124,120,118
124,121,120
133,132,131
145,133,130
135,133,145
134,133,135
145,143,135
146,145,130
130,133,131
125,124,126
118,126,124
130,129,128
146,128,196
130,128,146
199,128,127
195,147,146
106,127,126
128,199,196
172,171,170
172,170,174
174,173,172
175,170,169
178,177,179
174,170,175
176,168,167
176,167,166
169,168,175
177,176,181
176,175,168
166,183,176
190,189,162
188,162,189
181,180,179
166,185,183
176,183,181
182,181,183
184,183,185
179,177,181
185,166,188
166,164,188
220,219,215
186,185,187
188,187,185
190,193,191
193,192,191
209,211,210
209,208,207
207,211,209
211,207,212
195,193,147
197,196,198
207,206,3
198,196,199
195,194,193
190,147,193
205,3,206
215,214,213
216,215,219
219,218,216
215,221,220
216,218,217
222,221,215
215,213,222
2,222,212
212,222,213
3,212,207
2,212,3
0,223,2
2,1,0
223,222,2
205,6,3
146,196,195
108,111,109
93,89,86
90,89,93
91,90,92
90,93,92
87,89,88
85,84,83
85,83,82
93,86,94
86,89,87
86,82,94
82,86,85
95,94,99
79,99,94
126,108,106
118,111,108
106,108,107
105,104,127
199,127,104
127,106,105
102,104,103
97,96,98
96,95,98
102,101,23
78,100,99
101,100,54
95,99,98
21,104,102
79,94,82
80,79,82
79,78,99
77,76,67
78,77,60
80,82,81
72,70,69
72,69,68
67,74,73
72,68,73
75,74,76
73,68,67
72,71,70
76,74,67
65,64,63
62,61,66
66,61,67
63,62,66
66,65,63
61,60,77
67,61,77
60,59,58
100,56,54
54,56,55
56,58,57
56,60,58
100,60,56
60,100,78
101,54,38
18,200,19
201,200,17
204,203,202
201,11,202
200,18,17
17,11,201
200,199,19
22,21,23
23,21,102
23,101,24
19,21,20
24,26,25
19,199,104
104,21,19
7,204,9
204,202,9
7,9,8
5,4,6
6,205,7
3,6,4
205,204,7
17,15,14
14,11,17
11,10,9
12,11,14
14,13,12
9,202,11
15,17,16
42,53,52
42,52,51
41,40,53
43,42,51
41,53,42
51,44,43
40,38,54
48,47,46
49,48,46
44,50,45
50,44,51
45,50,49
49,46,45
26,28,27
26,24,28
30,29,28
32,31,35
31,30,37
28,24,30
31,37,36
38,37,24
34,33,35
33,32,35
36,35,31
24,37,30
40,39,38
24,101,38
53,40,54
118,108,126
