# Azerbaijan region 0
41 38
# Outer Vertices
44.810490,39.642731
44.789989,39.698589
44.778584,39.706650
44.858299,39.724998
44.933102,39.721401
45.061901,39.778900
45.175800,39.672501
45.171101,39.579201
45.204399,39.572201
45.253899,39.607800
45.281898,39.608601
45.307499,39.588100
45.326099,39.538300
45.408600,39.529999
45.457500,39.493599
45.626701,39.560001
45.732201,39.580601
45.783298,39.569199
45.823101,39.545300
45.814701,39.494999
45.830002,39.449402
45.776100,39.374699
45.795601,39.356400
45.855598,39.348099
45.885799,39.319401
45.978100,39.279999
46.008900,39.250801
45.971901,39.206699
45.970299,39.166401
46.042801,39.078300
46.107201,38.936100
46.177959,38.844219
46.166660,38.839981
45.871929,38.879978
45.430538,39.004711
45.337761,39.172489
45.187481,39.210270
45.115822,39.312199
44.950260,39.435810
44.888599,39.605820
44.810490,39.642731
# Triangles
8,37,12
37,7,38
7,37,8
38,7,39
37,36,12
14,12,35
11,8,12
14,13,12
35,34,21
12,36,35
9,8,11
40,39,3
2,1,3
3,1,40
39,4,3
10,9,11
4,6,5
39,7,4
7,6,4
22,33,28
28,33,29
24,27,25
27,24,28
26,25,27
22,28,24
32,31,30
30,29,33
32,30,33
14,21,15
35,21,14
15,19,16
17,16,19
19,15,21
23,22,24
19,21,20
19,18,17
22,21,34
34,33,22
