# Romania region 0
197 194
# Outer Vertices
26.316380,48.186371
26.635000,48.240871
26.707769,48.253319
26.894440,48.204700
27.000549,48.155540
27.164440,47.967758
27.238331,47.785259
27.289440,47.723591
27.321939,47.641651
27.466379,47.523869
27.469709,47.488590
27.579439,47.454700
27.572220,47.371090
27.806940,47.163601
27.992491,47.028591
28.071110,46.991100
28.213881,46.684429
28.247210,46.608318
28.209431,46.502491
28.251940,46.439419
28.135550,46.169151
28.084440,46.011662
28.129721,45.867489
28.107491,45.835819
28.161381,45.639431
28.061939,45.589981
28.165001,45.533600
28.212019,45.448200
28.276100,45.433319
28.316660,45.337490
28.558611,45.246090
28.748600,45.224979
28.799721,45.237759
28.756941,45.265541
28.784439,45.320820
29.004440,45.321098
29.314159,45.437759
29.561939,45.395260
29.636940,45.350269
29.670830,45.287491
29.661770,45.210239
29.623890,45.213039
29.649990,45.163319
29.701111,45.158871
29.660271,45.112770
29.610830,44.848320
29.141939,44.777760
28.996380,44.689991
28.977489,44.745819
29.133610,44.791100
29.141939,44.829708
29.099720,44.835270
29.049999,44.845539
29.040831,44.924431
29.109720,44.971661
29.041660,45.003601
28.902220,44.966930
28.862499,44.915821
28.949711,44.824711
28.939720,44.797211
28.798330,44.719440
28.779720,44.669430
28.792770,44.639992
28.851660,44.648602
28.904160,44.709991
28.993891,44.676929
28.946939,44.627769
28.834040,44.623772
28.737780,44.572769
28.749720,44.464161
28.834160,44.484989
28.645269,44.331379
28.631100,44.253880
28.668880,44.166100
28.637489,44.164711
28.643049,43.935261
28.583839,43.747761
28.224991,43.773041
27.997210,43.859150
27.951660,43.978870
27.918880,44.005550
27.820271,43.965820
27.721661,43.964710
27.656099,44.042488
27.399990,44.021931
27.290550,44.088039
27.275551,44.133041
26.923321,44.136650
26.478600,44.049431
26.111660,43.968319
25.862770,43.766380
25.572929,43.648281
25.363050,43.624699
25.224710,43.687481
25.080549,43.691090
25.001381,43.723591
24.501659,43.761379
24.337219,43.694431
23.890551,43.756378
23.413050,43.855820
23.063610,43.802212
22.857491,43.853321
22.843330,43.904980
22.906940,43.998871
22.995819,44.014149
23.042770,44.056648
23.037220,44.084431
22.882771,44.128868
22.691931,44.243061
22.536940,44.336369
22.459990,44.482201
22.609440,44.552212
22.699440,44.522480
22.763611,44.547489
22.753599,44.569149
22.436380,44.714432
22.313610,44.664150
22.206659,44.524990
22.146379,44.479149
22.084440,44.503040
21.988880,44.636929
21.622770,44.672211
21.600269,44.753601
21.565550,44.771648
21.400270,44.780819
21.360979,44.822609
21.366100,44.864429
21.552771,44.890820
21.551390,44.928040
21.377399,44.994968
21.512770,45.123310
21.485270,45.180820
21.094990,45.308319
20.986660,45.345821
20.783051,45.484711
20.823879,45.537209
20.767220,45.605820
20.804720,45.744148
20.795830,45.769150
20.721661,45.740540
20.591660,45.894150
20.378050,45.978031
20.261141,46.115330
20.335550,46.158039
20.721661,46.184429
20.763050,46.199150
20.753330,46.238880
20.829720,46.277210
21.053610,46.238880
21.187220,46.329990
21.197210,46.391369
21.287500,46.414429
21.296101,46.447479
21.261660,46.486931
21.326660,46.619980
21.438320,46.648602
21.609159,46.894989
21.695820,47.000820
21.651661,47.025539
21.868879,47.262211
21.922501,47.354431
22.004709,47.374981
22.010281,47.508598
22.318880,47.745819
22.421379,47.743870
22.441660,47.791100
22.612209,47.768589
22.774441,47.836369
22.770830,47.879429
22.894859,47.953300
22.937220,47.964989
22.934160,48.008881
23.034161,47.989979
23.091101,48.015820
23.123880,48.088322
23.174160,48.108601
23.480551,47.977482
23.544991,48.008430
23.641380,47.992760
23.874161,47.928600
23.975550,47.960541
24.131109,47.910809
24.168591,47.923340
24.238050,47.903309
24.531111,47.952770
24.660271,47.906368
24.676100,47.860271
24.816389,47.813042
24.897490,47.716091
25.029720,47.728870
25.123880,47.763882
25.230270,47.881371
25.468330,47.929710
26.011101,47.979420
26.159161,47.984989
26.272221,48.076099
26.316380,48.186371
# Triangles
125,124,126
126,124,127
128,127,122
129,128,130
124,123,127
117,120,119
116,130,120
122,121,120
122,120,128
127,123,122
128,120,130
140,139,138
144,140,138
141,140,144
115,131,130
137,132,148
135,133,132
135,137,136
133,135,134
135,132,137
137,148,138
132,131,149
117,119,118
104,101,100
105,104,100
101,103,102
103,101,104
105,100,99
94,93,95
97,96,98
96,114,98
99,98,113
96,95,188
188,114,96
110,109,111
116,115,130
109,112,111
117,116,120
106,105,99
107,106,113
108,112,109
112,108,113
113,106,99
108,107,113
98,114,113
166,115,114
115,155,131
89,188,95
141,143,142
143,141,144
146,145,147
147,145,148
138,145,144
148,132,149
150,149,151
152,151,155
153,152,154
131,151,149
138,148,145
155,154,152
156,115,157
158,157,159
159,157,161
157,115,161
161,160,159
162,161,163
164,163,161
165,164,166
164,161,166
115,156,155
151,131,155
167,166,114
169,168,167
181,183,182
183,181,114
167,114,179
161,115,166
183,114,188
188,89,189
183,186,184
187,186,188
188,186,183
179,114,181
185,184,186
167,172,170
170,169,167
170,172,171
174,173,175
172,176,173
181,180,179
176,175,173
178,177,176
176,179,178
167,176,172
167,179,176
189,89,190
89,95,93
91,90,93
90,89,93
81,83,82
190,89,88
79,78,77
75,77,76
72,80,79
77,74,79
75,74,77
80,83,81
86,84,83
86,85,84
86,25,87
27,86,83
87,25,88
72,74,73
71,80,72
72,79,74
71,69,68
70,69,71
80,29,83
71,29,80
88,193,190
29,71,68
68,67,62
62,61,68
63,67,66
62,67,63
30,61,60
64,66,65
49,48,47
66,64,63
46,49,47
57,59,58
59,57,60
56,55,32
57,30,60
49,46,50
51,50,54
51,53,52
51,54,53
45,44,54
50,45,54
55,54,35
46,45,50
41,54,44
68,61,30
31,57,56
10,12,11
194,21,12
194,10,8
9,8,10
12,10,194
25,23,21
23,25,24
21,20,13
21,13,12
18,14,13
16,15,14
21,23,22
21,193,88
8,7,6
192,190,193
193,21,194
195,194,6
0,195,1
190,192,191
1,195,5
3,5,4
1,3,2
3,1,5
5,195,6
194,8,6
21,88,25
31,30,57
31,56,32
34,33,32
32,35,34
30,29,68
42,41,44
35,54,36
54,41,36
39,41,40
38,41,39
35,32,55
44,43,42
27,26,25
20,19,18
18,16,14
41,38,37
41,37,36
16,18,17
27,29,28
18,13,20
27,25,86
29,27,83
92,91,93
