# Sao Tome and Principe region 1
127 124
# Outer Vertices
7.399200,1.530600
7.396900,1.533300
7.396400,1.539400
7.393600,1.543600
7.388900,1.543100
7.385300,1.539400
7.381400,1.536900
7.378600,1.540800
7.377200,1.546400
7.373600,1.549700
7.368300,1.551100
7.362800,1.552500
7.358600,1.555300
7.356700,1.560000
7.353100,1.563600
7.347800,1.565000
7.345000,1.560800
7.342800,1.556100
7.338100,1.556700
7.335300,1.560800
7.335300,1.566400
7.336700,1.571700
7.338100,1.577200
7.336100,1.581900
7.334700,1.587500
7.333900,1.593600
7.331900,1.598300
7.329200,1.602500
7.327200,1.607200
7.328600,1.612800
7.333300,1.615000
7.339400,1.614200
7.342200,1.612800
7.345000,1.616900
7.349700,1.615000
7.353100,1.611400
7.358100,1.609400
7.362200,1.610800
7.364700,1.615000
7.366900,1.619700
7.366900,1.626700
7.365600,1.631900
7.365600,1.637500
7.366900,1.643100
7.370300,1.646400
7.372500,1.651100
7.368300,1.653900
7.364700,1.657500
7.366100,1.662800
7.368300,1.667500
7.367500,1.673900
7.371100,1.677200
7.371100,1.682800
7.373100,1.687500
7.378600,1.688900
7.383300,1.686900
7.387500,1.684200
7.392200,1.684700
7.392200,1.690300
7.394200,1.695000
7.399700,1.696400
7.402500,1.700600
7.406700,1.701900
7.409400,1.697800
7.412200,1.693600
7.423900,1.690300
7.428600,1.689700
7.433300,1.687500
7.439400,1.686900
7.443100,1.690300
7.446900,1.693100
7.451100,1.693100
7.453300,1.688100
7.456100,1.684200
7.461400,1.682800
7.464200,1.678600
7.464200,1.671700
7.459400,1.671100
7.456100,1.674400
7.452500,1.672500
7.453300,1.666400
7.447800,1.665000
7.440800,1.665000
7.436700,1.662200
7.435300,1.656700
7.431900,1.653300
7.427800,1.650600
7.430000,1.647200
7.434700,1.647800
7.440300,1.647800
7.444400,1.645000
7.449700,1.643600
7.452500,1.639400
7.452500,1.635600
7.456700,1.638100
7.462800,1.638900
7.462800,1.634700
7.459400,1.631400
7.456100,1.627200
7.453300,1.623100
7.448300,1.621100
7.443100,1.622500
7.438900,1.619700
7.434700,1.616900
7.431400,1.613600
7.427200,1.610800
7.426400,1.606100
7.428600,1.601100
7.431400,1.597200
7.432800,1.591700
7.431900,1.585600
7.430000,1.580600
7.428600,1.575300
7.427800,1.568900
7.428600,1.562800
7.429200,1.556700
7.423100,1.556100
7.418300,1.558100
7.412200,1.558600
7.408100,1.556100
7.403900,1.553300
7.401100,1.549200
7.403300,1.544400
7.405300,1.539400
7.408100,1.535600
7.404400,1.531900
7.399200,1.530600
# Triangles
20,19,16
16,19,18
17,16,18
15,14,22
16,15,20
20,15,21
25,32,26
27,30,28
26,32,27
22,21,15
36,23,22
36,24,23
25,24,36
36,22,14
6,5,7
8,5,4
5,8,7
2,1,123
121,3,122
3,2,122
4,3,121
12,11,13
14,37,36
14,13,37
13,11,10
8,121,9
121,8,4
37,13,9
13,10,9
120,37,9
125,1,126
25,36,35
31,30,27
27,32,31
30,29,28
32,25,35
38,37,106
35,34,32
34,33,32
42,41,44
44,43,42
105,44,40
46,48,47
44,41,40
39,38,106
48,45,49
50,49,51
48,46,45
49,56,51
56,49,45
55,51,56
51,55,52
45,57,56
44,86,45
54,52,55
53,52,54
59,58,60
57,45,86
58,57,60
40,39,105
60,57,64
60,63,61
9,121,120
123,1,125
122,2,123
37,120,119
124,123,125
116,115,114
118,37,119
106,118,107
39,106,105
113,118,117
37,118,106
114,113,117
111,107,118
111,118,112
112,118,113
117,116,114
86,44,105
110,109,107
107,111,110
87,103,102
108,107,109
87,104,103
101,100,93
93,99,98
99,93,100
102,101,87
97,94,93
94,96,95
96,94,97
97,93,98
104,87,105
101,93,90
89,88,90
86,85,83
87,86,105
83,82,67
68,82,79
84,83,85
87,101,88
86,83,65
64,86,65
61,63,62
63,60,64
68,67,82
69,68,72
67,66,65
83,67,65
86,64,57
92,91,90
79,82,81
88,101,90
77,76,75
81,80,79
72,70,69
72,79,73
71,70,72
68,79,72
78,75,74
74,73,78
78,73,79
77,75,78
93,92,90
