# Indonesia region 59
308 305
# Outer Vertices
122.846802,0.815115
122.958298,0.923333
122.957703,0.955555
123.362198,0.923889
123.875298,0.834167
123.997498,0.884722
124.288597,1.011666
124.360001,1.166389
124.535797,1.214444
124.573601,1.183611
124.614197,1.225277
124.614700,1.260278
124.545502,1.277500
124.528297,1.321944
124.610001,1.411666
124.750504,1.434444
124.837502,1.467777
124.818298,1.573333
124.991600,1.735833
125.032799,1.713889
125.036903,1.676944
125.167801,1.681666
125.165802,1.579444
125.246597,1.516666
125.220901,1.467624
125.110802,1.376666
124.907997,0.983611
124.669403,0.810278
124.453003,0.453055
123.952202,0.337500
123.630798,0.261944
123.569702,0.309167
123.334702,0.296111
123.248299,0.319444
123.071098,0.511250
122.976898,0.481389
122.504204,0.496389
122.049103,0.482500
121.801697,0.423055
121.608597,0.544444
121.337196,0.458055
121.259102,0.482500
121.114403,0.408056
120.747803,0.481944
120.656601,0.534167
120.521103,0.530000
120.376404,0.475833
120.143303,0.203611
120.002197,-0.181945
120.018600,-0.363056
120.071404,-0.628056
120.266602,-0.913889
120.322197,-0.940556
120.389397,-0.905000
120.495003,-0.977778
120.585503,-1.120278
120.557198,-1.223611
120.666397,-1.395556
120.738602,-1.367788
120.828003,-1.342778
120.828598,-1.384445
121.052696,-1.427778
121.103600,-1.409167
121.383904,-1.017222
121.459099,-0.894167
121.611397,-0.807778
121.654404,-0.809722
121.703003,-0.932500
121.922501,-0.963333
122.108002,-0.930278
122.159401,-0.799445
122.212997,-0.763889
122.629402,-0.750833
122.718002,-0.799445
122.948898,-0.751389
122.938004,-0.724167
122.734398,-0.674167
122.731102,-0.651389
123.230003,-0.568056
123.411400,-0.653611
123.448303,-0.828889
123.359398,-1.037223
123.331398,-1.057223
123.248299,-1.037223
123.128304,-0.853056
123.069397,-0.863889
123.020203,-0.894167
122.840500,-0.906389
122.796700,-0.944722
122.715797,-1.117500
122.650803,-1.155000
122.480301,-1.383889
122.187500,-1.614167
122.029099,-1.614722
121.901100,-1.684723
121.805298,-1.713334
121.707703,-1.896945
121.661903,-1.926389
121.544701,-1.935278
121.344101,-1.777778
121.310501,-1.781111
121.293900,-1.846389
121.340500,-1.847778
121.340500,-1.994167
121.391899,-1.915556
121.526398,-2.045556
121.550797,-2.137222
121.596901,-2.173612
121.706398,-2.179167
121.918297,-2.455001
122.012802,-2.606945
122.014099,-2.694723
122.208900,-2.882779
122.288300,-2.891112
122.312202,-2.915000
122.261597,-3.021667
122.387802,-3.136112
122.470001,-3.151667
122.430298,-3.253056
122.367798,-3.218056
122.300499,-3.281112
122.300003,-3.336390
122.374702,-3.378334
122.380798,-3.435001
122.329399,-3.405556
122.284103,-3.361945
122.247200,-3.381112
122.292999,-3.451390
122.267197,-3.533611
122.197701,-3.560278
122.230797,-3.638890
122.341103,-3.727778
122.432701,-3.733056
122.536400,-3.876945
122.659698,-3.891945
122.626099,-3.947223
122.546700,-3.970556
122.658302,-4.006668
122.675499,-4.126390
122.709099,-4.125001
122.831100,-4.140001
122.806900,-4.094167
122.767998,-4.058057
122.800797,-4.044446
122.837196,-4.055835
122.905800,-4.220557
122.852997,-4.426391
122.837799,-4.435835
122.705498,-4.359446
122.776100,-4.450835
122.758301,-4.486390
122.684402,-4.486390
122.637199,-4.407778
122.591103,-4.393612
122.509697,-4.441945
122.426697,-4.422779
122.104698,-4.526113
122.042999,-4.655835
122.045799,-4.722779
122.127197,-4.805279
122.038002,-4.849168
121.879997,-4.853890
121.755203,-4.815556
121.707703,-4.836945
121.481102,-4.662779
121.496902,-4.498057
121.529099,-4.407224
121.555000,-4.254168
121.584396,-4.243891
121.620201,-4.156390
121.596298,-4.044756
121.361900,-3.978056
121.302696,-3.885834
121.252197,-3.868056
121.259697,-3.826112
121.024696,-3.661389
120.884102,-3.541112
120.865799,-3.448612
120.976097,-3.270834
121.066399,-3.210556
121.081596,-2.879445
121.032799,-2.820000
121.004204,-2.850000
120.978897,-2.820556
121.078903,-2.763056
121.026100,-2.672223
120.771896,-2.612501
120.581902,-2.681667
120.466904,-2.806112
120.203598,-2.961668
120.270203,-3.158611
120.424400,-3.259167
120.394997,-3.510834
120.446404,-3.710001
120.352501,-3.913612
120.361900,-4.411390
120.446899,-4.642779
120.391403,-4.826668
120.315498,-4.846945
120.266098,-5.152780
120.425797,-5.479724
120.464104,-5.618891
120.407997,-5.614722
120.349701,-5.521946
120.220802,-5.542501
120.074303,-5.590734
119.928902,-5.561668
119.784401,-5.704168
119.675301,-5.701946
119.622803,-5.618057
119.589699,-5.619446
119.568604,-5.659723
119.515800,-5.556668
119.460800,-5.566390
119.466400,-5.600557
119.429398,-5.589446
119.369698,-5.246390
119.402802,-5.130280
119.476601,-5.011668
119.523903,-4.879724
119.491600,-4.743891
119.595299,-4.566390
119.611603,-4.055834
119.647202,-3.978056
119.598000,-3.975278
119.532204,-3.867223
119.448601,-3.710001
119.515800,-3.573334
119.493896,-3.493334
119.295799,-3.426945
119.227203,-3.488334
119.010803,-3.518612
118.939400,-3.578612
118.845001,-3.387222
118.829102,-3.214723
118.760002,-3.099167
118.788597,-3.066389
118.834396,-3.076390
118.888603,-2.896667
118.873001,-2.857501
118.770798,-2.865001
118.778297,-2.689167
118.816704,-2.624723
118.879204,-2.662501
119.005798,-2.590001
119.042999,-2.511945
119.141602,-2.459723
119.135498,-2.203889
119.223000,-1.996111
119.294403,-1.957778
119.335503,-1.974445
119.369698,-1.844167
119.298599,-1.695556
119.299103,-1.429167
119.315002,-1.244167
119.493896,-0.948889
119.525299,-0.863889
119.676697,-0.743334
119.654099,-0.705556
119.726898,-0.634444
119.843102,-0.877439
119.867203,-0.813889
119.755501,-0.362222
119.801399,-0.127222
119.788597,-0.112778
119.720001,-0.127222
119.659698,-0.084722
119.622803,-0.005278
119.676697,0.024167
119.782204,-0.089722
119.843903,-0.066389
119.881599,0.053611
119.872200,0.101667
119.780800,0.202500
119.790001,0.245556
119.853600,0.264167
119.894699,0.447778
120.033897,0.521111
120.021400,0.689444
120.064697,0.742222
120.205803,0.792500
120.235802,0.831389
120.251602,0.963611
120.287201,0.989722
120.333900,0.985555
120.373001,0.847778
120.419701,0.805278
120.567497,0.773889
120.680000,0.991111
120.730003,0.973889
120.801903,1.147222
120.818298,1.291111
120.826599,1.324166
121.082199,1.326111
121.242500,1.232777
121.383904,1.247222
121.446098,1.294722
121.467499,1.281666
121.435799,1.185555
121.520203,1.080833
121.636597,1.061666
121.927200,1.098611
121.973000,1.021111
122.010002,1.020555
122.062798,1.063611
122.392998,1.007500
122.656898,0.950555
122.846802,0.815115
# Triangles
216,215,213
213,212,216
214,213,215
217,216,212
206,218,217
221,220,219
219,218,199
210,209,212
211,210,212
221,219,198
195,223,222
224,223,225
195,222,221
226,225,227
212,209,206
212,206,217
227,225,223
235,234,237
234,229,237
235,237,236
241,240,239
241,243,242
243,241,239
231,234,233
230,229,234
190,228,227
229,228,246
229,238,237
239,244,243
244,239,238
244,246,245
244,238,229
229,246,244
228,189,246
234,231,230
233,232,231
227,223,192
207,206,209
206,205,199
199,218,206
219,199,198
199,204,203
221,198,195
203,200,199
194,223,195
199,205,204
223,194,192
196,198,197
201,200,202
196,195,198
173,172,174
172,170,174
179,174,129
203,202,200
192,191,190
227,192,190
228,190,189
187,250,188
189,188,250
246,189,250
194,193,192
178,176,175
179,175,174
111,180,179
179,178,175
183,182,181
184,183,181
184,181,180
103,185,106
107,185,184
178,177,176
186,185,103
111,184,180
209,208,207
57,187,186
248,247,250
250,249,248
246,250,247
253,252,251
254,260,255
253,260,254
260,253,251
260,251,56
260,257,256
50,261,51
258,257,259
256,255,260
257,260,259
49,48,262
261,50,262
50,49,262
262,48,263
51,261,260
250,187,251
265,269,266
269,265,264
269,264,270
267,266,268
268,266,269
275,274,273
263,270,264
273,272,275
272,271,47
271,270,48
272,47,275
263,48,270
275,47,276
277,280,279
46,280,277
277,279,278
276,47,277
46,277,47
47,271,48
56,51,260
60,59,58
58,57,60
51,56,52
52,54,53
52,56,54
55,54,56
56,251,57
101,100,61
63,99,95
103,102,101
60,57,101
100,99,62
61,60,101
63,62,99
61,100,62
57,186,101
187,57,251
286,281,280
286,46,45
45,44,287
287,44,289
45,287,286
282,281,285
282,284,283
284,282,285
281,286,285
280,46,286
288,287,289
41,289,42
289,41,294
42,289,43
44,43,289
299,294,41
291,290,293
291,293,292
293,290,294
290,289,294
41,40,39
101,186,103
171,170,172
165,164,162
163,162,164
165,162,166
167,166,168
156,168,166
130,170,131
168,156,169
157,166,162
170,129,174
161,160,158
158,157,161
159,158,160
157,156,166
131,170,169
170,130,129
129,127,126
156,131,169
126,179,129
162,161,157
179,126,111
105,104,103
108,107,109
107,106,185
98,95,99
96,95,98
96,98,97
95,67,63
106,105,103
112,111,115
113,115,114
115,111,126
125,121,126
115,113,112
109,184,111
69,93,92
109,111,110
95,94,67
109,107,184
120,115,126
93,68,94
127,129,128
153,155,154
152,151,148
138,155,153
136,155,138
138,148,139
148,138,153
139,148,140
153,152,148
151,149,148
136,138,137
145,148,146
148,147,146
145,140,148
143,142,141
141,140,144
144,140,145
141,144,143
149,151,150
124,121,125
123,122,124
124,122,121
120,126,121
115,119,116
117,116,119
120,119,115
132,131,133
135,134,133
135,133,136
131,136,133
90,89,73
69,92,91
117,119,118
156,136,131
156,155,136
91,90,69
65,64,67
64,63,67
68,93,69
67,94,68
66,65,67
71,70,69
90,71,69
73,88,87
73,72,90
74,87,86
87,74,73
74,86,85
78,75,74
76,75,77
77,75,78
71,90,72
89,88,73
299,39,300
299,298,294
302,300,39
39,37,302
301,300,302
295,298,297
295,294,298
297,296,295
39,299,41
305,37,36
1,0,34
35,0,36
2,1,3
306,36,0
304,303,305
305,303,37
36,306,305
35,34,0
37,303,302
39,38,37
85,84,74
80,84,83
82,81,83
78,84,79
33,32,3
31,3,32
33,3,34
34,3,1
83,81,80
78,74,84
80,79,84
31,30,29
31,29,4
4,29,5
6,28,27
5,28,6
29,28,5
31,4,3
26,9,27
7,6,9
9,8,7
9,26,10
27,9,6
13,12,11
14,11,15
11,14,13
15,11,10
26,15,10
20,17,16
22,25,24
16,25,20
26,16,15
22,24,23
19,18,20
20,22,21
22,20,25
18,17,20
16,26,25
