# Indonesia region 13
17 14
# Outer Vertices
122.844101,-10.930000
122.822197,-10.911110
122.808296,-10.788610
122.856499,-10.759990
123.165497,-10.635000
123.230003,-10.539450
123.378601,-10.436390
123.388901,-10.481390
123.351898,-10.593890
123.407997,-10.599450
123.422997,-10.625000
123.406097,-10.682220
123.343597,-10.676110
123.082497,-10.845280
122.964699,-10.876110
122.966599,-10.911950
122.844101,-10.930000
# Triangles
1,0,14
15,14,0
1,14,3
2,1,3
13,4,3
4,13,12
14,13,3
12,11,10
12,10,8
8,10,9
5,8,7
8,5,12
7,6,5
12,5,4
