# Indonesia region 64
17 14
# Outer Vertices
108.181602,3.647499
108.094398,3.694722
108.183601,3.786944
108.206398,3.794444
108.277496,3.728888
108.243896,3.810277
108.061699,3.852201
107.973900,4.010554
108.210297,4.236110
108.239700,4.229999
108.316704,4.060555
108.393303,3.986666
108.398903,3.930555
108.360497,3.893610
108.405502,3.881388
108.324097,3.686388
108.181602,3.647499
# Triangles
1,16,2
4,3,2
2,16,4
10,8,7
10,9,8
10,7,6
13,5,4
15,14,4
4,16,15
13,4,14
10,13,11
13,10,5
12,11,13
5,10,6
