# Indonesia region 62
20 17
# Outer Vertices
97.815536,0.551944
97.702477,0.574444
97.612198,0.816944
97.477753,0.940278
97.383873,0.941111
97.396362,1.003333
97.229141,1.274722
97.059143,1.395278
97.070824,1.421944
97.235260,1.410278
97.329147,1.480833
97.334702,1.535833
97.482483,1.470000
97.677200,1.189722
97.900528,1.049444
97.936371,0.978055
97.913277,0.926389
97.886093,0.723055
97.886917,0.638889
97.815536,0.551944
# Triangles
10,6,12
3,5,4
5,13,6
8,7,9
10,9,6
12,11,10
7,6,9
13,5,3
2,1,17
18,17,1
18,1,19
2,17,16
12,6,13
14,16,15
14,13,2
2,16,14
13,3,2
