# Indonesia region 51
25 22
# Outer Vertices
123.257202,-1.626389
123.230003,-1.611389
123.122200,-1.592778
123.110001,-1.565556
123.179703,-1.511945
123.165497,-1.307222
123.093597,-1.350278
122.919998,-1.581111
122.881104,-1.595556
122.806396,-1.457222
122.822197,-1.314723
122.897499,-1.186667
123.181099,-1.146111
123.237503,-1.214167
123.195000,-1.297500
123.230499,-1.398889
123.372498,-1.225000
123.554497,-1.310586
123.531403,-1.434722
123.418297,-1.520278
123.361397,-1.514167
123.323601,-1.424445
123.292801,-1.420833
123.255203,-1.486111
123.257202,-1.626389
# Triangles
9,8,7
6,9,7
3,2,4
4,2,1
10,6,11
6,10,9
11,6,12
5,14,12
12,14,13
5,12,6
5,15,14
5,4,15
1,24,23
23,15,4
21,20,19
18,21,19
22,15,23
16,15,22
21,17,16
17,21,18
21,16,22
23,4,1
