# Indonesia region 71
283 280
# Outer Vertices
95.237343,5.569005
95.368591,5.615832
95.419418,5.653888
95.885246,5.506109
95.964142,5.383887
96.104424,5.284999
96.515808,5.209998
96.653313,5.218054
96.820534,5.278888
97.048859,5.263054
97.139977,5.224165
97.171371,5.159999
97.234421,5.154721
97.498306,5.253610
97.612762,5.135554
97.836090,4.925832
97.899979,4.900832
97.964417,4.783889
97.995796,4.540832
98.120529,4.536111
98.273323,4.430276
98.266647,4.206111
98.196091,4.127499
98.261642,4.171943
98.304977,4.075554
98.378311,4.085832
98.551651,3.998888
98.591919,3.936666
98.666092,3.921666
98.709976,3.794444
99.024406,3.642777
99.202477,3.553889
99.560257,3.239166
99.737198,3.185833
99.924973,2.976943
99.981087,2.944166
99.994713,2.803055
99.954422,2.693055
100.001602,2.601944
100.016602,2.633333
99.973587,2.705277
100.027802,2.734167
100.064697,2.717499
100.119400,2.527222
100.129700,2.555277
100.112801,2.627222
100.131897,2.683332
100.169403,2.707222
100.245003,2.656666
100.476402,2.226666
100.613602,2.124166
100.674400,2.127499
100.822502,2.028888
100.943298,1.820790
100.894402,2.021388
100.813599,2.118610
100.795303,2.195833
100.821899,2.264999
100.913597,2.296666
101.055496,2.286388
101.063904,2.219166
101.274101,2.071944
101.323601,2.004999
101.367500,1.790555
101.400299,1.727500
101.545502,1.653611
101.701599,1.674722
101.862801,1.568611
102.132202,1.376667
102.206902,1.024722
102.461098,0.771111
102.556396,0.729444
102.865196,0.731389
102.932503,0.695000
103.080498,0.515555
103.089401,0.458611
102.892799,0.340000
102.575500,0.176944
102.467201,0.232500
102.568604,0.154444
103.036598,0.350278
103.330498,0.529167
103.381401,0.533333
103.571899,0.395000
103.739700,0.281111
103.813004,0.005000
103.774696,-0.016944
103.580803,-0.009444
103.582199,-0.101111
103.271400,-0.257838
103.351097,-0.263611
103.480003,-0.214445
103.499199,-0.229445
103.438904,-0.333611
103.341599,-0.364444
103.564102,-0.408333
103.598602,-0.435556
103.536903,-0.494444
103.423897,-0.518611
103.370201,-0.450000
103.416901,-0.558334
103.384697,-0.685000
103.341599,-0.703611
103.466400,-0.764445
103.438301,-0.815834
103.510201,-0.808333
103.727501,-0.988611
103.794403,-1.010556
103.823303,-1.077778
103.861099,-1.012500
103.955002,-0.983056
104.200798,-1.078333
104.346100,-1.026111
104.376404,-1.037223
104.413300,-1.138056
104.394699,-1.215278
104.455299,-1.353889
104.460503,-1.571667
104.536102,-1.742778
104.480499,-1.892778
104.514099,-1.923611
104.534698,-1.861945
104.564102,-1.865556
104.634697,-1.925000
104.582497,-2.018334
104.636597,-1.987222
104.673599,-2.042223
104.773903,-1.998889
104.825798,-2.015556
104.871101,-2.079723
104.878601,-2.160000
104.749199,-2.339445
104.612198,-2.395556
104.708000,-2.373612
104.727203,-2.395556
104.689400,-2.585001
104.580498,-2.647501
104.539398,-2.709723
104.532501,-2.772779
104.595001,-2.670556
104.726402,-2.603612
104.766899,-2.479723
104.765503,-2.412501
104.853897,-2.294723
104.891602,-2.290001
104.915497,-2.374167
104.950500,-2.331112
105.118301,-2.382500
105.238297,-2.344167
105.541397,-2.424167
105.606400,-2.393334
105.629700,-2.418056
105.605797,-2.553056
105.639999,-2.635001
105.779701,-2.693890
105.791397,-2.858889
105.852501,-2.941668
105.988899,-2.960279
106.049103,-3.016945
106.077797,-3.238612
105.911903,-3.387778
105.822998,-3.647779
105.815300,-3.712779
105.945503,-3.808334
105.955803,-3.858334
105.818901,-4.190001
105.811096,-4.295835
105.902496,-4.457779
105.897797,-4.966668
105.860497,-5.066113
105.831100,-5.635835
105.735298,-5.893612
105.713898,-5.836945
105.598000,-5.810557
105.543800,-5.659914
105.519997,-5.683612
105.367203,-5.556112
105.286903,-5.446389
105.255501,-5.451668
105.243301,-5.566390
105.171898,-5.585557
105.216400,-5.706113
105.157501,-5.725279
105.158897,-5.748335
105.215797,-5.758613
105.145798,-5.795557
104.730499,-5.553335
104.613297,-5.487223
104.544998,-5.506391
104.525803,-5.541668
104.713600,-5.910002
104.703300,-5.931111
104.560501,-5.929724
104.537498,-5.839724
104.290001,-5.643334
104.309998,-5.601668
104.001404,-5.279724
103.967201,-5.236113
103.900002,-5.221112
103.913902,-5.143334
103.786400,-5.032779
103.727997,-5.023890
103.731400,-4.972502
103.696602,-4.952779
103.649101,-4.978057
103.619698,-4.925001
103.333298,-4.803335
103.291603,-4.728334
103.051697,-4.543057
102.916100,-4.493890
102.671402,-4.250834
102.288902,-3.960834
102.241096,-3.683889
102.210297,-3.639445
101.812202,-3.376112
101.626900,-3.246112
101.375000,-2.836945
101.313904,-2.720001
101.109703,-2.595278
100.905502,-2.319445
100.833603,-2.171668
100.883598,-2.039445
100.866402,-1.926389
100.628601,-1.500278
100.575302,-1.457778
100.566902,-1.335834
100.460800,-1.270278
100.412201,-1.277778
100.388000,-1.161945
100.373001,-1.083889
100.411499,-1.043486
100.360802,-0.999722
100.321602,-0.846667
100.019997,-0.478056
99.816650,-0.310833
99.761642,-0.064167
99.616364,0.091944
99.341087,0.234722
99.168297,0.238611
99.134140,0.266111
99.158043,0.317500
99.110809,0.345556
99.136917,0.407222
99.095810,0.604722
99.040817,0.623889
99.042213,0.755278
98.929138,1.060277
98.771637,1.479444
98.702477,1.561111
98.729713,1.566666
98.759140,1.534444
98.822197,1.621944
98.821640,1.677500
98.718033,1.761111
98.717484,1.726111
98.681641,1.737222
98.511093,1.943333
98.104713,2.183610
97.948593,2.267221
97.762192,2.265832
97.654694,2.404722
97.613586,2.821666
97.587479,2.877777
97.429138,2.923610
97.337196,3.024166
97.262756,3.216388
97.171371,3.250833
96.896088,3.645277
96.796082,3.736944
96.706093,3.755555
96.558296,3.738333
96.501373,3.755555
96.348587,3.919444
96.194427,4.116387
95.943588,4.281943
95.613312,4.625554
95.534416,4.679443
95.303589,5.097220
95.232193,5.283054
95.198593,5.283609
95.245796,5.460277
95.200813,5.529999
95.237343,5.569005
# Triangles
238,237,240
53,245,236
242,237,243
242,240,237
240,242,241
239,238,240
237,236,243
230,229,228
227,226,228
230,228,226
234,233,235
232,231,230
78,69,233
53,236,235
78,233,232
233,65,235
248,250,249
255,254,253
260,259,258
37,256,253
31,257,256
255,253,256
261,258,257
243,236,245
243,245,244
49,246,50
250,247,251
247,250,248
252,251,49
251,247,246
253,252,37
246,49,251
246,245,50
49,43,252
230,226,225
221,220,219
219,218,221
222,221,217
225,224,223
78,230,225
223,79,225
221,218,217
216,214,104
138,213,212
214,213,108
217,216,104
233,69,65
222,217,102
216,215,214
222,79,223
212,211,210
67,69,68
60,55,54
52,50,53
58,55,60
51,50,52
56,58,57
58,56,55
54,53,61
50,245,53
65,64,53
67,66,65
65,69,67
60,59,58
53,62,61
61,60,54
62,53,63
63,53,64
235,65,53
78,232,230
269,273,272
272,271,269
274,273,6
4,277,276
5,275,274
275,5,276
270,269,271
265,264,262
263,262,264
22,267,265
11,269,268
266,265,267
18,268,267
12,268,18
273,269,11
265,262,22
15,14,12
279,278,280
278,277,3
278,1,280
4,3,277
281,280,282
1,3,2
282,280,1
278,3,1
6,273,7
7,11,8
274,6,5
7,273,11
9,8,11
10,9,11
12,14,13
4,276,5
268,12,11
31,256,32
256,37,32
38,37,252
34,33,32
261,260,258
34,36,35
37,34,32
36,34,37
43,39,38
39,43,42
44,43,48
45,44,48
41,39,42
46,48,47
48,46,45
43,49,48
39,41,40
252,43,38
23,22,24
22,21,19
19,21,20
16,15,17
18,17,15
19,18,22
12,18,15
18,267,22
261,257,29
257,30,29
29,24,262
25,24,26
27,26,24
28,27,29
24,29,27
22,262,24
257,31,30
29,262,261
199,197,196
195,194,193
187,199,196
201,200,202
199,198,197
202,200,199
196,195,188
193,192,190
191,190,192
189,188,195
193,190,189
186,178,187
166,199,187
188,187,196
193,189,195
199,166,202
205,204,203
205,203,138
207,205,138
210,209,208
207,206,205
138,208,207
138,210,208
203,202,138
137,213,138
138,140,139
137,136,132
135,132,136
135,134,132
140,145,141
141,145,142
138,202,165
119,213,137
138,155,140
119,137,132
185,182,186
183,182,185
185,184,183
182,181,180
180,179,178
166,178,177
178,166,187
182,180,186
172,171,170
174,173,172
176,174,169
174,176,175
168,177,169
170,169,174
174,172,170
169,177,176
166,177,168
161,138,162
153,140,155
162,165,164
138,165,162
138,161,155
149,152,151
153,152,147
154,153,155
140,153,147
148,152,149
166,165,202
164,163,162
156,160,159
156,155,160
156,158,157
158,156,159
160,155,161
166,168,167
178,186,180
150,149,151
102,101,100
102,104,103
102,100,99
89,94,90
89,102,94
95,99,97
94,93,90
102,99,94
99,98,97
102,89,79
106,105,104
104,108,106
90,93,91
97,96,95
94,99,95
102,79,222
92,91,93
225,79,78
77,76,78
78,76,71
70,78,71
76,73,72
72,71,76
74,73,76
89,80,79
78,70,69
83,80,87
88,87,89
87,86,84
87,84,83
75,74,76
81,83,82
83,81,80
80,89,87
104,102,217
132,131,126
126,124,132
133,132,134
129,127,126
124,123,120
126,125,124
127,129,128
126,131,130
124,119,132
146,145,147
142,145,143
148,147,152
140,147,145
126,130,129
144,143,145
110,108,111
111,108,117
114,113,112
112,111,114
110,109,108
86,85,84
108,107,106
120,119,124
122,121,120
120,123,122
115,114,111
116,115,111
118,117,119
117,116,111
117,108,119
108,104,214
119,108,213
210,138,212
