# Indonesia region 33
19 16
# Outer Vertices
96.336090,2.351388
96.071640,2.570555
95.972198,2.608055
95.883873,2.616944
95.818863,2.654722
95.732483,2.757222
95.695534,2.780555
95.696907,2.818888
95.792213,2.938611
95.900253,2.878611
95.923027,2.842222
96.113586,2.744444
96.095543,2.656666
96.154419,2.688333
96.376648,2.471944
96.425812,2.504722
96.483582,2.377500
96.457367,2.354819
96.336090,2.351388
# Triangles
10,5,4
4,3,10
2,10,3
6,5,7
5,8,7
5,9,8
10,9,5
2,11,10
0,14,1
14,0,17
17,16,14
14,16,15
12,11,2
12,1,13
13,1,14
12,2,1
