# Indonesia region 12
17 14
# Outer Vertices
136.234695,-1.907222
136.202499,-1.863334
135.902496,-1.773056
135.661896,-1.692222
135.486298,-1.683889
135.417999,-1.610000
135.505203,-1.599919
135.898300,-1.644167
136.282700,-1.686111
136.404694,-1.729167
136.803604,-1.747500
136.899399,-1.789444
136.874100,-1.824445
136.538300,-1.868333
136.545807,-1.903056
136.291595,-1.879167
136.234695,-1.907222
# Triangles
7,3,2
1,16,15
8,7,2
5,4,6
6,4,3
3,7,6
2,1,8
9,15,13
13,15,14
10,13,12
9,8,15
10,9,13
12,11,10
15,8,1
