# Indonesia region 46
33 30
# Outer Vertices
131.300201,-8.028614
131.301605,-7.950002
131.263901,-7.960279
131.247498,-8.005003
131.132996,-8.011669
131.108902,-7.981112
131.082993,-7.861113
131.153595,-7.743612
131.120499,-7.735279
131.116302,-7.697501
131.139694,-7.682501
131.181595,-7.716391
131.245193,-7.711668
131.179398,-7.662778
131.237701,-7.488335
131.322205,-7.421668
131.389999,-7.394445
131.393295,-7.348889
131.467499,-7.276946
131.617996,-7.121113
131.649002,-7.116940
131.648804,-7.168890
131.707199,-7.136668
131.742706,-7.207501
131.646896,-7.242779
131.657196,-7.344168
131.678299,-7.461668
131.572205,-7.704168
131.468796,-7.764724
131.430206,-7.821668
131.376907,-7.863891
131.334396,-8.008890
131.300201,-8.028614
# Triangles
2,6,5
2,7,6
5,4,2
7,2,12
12,1,30
3,2,4
12,2,1
9,8,10
8,7,10
12,14,13
10,7,11
15,14,12
15,12,28
7,12,11
1,32,31
12,30,29
16,18,17
15,28,16
1,31,30
28,12,29
26,16,27
27,16,28
25,16,26
18,24,21
24,18,25
19,21,20
21,19,18
24,23,21
22,21,23
18,16,25
