# Indonesia region 69
19 16
# Outer Vertices
136.127197,-1.225556
136.026306,-1.175000
135.903000,-1.194167
135.834396,-1.138611
135.766098,-0.843889
135.740494,-0.821389
135.659103,-0.896111
135.428299,-0.770000
135.369095,-0.671389
135.377396,-0.635834
135.461197,-0.662521
135.761093,-0.751389
135.833801,-0.702222
135.902496,-0.735000
136.225800,-1.057778
136.267502,-1.047500
136.385498,-1.111945
136.269699,-1.196945
136.127197,-1.225556
# Triangles
10,7,6
5,4,11
10,6,5
9,8,10
10,8,7
13,12,11
5,11,10
11,4,13
2,1,3
1,0,14
14,0,17
3,13,4
3,1,13
17,15,14
13,1,14
16,15,17
