# Indonesia region 34
19 16
# Outer Vertices
104.934097,-0.333611
104.773003,-0.261667
104.735298,-0.216945
104.677696,-0.211667
104.536598,-0.273333
104.440804,-0.221111
104.432503,-0.184167
104.506599,-0.121111
104.562798,0.021389
104.614700,-0.005514
104.676399,-0.060000
104.717499,-0.117778
104.758598,-0.186944
104.815498,-0.195833
104.838303,-0.136111
105.008003,-0.280000
104.977997,-0.289722
104.921700,-0.280000
104.934097,-0.333611
# Triangles
7,6,5
7,5,4
7,4,3
8,7,9
7,10,9
7,3,10
3,11,10
3,12,11
18,17,1
16,15,17
17,15,14
2,12,3
12,2,1
13,1,17
14,13,17
13,12,1
