# Indonesia region 60
36 33
# Outer Vertices
130.797699,-0.448611
130.737503,-0.447222
130.679398,-0.348056
130.688797,-0.305556
130.590805,-0.322500
130.553299,-0.436945
130.517700,-0.254722
130.319397,-0.270556
130.215195,-0.211667
130.256302,-0.207500
130.391403,-0.220556
130.431107,-0.191667
130.340805,-0.143611
130.348801,-0.188889
130.277695,-0.146389
130.276306,-0.110833
130.337997,-0.083333
130.457199,-0.088889
130.639694,-0.051111
130.824600,-0.008531
131.155502,-0.086111
131.311096,-0.197778
131.300201,-0.247222
131.342697,-0.293889
131.251297,-0.390278
131.098007,-0.321111
130.990494,-0.365833
130.907394,-0.306944
130.876099,-0.250556
130.799103,-0.242222
130.710205,-0.097222
130.619095,-0.084167
130.738297,-0.288889
130.916397,-0.319167
130.932693,-0.386389
130.797699,-0.448611
# Triangles
7,10,9
10,7,6
9,8,7
3,31,6
4,6,5
3,6,4
10,6,11
14,12,15
12,14,13
16,15,12
12,17,16
11,17,12
17,31,18
17,11,6
30,18,31
6,31,17
2,32,3
35,33,32
1,35,32
32,2,1
26,25,27
24,22,25
34,33,35
27,25,28
30,19,18
19,30,29
29,28,19
22,20,25
20,22,21
20,28,25
28,20,19
23,22,24
32,31,3
