# Indonesia region 17
49 46
# Outer Vertices
124.461601,-9.182196
124.773003,-9.037781
125.093002,-8.798615
125.106102,-8.691114
125.136902,-8.640280
125.229401,-8.609726
125.757797,-8.511393
125.926399,-8.485836
126.044098,-8.525003
126.231903,-8.499170
126.358902,-8.427504
126.563004,-8.486391
126.976097,-8.315002
127.106400,-8.366392
127.201599,-8.333059
127.303001,-8.395559
127.304398,-8.433615
127.015297,-8.682781
126.645203,-8.781948
126.461601,-8.955002
126.153297,-8.990280
125.998299,-9.088337
125.529404,-9.229725
125.096001,-9.460934
124.992203,-9.548336
124.975800,-9.657780
124.809402,-9.794170
124.649101,-9.954168
124.492798,-10.117500
124.405800,-10.174170
124.106400,-10.182780
124.073303,-10.238340
123.804703,-10.375840
123.658897,-10.353610
123.466904,-10.363060
123.495796,-10.232230
123.565002,-10.188340
123.758301,-10.088610
123.757500,-10.054170
123.646400,-10.026950
123.598602,-10.059450
123.576599,-10.033890
123.578598,-9.937225
123.657997,-9.880558
123.674698,-9.629448
123.926697,-9.405003
124.150803,-9.301670
124.190002,-9.258337
124.461601,-9.182196
# Triangles
34,33,35
35,33,36
36,33,37
37,32,31
37,31,30
30,45,38
28,30,29
30,38,37
32,37,33
46,30,28
41,39,42
41,40,39
42,39,43
43,45,44
45,43,38
39,38,43
0,46,27
46,45,30
0,27,26
0,47,46
24,1,0
0,26,24
28,27,46
23,2,1
23,1,24
3,5,4
3,2,5
2,23,22
26,25,24
6,22,21
8,21,20
18,9,19
20,19,9
22,5,2
11,18,17
22,6,5
8,7,21
21,7,6
10,9,11
20,9,8
17,13,12
18,11,9
14,16,15
12,11,17
14,13,16
16,13,17
