# Indonesia region 39
24 21
# Outer Vertices
127.753899,-0.888611
127.655800,-0.830278
127.645500,-0.766667
127.572998,-0.778333
127.480499,-0.822778
127.453903,-0.809722
127.433899,-0.747500
127.470802,-0.653611
127.303596,-0.519167
127.288597,-0.458889
127.324097,-0.412222
127.318001,-0.344445
127.367996,-0.328889
127.433296,-0.414445
127.455299,-0.415833
127.531403,-0.310308
127.598297,-0.358889
127.681900,-0.463056
127.603897,-0.609722
127.651901,-0.708333
127.831902,-0.710556
127.896400,-0.776111
127.841599,-0.853056
127.753899,-0.888611
# Triangles
6,3,7
3,6,4
4,6,5
8,7,13
9,8,10
11,10,12
13,12,10
10,8,13
7,14,13
7,18,14
2,1,23
3,2,19
20,23,22
23,20,2
20,22,21
14,16,15
18,17,14
14,17,16
20,19,2
18,3,19
18,7,3
