# Indonesia region 63
379 376
# Outer Vertices
141.007401,-2.607778
141.006104,-3.277778
141.006104,-3.947778
141.006104,-4.617500
141.006104,-5.286668
141.006104,-5.955000
141.006195,-6.333089
140.951294,-6.372500
140.948502,-6.435833
140.897995,-6.596667
140.849899,-6.616945
140.900497,-6.851111
141.006195,-6.893421
141.006104,-7.559445
141.006897,-8.224724
141.006897,-8.888891
141.008301,-9.128336
140.841599,-9.046392
140.533295,-8.687500
140.360001,-8.492502
140.051605,-8.268892
139.965195,-8.152225
140.001602,-8.100002
140.050797,-8.087780
140.067993,-8.043613
140.048294,-7.988612
140.065201,-7.944446
140.126907,-7.945834
140.149704,-7.886946
140.054398,-7.924168
140.039902,-8.054447
139.950195,-8.108059
139.620499,-8.125000
139.423798,-8.202225
139.336899,-8.204447
139.250504,-8.140558
139.220505,-7.986667
139.227997,-8.078335
138.973602,-8.220558
138.946396,-8.288612
138.911896,-8.300003
138.839996,-8.160833
138.843597,-8.111391
138.918304,-8.083614
138.907196,-7.926112
138.994995,-7.863891
139.051102,-7.641112
139.095505,-7.583335
139.072998,-7.539168
138.955200,-7.517502
138.890793,-7.370002
138.738602,-7.248890
138.672699,-7.225835
138.663300,-7.198612
138.928604,-7.201946
139.024399,-7.250279
139.175797,-7.238891
139.238800,-7.158612
139.210800,-7.149723
139.153305,-7.208057
139.042206,-7.213612
138.760498,-7.117779
138.571396,-6.951113
138.561905,-6.908891
138.598007,-6.878335
138.912704,-6.843613
139.186905,-6.973613
138.748795,-6.748889
138.688599,-6.727222
138.666595,-6.655001
138.705002,-6.646945
138.828293,-6.708334
138.466599,-6.402500
138.397995,-6.273056
138.327499,-6.030001
138.279404,-5.878613
138.393799,-5.851946
138.367203,-5.837779
138.303604,-5.856112
138.206894,-5.829445
138.158798,-5.775002
138.358307,-5.680278
138.230194,-5.683612
138.089096,-5.739446
138.068604,-5.727223
138.052704,-5.599724
138.073303,-5.438057
138.022507,-5.433890
138.036896,-5.478334
138.014999,-5.490557
137.906097,-5.387502
137.917694,-5.328335
137.849106,-5.371946
137.779999,-5.319446
137.807999,-5.255835
137.750000,-5.280557
137.580505,-5.149445
137.570206,-5.116113
137.527206,-5.155002
137.273605,-5.020557
137.282394,-4.939168
137.225494,-4.973890
137.218796,-5.010834
137.153595,-4.983613
137.087204,-4.968612
137.098801,-4.894723
137.015198,-4.952224
136.947403,-4.921391
136.978302,-4.874445
136.832199,-4.931112
136.437393,-4.714446
136.037399,-4.595000
135.938004,-4.502779
135.389694,-4.440556
135.244400,-4.468056
134.962708,-4.324446
134.890198,-4.260279
134.814896,-4.259446
134.648804,-4.129724
134.643600,-4.105001
134.690796,-4.063334
134.683304,-3.955278
134.749695,-3.943890
134.924393,-3.953334
134.713303,-3.916389
134.627701,-3.947222
134.599701,-4.008889
134.521606,-4.026390
134.353607,-3.898612
134.361099,-3.940279
134.306305,-3.945834
134.340500,-3.997778
134.317398,-4.022500
134.132996,-3.900834
134.193802,-3.835834
134.141403,-3.758611
134.126099,-3.807778
134.090500,-3.826945
134.045197,-3.796945
133.985001,-3.859723
133.947998,-3.822778
133.837708,-3.590834
133.798599,-3.606668
133.827499,-3.726945
133.697693,-3.673056
133.706604,-3.609445
133.637497,-3.491667
133.638306,-3.462501
133.695801,-3.423334
133.712997,-3.192779
133.768600,-3.193612
133.848602,-3.088056
133.915802,-3.130556
133.910202,-3.085556
133.861603,-3.051945
133.875198,-2.950556
133.824707,-2.923334
133.803299,-3.023890
133.731400,-3.050556
133.658798,-3.136667
133.661606,-3.368056
133.641098,-3.413056
133.557495,-3.439167
133.513596,-3.380279
133.485504,-3.442500
133.557495,-3.470556
133.589706,-3.534167
133.577194,-3.580556
133.409897,-3.716111
133.403793,-3.787223
133.452499,-3.855000
133.251099,-4.069723
132.990799,-4.117501
132.909698,-4.096946
132.784393,-3.843334
132.724701,-3.662223
132.736298,-3.632779
132.868607,-3.650556
132.926300,-3.563056
132.811905,-3.402223
132.819901,-3.307778
132.787704,-3.271389
132.733597,-3.281112
132.729706,-3.337223
132.706299,-3.346945
132.598007,-3.241390
132.632996,-3.213334
132.458298,-3.038889
132.194901,-2.921945
132.089706,-2.968334
131.990204,-2.919168
132.021103,-2.867223
132.044403,-2.799445
131.959396,-2.792500
131.996307,-2.762500
132.131302,-2.721945
132.106094,-2.715834
132.194901,-2.680278
132.421402,-2.698890
132.421402,-2.746667
132.563797,-2.715279
132.705002,-2.814445
132.789902,-2.773334
133.128296,-2.441390
133.238800,-2.416112
133.309402,-2.448056
133.389404,-2.528334
133.402496,-2.649445
133.434692,-2.503612
133.456604,-2.505000
133.451096,-2.646112
133.474396,-2.574167
133.473007,-2.522223
133.517700,-2.588612
133.633606,-2.545556
133.676605,-2.577501
133.678604,-2.718056
133.704697,-2.518612
133.730804,-2.515834
133.806107,-2.655556
133.819107,-2.615279
133.814896,-2.478889
133.747192,-2.470000
133.758896,-2.429723
133.907394,-2.478334
133.860199,-2.417500
133.998001,-2.405834
133.950806,-2.394167
133.895798,-2.380556
133.958801,-2.332501
133.869095,-2.341389
133.939102,-2.311111
133.957504,-2.228333
133.945206,-2.239445
133.936295,-2.271667
133.826599,-2.301667
133.788300,-2.264167
133.878006,-2.197501
133.932205,-2.134723
133.866302,-2.110001
133.600494,-2.239445
133.247696,-2.223612
133.023605,-2.251667
132.936600,-2.285278
132.820801,-2.247501
132.689896,-2.308612
132.591904,-2.194168
132.456100,-2.220278
132.343002,-2.271667
132.296600,-2.267501
132.134094,-2.139445
132.042999,-2.087501
132.095795,-2.013334
132.026596,-2.022223
131.936096,-1.888056
131.967499,-1.768889
132.025208,-1.683333
131.911896,-1.711389
131.882401,-1.642223
131.896301,-1.600278
131.973007,-1.560556
131.952499,-1.551111
131.805206,-1.607778
131.790802,-1.581111
131.789398,-1.512778
131.781906,-1.553056
131.729095,-1.582500
131.705200,-1.565556
131.716599,-1.514167
131.638596,-1.530556
131.510498,-1.470834
131.439102,-1.507778
131.287704,-1.383889
131.336304,-1.450278
131.287704,-1.498333
131.196106,-1.517500
131.179398,-1.479167
131.093796,-1.448334
130.977997,-1.457222
130.946594,-1.440834
130.947998,-1.414723
131.026596,-1.314723
131.056107,-1.246945
131.170502,-1.224167
131.252701,-1.087223
131.241898,-0.851667
131.328293,-0.799445
131.516098,-0.733611
131.525497,-0.763889
131.512497,-0.789167
131.863297,-0.698056
132.151901,-0.437778
132.422699,-0.346667
132.762497,-0.389722
132.925507,-0.459722
132.975494,-0.446667
133.033798,-0.502222
133.233902,-0.591111
133.402496,-0.729722
133.748596,-0.757778
133.801300,-0.725556
133.874100,-0.739167
133.984406,-0.730278
134.172699,-0.869444
134.121902,-0.887222
134.071899,-0.891945
134.028793,-0.965278
134.268600,-1.373056
134.226303,-1.479722
134.189102,-1.592223
134.089996,-1.670833
134.152206,-2.046112
134.128296,-2.060556
134.159698,-2.319445
134.392197,-2.693890
134.462006,-2.862001
134.511398,-2.851389
134.527695,-2.833611
134.470200,-2.578334
134.488602,-2.521389
134.537994,-2.469445
134.636093,-2.513889
134.657196,-2.661112
134.696899,-2.967778
134.727707,-2.991667
134.800507,-2.960278
134.822998,-2.907501
134.853302,-2.904723
134.853897,-3.010834
134.812698,-3.116112
134.876602,-3.248889
134.937393,-3.256390
134.990799,-3.333889
135.336304,-3.393889
135.491898,-3.358334
135.555496,-3.305000
135.602203,-3.205278
135.763901,-3.120278
135.740494,-3.073889
135.903793,-2.993889
135.938004,-2.938889
135.954407,-2.786945
136.142197,-2.649445
136.231903,-2.601389
136.282700,-2.522223
136.286102,-2.447501
136.342194,-2.366667
136.334702,-2.279723
136.409393,-2.217501
136.533600,-2.194168
136.538803,-2.235279
136.748596,-2.253056
137.063797,-2.110556
137.227707,-2.078611
137.199203,-1.954592
137.104904,-1.898334
137.120804,-1.803056
137.559402,-1.583334
137.845795,-1.474445
137.929398,-1.488056
138.055496,-1.603889
138.557693,-1.772222
138.641403,-1.784722
138.843597,-1.953889
139.153793,-2.050279
139.602707,-2.272223
139.810196,-2.368056
140.063797,-2.360556
140.153000,-2.323612
140.309998,-2.450278
140.370193,-2.451667
140.364105,-2.403612
140.707504,-2.483890
140.741592,-2.505001
140.743607,-2.548056
140.699997,-2.607779
140.724396,-2.636390
140.823898,-2.609723
141.007401,-2.607778
# Triangles
175,177,176
180,179,178
186,185,182
182,184,183
185,184,182
202,181,180
182,181,186
201,186,181
174,177,175
177,174,172
171,177,172
170,169,171
167,164,168
169,177,171
178,169,168
169,178,177
168,164,178
164,163,180
163,159,207
164,167,165
164,180,178
172,174,173
163,207,180
191,190,189
191,188,192
188,191,189
192,188,195
193,192,194
195,194,192
196,195,197
197,199,198
197,195,188
199,197,188
188,187,199
187,201,200
187,186,201
187,200,199
202,201,181
180,207,202
207,159,210
207,203,202
208,207,210
206,205,207
212,211,213
213,211,210
208,210,209
213,210,216
163,162,161
145,144,142
143,142,144
145,142,148
146,148,147
146,145,148
150,148,141
141,148,142
140,138,141
133,132,130
130,132,131
134,133,130
129,128,130
330,135,128
134,130,128
138,137,136
139,138,140
135,134,128
136,135,138
138,135,141
141,135,152
329,315,135
160,159,163
148,150,149
159,158,210
158,216,210
213,215,214
213,216,215
219,217,216
217,219,218
157,156,158
156,216,158
161,160,163
154,153,155
153,152,315
155,153,315
151,150,152
156,155,219
220,219,314
224,221,220
314,219,155
224,220,314
155,315,314
152,150,141
156,219,216
135,315,152
166,165,167
259,258,256
256,258,257
262,261,263
267,266,268
266,265,268
264,263,261
250,249,247
252,251,250
250,247,252
248,247,249
246,252,247
259,256,260
261,260,290
255,252,256
255,254,252
256,252,246
254,253,252
260,293,291
296,260,256
279,278,280
281,280,278
272,277,276
272,276,274
275,274,276
281,278,277
281,283,282
281,277,283
286,285,284
272,284,283
270,284,272
277,272,283
274,273,272
289,286,284
272,271,270
289,270,268
264,268,265
270,289,284
269,268,270
289,268,264
289,288,287
289,287,286
260,291,290
290,264,261
289,264,290
293,292,291
256,246,298
204,203,205
205,203,207
244,243,242
298,244,242
237,236,235
222,221,223
244,298,246
224,226,225
224,314,226
229,228,227
224,223,221
229,227,226
232,231,229
234,237,235
232,229,313
313,229,226
232,313,312
230,229,231
233,237,234
314,313,226
233,232,237
299,298,306
241,310,298
296,256,298
240,310,241
310,240,239
299,306,301
300,299,301
260,294,293
295,294,296
260,296,294
298,297,296
241,298,242
312,310,239
238,237,232
310,312,311
310,306,298
309,308,310
310,308,306
301,305,302
301,306,305
302,305,304
304,303,302
306,308,307
238,312,239
232,312,238
244,246,245
64,63,62
53,52,51
64,62,61
72,76,73
69,68,70
67,70,68
54,53,51
43,42,41
41,38,43
44,43,45
40,38,41
65,64,61
67,71,70
55,54,50
60,65,61
50,54,51
5,76,71
40,39,38
76,72,71
90,89,87
89,88,87
90,87,91
96,95,94
92,94,93
94,92,91
365,94,91
97,96,94
87,86,91
81,80,79
76,74,73
77,76,81
76,75,74
81,78,77
85,82,86
85,83,82
85,84,83
81,79,78
82,81,86
2,86,81
81,76,4
366,91,86
67,66,71
33,36,35
33,35,34
36,43,37
36,33,32
32,47,36
29,32,31
22,21,23
36,45,43
14,19,18
24,20,19
17,16,15
17,15,18
15,14,18
26,25,27
31,30,29
20,24,23
19,27,24
28,19,14
24,27,25
27,19,28
23,21,20
55,49,48
49,55,50
46,45,36
55,48,56
47,46,36
56,48,47
60,59,58
66,58,57
58,66,60
66,57,10
56,47,57
66,65,60
47,29,57
11,57,28
57,11,10
66,10,7
11,13,12
13,11,28
14,13,28
8,7,10
5,66,7
6,5,7
5,4,76
9,8,10
57,29,28
32,29,47
5,71,66
38,37,43
3,81,4
118,117,120
122,120,123
118,120,119
125,124,128
330,124,332
330,128,124
120,122,121
125,127,126
123,120,117
135,330,329
115,123,116
114,123,115
335,112,337
113,123,114
334,113,112
332,331,330
332,123,333
124,123,332
333,123,113
333,113,334
112,335,334
339,112,110
123,117,116
324,323,329
328,325,324
327,326,325
329,328,324
328,327,325
316,315,323
317,322,318
317,316,323
322,321,318
319,321,320
319,318,321
317,323,322
315,329,323
339,337,112
340,339,110
339,338,337
336,335,337
340,342,341
342,340,343
344,346,345
344,343,351
340,110,343
110,112,111
128,127,125
103,105,104
102,101,103
101,105,103
108,110,109
106,108,107
106,105,108
105,351,108
108,351,343
100,105,101
100,353,105
99,97,100
376,1,377
91,366,365
1,376,369
366,86,2
1,366,2
81,3,2
377,1,0
370,375,372
375,370,376
372,375,374
370,372,371
374,373,372
100,97,363
97,99,98
376,370,369
348,350,349
350,348,346
346,348,347
350,346,344
352,351,353
350,344,351
355,354,356
356,354,357
357,360,358
360,357,353
353,357,354
105,353,351
97,364,363
367,366,369
369,368,367
364,94,365
360,359,358
360,353,361
363,362,361
353,100,363
353,363,361
364,97,94
1,369,366
343,110,108
