# Indonesia region 70
77 74
# Outer Vertices
128.010101,1.432396
127.971100,1.276666
127.768303,1.085000
127.653900,1.020000
127.628601,0.923333
127.779999,0.801944
127.840797,0.801389
127.916901,0.855278
127.970497,1.060833
128.068604,1.121944
128.146606,1.117777
128.189697,1.170555
128.190506,1.213611
128.095795,1.238333
128.188293,1.378055
128.407700,1.522777
128.627701,1.577500
128.707199,1.571944
128.693298,1.511666
128.678299,1.465000
128.747498,1.360277
128.703598,1.069722
128.302200,0.894444
128.211105,0.803333
128.234406,0.733333
128.348801,0.647222
128.673599,0.558055
128.682999,0.345556
128.862701,0.271667
128.901505,0.201092
128.718796,0.283333
128.546097,0.318889
128.458298,0.395555
128.213806,0.403055
127.998596,0.473611
127.923302,0.455833
127.876602,0.310555
127.923897,0.142778
127.883301,0.073611
127.892998,-0.031944
128.091599,-0.506111
128.394699,-0.874722
128.441299,-0.909167
128.271896,-0.880278
128.230194,-0.853611
128.270493,-0.828333
128.129395,-0.749445
128.037704,-0.711111
127.864197,-0.384167
127.662804,-0.213611
127.701103,0.062500
127.675797,0.112500
127.719704,0.288056
127.710800,0.325833
127.573601,0.407222
127.522202,0.598333
127.619698,0.821944
127.579102,0.860833
127.498901,0.890278
127.490799,1.049444
127.403900,1.036389
127.397499,1.079444
127.429703,1.122500
127.399696,1.206944
127.528603,1.448055
127.567497,1.736389
127.860001,2.105555
127.948601,2.193888
128.054703,2.195277
128.048599,2.146666
127.850502,1.911111
127.849098,1.826111
127.988297,1.755555
128.016907,1.695277
127.996399,1.621388
128.038300,1.526111
128.010101,1.432396
# Triangles
51,37,52
38,51,50
49,39,50
35,55,54
5,56,55
54,53,35
4,57,56
53,52,36
36,35,53
38,37,51
38,50,39
37,36,52
6,5,35
6,34,7
34,6,35
8,7,23
55,35,5
4,56,5
40,39,48
49,48,39
60,59,61
58,4,59
4,58,57
3,62,59
62,2,63
74,65,64
2,64,63
61,59,62
3,59,4
1,64,2
64,1,76
76,74,64
65,74,71
70,65,71
66,69,67
70,69,66
71,74,72
66,65,70
74,73,72
3,2,62
24,7,34
45,41,40
43,45,44
46,45,40
40,47,46
7,24,23
24,34,33
25,24,33
23,10,8
45,43,41
42,41,43
30,29,28
30,28,27
25,32,26
25,33,32
31,27,26
27,31,30
31,26,32
13,12,14
10,9,8
75,74,76
69,68,67
12,11,21
12,21,15
21,11,22
11,10,22
15,21,20
16,15,19
18,17,16
18,16,19
15,20,19
12,15,14
23,22,10
48,47,40
