# Indonesia region 47
23 20
# Outer Vertices
126.688301,-3.835834
126.236603,-3.614167
126.178596,-3.597222
126.017502,-3.354445
126.009102,-3.177779
126.070801,-3.116112
126.129700,-3.123338
126.177200,-3.172223
126.212196,-3.175834
126.281403,-3.108056
126.729401,-3.058612
126.834999,-3.076389
127.096603,-3.206667
127.116600,-3.269444
127.050797,-3.266667
127.052200,-3.328333
127.091904,-3.370001
127.256401,-3.370001
127.239197,-3.606668
127.214699,-3.657223
127.025497,-3.696945
126.921898,-3.775000
126.688301,-3.835834
# Triangles
7,4,3
1,8,2
3,2,8
10,1,22
4,6,5
6,4,7
1,9,8
9,1,10
7,3,8
22,15,10
15,21,20
20,18,16
18,20,19
16,18,17
15,20,16
11,15,14
11,10,15
11,14,12
13,12,14
15,22,21
