# Indonesia region 5
25 22
# Outer Vertices
115.126099,-8.854170
115.093903,-8.838058
115.124702,-8.796669
115.173302,-8.776390
115.177498,-8.716669
115.076103,-8.592226
114.891602,-8.449724
114.718300,-8.396114
114.602501,-8.390280
114.468002,-8.209723
114.445503,-8.104725
114.478104,-8.090599
114.847198,-8.191389
115.000504,-8.186113
115.153297,-8.063335
115.356102,-8.112225
115.590500,-8.253891
115.709099,-8.360281
115.711899,-8.399725
115.615196,-8.493893
115.335800,-8.616392
115.208900,-8.735003
115.242500,-8.802225
115.209702,-8.844725
115.126099,-8.854170
# Triangles
6,5,13
7,6,12
1,0,2
2,0,3
13,5,15
10,9,11
11,9,12
7,12,8
12,6,13
8,12,9
3,21,4
21,3,22
4,21,20
20,5,4
22,3,23
3,0,23
15,5,20
20,16,15
14,13,15
19,18,17
19,17,16
19,16,20
