# Indonesia region 31
70 67
# Outer Vertices
121.023300,-8.949724
120.869698,-8.880558
120.834999,-8.820280
120.780800,-8.823893
120.762199,-8.873337
120.653297,-8.847504
120.582703,-8.795280
120.255798,-8.831947
120.161903,-8.769726
119.936401,-8.833891
119.932999,-8.869724
119.903000,-8.868336
119.803596,-8.750559
119.797501,-8.581947
119.879700,-8.493893
119.864403,-8.421947
119.991898,-8.446390
120.030296,-8.385557
120.108597,-8.400280
120.199699,-8.301947
120.276604,-8.269567
120.376404,-8.277502
120.425003,-8.230837
120.465500,-8.279724
120.631897,-8.247780
120.727203,-8.329725
120.973900,-8.336670
121.098000,-8.423336
121.272797,-8.468891
121.400803,-8.586670
121.478897,-8.571947
121.511101,-8.607780
121.620201,-8.470003
121.683296,-8.515003
122.012199,-8.431393
122.031898,-8.463337
122.019699,-8.504169
122.253304,-8.639448
122.468597,-8.605558
122.508904,-8.557503
122.478897,-8.498058
122.606102,-8.391668
122.768600,-8.356947
122.950798,-8.211946
122.891899,-8.183334
122.752800,-8.234169
122.755501,-8.201670
122.845299,-8.080835
122.904404,-8.102503
122.978302,-8.145281
123.031601,-8.306114
122.989998,-8.352781
122.936699,-8.336670
122.894699,-8.390280
122.901604,-8.449169
122.883904,-8.465281
122.810501,-8.429447
122.794701,-8.461391
122.852997,-8.566948
122.844704,-8.593615
122.373901,-8.754169
122.125801,-8.732500
121.782501,-8.888891
121.619400,-8.841948
121.396103,-8.798613
121.372200,-8.807503
121.374199,-8.884169
121.318604,-8.924725
121.198601,-8.892780
121.023300,-8.949724
# Triangles
9,11,10
6,5,3
9,8,14
8,7,21
6,21,7
5,4,3
11,9,12
69,68,2
68,67,65
65,67,66
6,3,25
28,68,65
27,2,68
2,1,69
25,3,2
28,65,29
12,9,13
14,16,15
13,9,14
16,14,8
21,19,18
16,18,17
8,18,16
25,2,26
6,25,23
23,21,6
20,19,21
23,22,21
24,23,25
8,21,18
27,26,2
68,28,27
65,64,29
29,31,30
29,64,31
31,63,33
64,63,31
33,63,62
32,31,33
62,36,33
36,34,33
62,61,36
61,37,36
37,61,60
60,38,37
38,60,59
41,40,39
57,59,58
59,57,39
39,38,59
35,34,36
39,57,41
56,42,57
46,44,47
45,44,46
43,42,52
41,57,42
42,56,53
53,56,55
52,51,50
44,48,47
48,44,49
43,50,49
43,49,44
52,50,43
52,42,53
54,53,55
