# Indonesia region 27
17 14
# Outer Vertices
124.365196,-8.460558
124.335800,-8.428059
124.445503,-8.281115
124.543602,-8.235558
124.487999,-8.238337
124.413300,-8.279726
124.393303,-8.253057
124.475098,-8.135918
124.577797,-8.135836
124.587196,-8.199722
125.084702,-8.154726
125.135498,-8.227503
125.139702,-8.329170
125.078598,-8.363611
124.528297,-8.443058
124.494102,-8.430836
124.365196,-8.460558
# Triangles
1,16,15
15,2,1
7,4,3
4,7,6
4,6,5
2,15,3
14,3,15
9,3,14
9,14,13
11,13,12
9,8,3
10,9,13
13,11,10
3,8,7
