# Indonesia region 16
25 22
# Outer Vertices
120.464104,-10.315840
120.278297,-10.246390
120.164703,-10.231390
119.837799,-9.921114
119.706398,-9.861115
119.632202,-9.773336
119.136597,-9.730837
119.053001,-9.698336
118.933296,-9.565836
119.005203,-9.450281
119.037804,-9.429110
119.346397,-9.373892
119.840500,-9.364447
119.943901,-9.283892
120.083900,-9.457781
120.226402,-9.496948
120.320297,-9.665281
120.451599,-9.628614
120.594398,-9.745558
120.669701,-9.894726
120.777199,-9.944170
120.826599,-10.010280
120.836098,-10.066950
120.716904,-10.205840
120.464104,-10.315840
# Triangles
9,8,7
6,10,7
14,5,4
14,4,3
11,6,5
7,10,9
6,11,10
12,14,13
12,11,5
14,12,5
3,16,14
19,1,0
16,2,1
23,22,21
19,0,23
21,20,23
15,14,16
17,16,18
19,18,16
20,19,23
16,1,19
16,3,2
