# Indonesia region 43
18 15
# Outer Vertices
128.117706,-3.776945
128.117203,-3.755834
128.215805,-3.655834
128.174698,-3.658612
127.988297,-3.773612
127.942497,-3.771389
127.915497,-3.729723
127.916397,-3.692223
128.037796,-3.593378
128.155502,-3.594445
128.234406,-3.528890
128.320496,-3.514445
128.346100,-3.530001
128.337708,-3.621667
128.307693,-3.639445
128.257401,-3.614167
128.282196,-3.688056
128.117706,-3.776945
# Triangles
6,5,4
8,4,3
6,4,7
7,4,8
8,3,9
1,0,16
9,2,15
2,16,15
1,16,2
10,15,11
10,9,15
11,13,12
13,11,15
15,14,13
9,3,2
