# Indonesia region 15
19 16
# Outer Vertices
124.415298,-2.016945
124.329102,-1.885278
124.367500,-1.695000
124.425003,-1.657524
124.608002,-1.635278
125.006599,-1.718889
125.068298,-1.764167
125.105499,-1.738056
125.117798,-1.688612
125.192497,-1.714167
125.189102,-1.783889
125.230003,-1.766111
125.251900,-1.732500
125.288300,-1.730556
125.323898,-1.881111
125.055298,-1.890833
125.011398,-1.945556
124.853897,-1.895000
124.415298,-2.016945
# Triangles
18,17,4
16,15,17
17,15,5
2,1,3
1,4,3
1,18,4
17,5,4
15,6,5
7,6,10
6,15,10
11,14,13
14,11,10
15,14,10
8,7,9
9,7,10
13,12,11
