# Indonesia region 55
32 29
# Outer Vertices
134.559097,-6.358334
134.347305,-6.210002
134.268005,-6.117224
134.292694,-6.048889
134.319397,-5.967779
134.285202,-5.926945
134.380203,-5.810557
134.360504,-5.786668
134.257706,-5.768890
134.205002,-5.732780
134.224701,-5.685556
134.341293,-5.724446
134.492203,-5.480279
134.515198,-5.436564
134.628601,-5.446946
134.680496,-5.564168
134.651093,-5.592223
134.742996,-5.640001
134.726303,-5.728613
134.736099,-5.794168
134.701096,-5.834167
134.757202,-5.884723
134.727203,-5.916113
134.729095,-5.979445
134.635193,-5.948057
134.748306,-6.060556
134.770203,-6.106946
134.681305,-6.193334
134.753799,-6.163612
134.727203,-6.275835
134.681900,-6.333056
134.559097,-6.358334
# Triangles
3,2,1
24,3,1
4,6,5
24,6,4
16,11,6
3,24,4
9,8,10
11,10,8
8,7,11
6,11,7
11,16,12
14,13,12
12,16,14
31,27,1
30,29,27
25,24,27
24,1,27
27,29,28
27,31,30
26,25,27
24,23,22
18,16,6
18,20,19
16,15,14
16,18,17
6,20,18
20,22,21
20,24,22
20,6,24
