# Indonesia region 2
22 19
# Outer Vertices
99.115540,-1.805278
98.881088,-1.680556
98.633034,-1.275000
98.592758,-1.191945
98.653030,-0.976945
98.697479,-0.946111
98.859970,-0.927500
98.922203,-0.943334
98.942200,-0.998889
98.931923,-1.056389
99.064148,-1.233889
99.108032,-1.369445
99.162201,-1.404444
99.163589,-1.456389
99.125259,-1.446945
99.291641,-1.684723
99.286087,-1.736667
99.228592,-1.621667
99.220543,-1.653056
99.255249,-1.766111
99.195480,-1.772280
99.115540,-1.805278
# Triangles
3,2,9
10,9,2
11,2,1
11,10,2
3,9,4
4,9,5
6,8,7
6,5,9
8,6,9
18,21,20
20,19,18
15,17,16
11,14,12
11,1,14
12,14,13
17,15,14
17,14,18
1,18,14
1,21,18
