# Indonesia region 57
374 371
# Outer Vertices
115.487297,3.027843
115.570801,3.417777
115.626602,3.426666
115.571404,3.612777
115.616402,3.854166
115.564400,3.906388
115.758003,4.236386
115.851898,4.279444
115.856598,4.343054
115.886398,4.368053
116.054100,4.277221
116.166901,4.375831
116.349701,4.370831
116.451401,4.295276
116.525803,4.317498
116.521599,4.366109
116.570297,4.386109
116.641899,4.334721
116.694397,4.331943
116.742699,4.373054
116.830498,4.330832
117.233299,4.359164
117.443298,4.192776
117.588097,4.171236
117.514099,4.111665
117.384697,4.145832
117.468300,4.080276
117.467499,4.033054
117.518303,4.047499
117.692200,3.905833
117.636902,3.894166
117.561401,3.935277
117.521103,3.927777
117.705299,3.869722
117.782204,3.788888
117.778000,3.767221
117.727203,3.778055
117.720497,3.756110
117.825798,3.724721
117.830803,3.706388
117.750504,3.635277
117.620201,3.629722
117.548302,3.662499
117.469704,3.788888
117.522499,3.634444
117.502998,3.605833
117.176903,3.648055
117.050797,3.634444
117.030296,3.594166
117.124199,3.620832
117.207703,3.612500
117.212799,3.520277
117.260498,3.478611
117.444099,3.430555
117.440804,3.372499
117.341400,3.228055
117.260002,3.256110
117.279701,3.215833
117.457199,3.166666
117.455299,3.122777
117.619698,3.088610
117.631897,3.047499
117.569702,2.975555
117.662201,2.992777
117.682701,2.959999
117.540298,2.920277
117.731903,2.895555
117.668297,2.871666
117.617798,2.808610
117.745003,2.784721
117.788300,2.745832
117.795799,2.678055
118.082703,2.326110
117.875298,2.070555
117.886902,2.039721
117.740799,2.037777
117.840302,1.994722
117.862198,1.876666
118.000504,1.789166
118.135002,1.646111
118.390503,1.504722
118.404404,1.438333
118.612503,1.341111
118.864700,1.048055
118.922501,1.072500
119.005203,1.039166
118.999199,0.963055
118.824997,0.815000
118.779999,0.800555
118.673599,0.845000
118.364700,0.808889
118.063004,0.925278
117.985001,1.073333
117.894402,1.119722
117.890297,1.094444
117.941101,1.021944
118.035004,0.810278
118.013000,0.784167
117.893898,0.833611
117.752502,0.750000
117.534103,0.320278
117.524399,0.251667
117.467499,0.103611
117.492798,0.055000
117.527802,-0.040278
117.477203,-0.106111
117.436096,-0.267778
117.500504,-0.362222
117.441597,-0.524042
117.473602,-0.505556
117.629997,-0.421945
117.630501,-0.451389
117.546402,-0.502778
117.597198,-0.527500
117.576401,-0.631667
117.562798,-0.664445
117.507202,-0.693889
117.490799,-0.711111
117.604698,-0.734444
117.625298,-0.761944
117.613602,-0.791389
117.449699,-0.824722
117.451103,-0.872778
117.424400,-0.883056
117.383301,-0.841945
117.336601,-0.902222
117.290001,-0.806389
117.263298,-0.832500
116.990501,-1.225556
116.815300,-1.272223
116.737198,-1.031667
116.711601,-1.132500
116.787804,-1.248334
116.755501,-1.367500
116.593903,-1.432500
116.530800,-1.499722
116.564400,-1.586667
116.535500,-1.627223
116.325302,-1.703056
116.227203,-1.793612
116.269699,-1.812778
116.396400,-1.765556
116.446404,-1.783889
116.459396,-1.923056
116.437500,-2.072223
116.350502,-2.101667
116.280502,-2.170278
116.379997,-2.145556
116.414398,-2.214168
116.604698,-2.190834
116.597198,-2.270834
116.513000,-2.556945
116.474701,-2.561111
116.464401,-2.516667
116.417801,-2.494723
116.301903,-2.536390
116.339699,-2.572779
116.392502,-2.572223
116.373901,-2.845834
116.341599,-2.916389
116.242203,-3.015556
116.221100,-3.002501
116.151100,-2.826111
116.131897,-2.823334
116.109398,-3.010278
116.264999,-3.120278
116.264099,-3.144445
116.160797,-3.165556
116.188004,-3.218890
116.179100,-3.261945
116.123596,-3.276389
116.171700,-3.228334
116.129997,-3.234723
116.089401,-3.283056
115.989403,-3.573890
115.964104,-3.610001
115.627800,-3.761112
115.148003,-3.954722
114.706596,-4.176945
114.635201,-4.185001
114.611397,-4.146946
114.601898,-3.655834
114.521599,-3.530834
114.545502,-3.349445
114.481102,-3.498611
114.436096,-3.502779
114.266602,-3.411667
114.262497,-3.385834
114.303001,-3.343890
114.356400,-3.216667
114.209702,-3.385834
114.121399,-3.371389
114.099403,-3.345278
114.117203,-3.193612
114.032204,-3.361945
113.824097,-3.461668
113.671097,-3.476112
113.608902,-3.435833
113.636398,-3.227778
113.602798,-3.172223
113.465500,-3.184722
113.347198,-3.273612
113.104401,-3.043056
113.035202,-2.927222
113.016602,-3.040278
112.949699,-3.082778
112.946899,-3.127223
112.982498,-3.153056
112.651604,-3.415278
112.531601,-3.444723
112.412498,-3.351667
112.245796,-3.313889
112.161598,-3.346111
111.962799,-3.537501
111.889397,-3.573889
111.803902,-3.537501
111.829102,-3.036112
111.749199,-2.889723
111.746399,-2.762500
111.671700,-2.900556
111.692703,-2.949167
111.539398,-3.021667
111.467499,-2.936112
111.324097,-2.923334
111.033600,-3.078612
110.906898,-3.094445
110.751900,-3.021667
110.789703,-2.970556
110.932701,-2.908334
110.789703,-2.948612
110.708000,-3.059445
110.663002,-3.081389
110.619698,-3.049167
110.642998,-3.013612
110.598602,-2.883612
110.569702,-2.871111
110.487503,-2.880834
110.277199,-3.015001
110.237503,-2.979445
110.205803,-2.901390
110.248299,-2.806945
110.220802,-2.700001
110.155296,-2.623334
110.197701,-2.549445
110.265503,-2.558334
110.278603,-2.521449
110.236603,-2.550278
110.190002,-2.494167
110.142799,-2.310001
110.094704,-2.239445
110.126900,-2.052501
110.085297,-1.942223
109.903603,-1.828334
110.000298,-1.716944
110.069397,-1.465556
110.045502,-1.311945
109.945503,-1.248334
109.942703,-1.116667
109.823303,-1.086667
109.729698,-0.953611
109.757797,-0.869444
109.674103,-0.984445
109.641899,-0.968889
109.578903,-0.893333
109.539101,-0.871389
109.412201,-0.857778
109.414398,-0.909167
109.376602,-0.916111
109.270500,-0.850278
109.247803,-0.689167
109.264999,-0.667778
109.464996,-0.744722
109.514397,-0.726945
109.354698,-0.649445
109.373299,-0.614445
109.170303,-0.561667
109.120201,-0.502222
109.096397,-0.363056
109.135498,-0.358333
109.044998,-0.235000
109.081398,-0.209444
109.223000,-0.238889
109.153900,0.015278
109.171898,0.031667
109.300499,0.004444
109.210800,0.072222
109.111397,0.224167
109.036102,0.293611
108.930000,0.302500
108.915497,0.329167
108.931900,0.608611
108.848297,0.827222
108.970299,0.923333
108.983902,0.983611
108.922501,1.148611
108.930000,1.179444
109.095802,1.211666
109.231400,1.365278
109.223999,1.359801
109.133904,1.260534
108.981903,1.211666
108.982803,1.228889
109.061401,1.369166
109.057999,1.493333
109.078598,1.548055
109.236900,1.650833
109.348000,1.814444
109.282204,1.783055
109.346603,1.946111
109.571899,1.985833
109.650101,2.064256
109.554703,1.853611
109.585503,1.800833
109.669998,1.784444
109.667702,1.617777
109.850304,1.414444
109.937202,1.405555
110.068001,1.223333
110.233299,1.114444
110.349098,0.990278
110.430000,0.941111
110.519699,0.866389
110.587502,0.853333
110.844398,0.964444
110.904099,1.014444
111.236397,1.086388
111.394699,1.011666
111.502502,1.025277
111.533897,0.960833
111.650299,1.035000
111.797699,0.993889
111.856598,1.016944
111.941597,1.124722
112.127197,1.144444
112.184700,1.425277
112.309700,1.499444
112.484398,1.570000
113.042702,1.554166
113.044098,1.496666
112.980499,1.422777
113.098900,1.438333
113.433296,1.286388
113.551399,1.316388
113.642502,1.229444
113.782204,1.299444
113.925499,1.443888
114.134399,1.467777
114.194099,1.424166
114.389397,1.508333
114.543602,1.432222
114.587502,1.450000
114.666100,1.630277
114.710800,1.770555
114.693901,1.829247
114.852997,1.897222
114.868301,2.043888
114.810204,2.034166
114.776398,2.146666
114.804703,2.248888
114.947701,2.291111
114.949699,2.360555
115.087196,2.418888
115.148003,2.480832
115.213600,2.491388
115.237198,2.522499
115.147202,2.608610
115.098297,2.597499
115.081596,2.616388
115.129402,2.771944
115.135002,2.882499
115.155502,2.925555
115.270798,3.045000
115.320801,2.986388
115.487297,3.027843
# Triangles
238,237,240
240,236,241
238,240,239
244,241,236
241,244,242
244,243,242
235,245,244
246,245,247
247,245,248
240,237,236
232,231,233
233,231,230
226,225,227
230,229,233
234,228,245
236,235,244
228,227,225
229,228,234
229,234,233
234,245,235
225,224,228
245,228,250
267,266,265
260,263,262
271,270,269
268,267,265
271,265,264
272,264,263
264,272,271
260,272,263
272,274,273
262,261,260
252,251,253
253,251,254
249,248,250
250,248,245
251,250,254
260,258,257
260,259,258
322,260,257
218,255,254
256,255,257
255,328,257
254,250,218
284,272,260
228,223,250
215,214,213
216,215,213
196,198,197
210,209,208
196,195,198
208,205,210
198,195,194
216,213,212
182,181,183
180,179,178
180,178,181
189,183,163
192,191,190
186,185,188
186,188,187
184,183,185
177,183,181
183,188,185
210,205,211
208,206,205
216,211,218
211,216,212
211,203,218
218,223,222
222,221,219
218,222,219
218,217,216
221,220,219
223,218,250
211,205,203
224,223,228
194,193,198
190,189,193
193,192,190
189,188,183
203,193,343
198,193,199
204,203,205
200,199,203
200,203,202
201,200,202
203,199,193
203,331,218
206,208,207
255,218,328
189,139,193
343,193,139
279,278,280
287,286,290
289,288,287
286,292,290
289,287,290
290,292,291
293,317,296
292,317,293
278,276,275
268,265,271
268,271,269
278,275,274
282,284,283
280,278,281
284,282,281
284,281,274
285,284,286
278,274,281
317,286,284
278,277,276
286,317,292
294,296,295
299,301,300
293,296,294
304,303,297
298,303,302
298,297,303
299,298,302
301,299,302
304,297,305
296,315,297
305,297,314
314,306,305
317,315,296
297,315,314
312,314,313
308,306,311
306,308,307
311,306,312
308,311,309
311,310,309
306,314,312
317,316,315
274,272,284
320,319,321
284,260,321
326,323,328
319,284,321
317,284,318
326,325,324
328,327,326
324,323,326
328,323,322
318,284,319
328,330,329
322,257,328
331,333,332
331,203,333
218,331,330
340,339,341
341,339,333
342,341,343
344,349,347
349,344,343
341,333,343
347,345,344
330,328,218
260,322,321
333,339,336
334,333,335
346,345,347
130,350,349
347,349,348
339,337,336
335,333,336
337,339,338
350,354,351
354,353,352
361,355,363
356,355,357
352,351,354
357,355,358
359,358,355
360,359,361
367,366,365
359,355,361
363,355,354
354,350,100
333,203,343
343,139,349
177,181,178
183,176,164
174,173,176
174,176,175
164,176,173
173,172,164
167,172,171
164,172,167
167,165,164
155,163,162
170,169,171
163,183,164
163,146,189
171,169,168
167,166,165
162,158,156
159,161,160
162,159,158
162,161,159
158,157,156
168,167,171
156,155,162
146,155,148
139,189,146
146,148,147
148,155,154
139,146,140
139,138,130
140,143,141
144,143,145
145,143,140
146,145,140
148,154,150
146,163,155
141,143,142
154,153,150
150,149,148
150,153,151
135,137,136
135,138,137
130,138,131
133,131,134
131,135,134
131,138,135
152,151,153
102,350,130
130,349,139
133,132,131
128,127,130
130,129,128
125,124,126
117,126,124
106,127,126
126,117,108
121,123,122
121,117,124
121,124,123
127,106,130
108,106,126
117,121,120
114,108,116
116,108,117
118,120,119
120,118,117
112,109,114
114,116,115
108,114,109
109,112,110
114,113,112
110,112,111
102,106,105
103,105,104
102,105,103
106,108,107
102,101,100
350,102,100
94,99,98
95,98,96
94,98,95
100,99,354
102,130,106
89,88,87
89,87,83
89,82,90
92,91,81
81,91,90
89,83,82
84,86,85
86,84,83
87,86,83
98,97,96
354,99,75
368,365,364
368,367,365
361,363,362
364,65,373
368,364,372
370,372,371
372,370,369
372,369,368
1,373,2
364,373,372
373,65,57
48,373,56
57,59,58
56,55,54
373,57,56
56,54,52
49,48,51
2,373,48
49,51,50
2,48,13
51,48,56
56,52,51
54,53,52
59,57,65
364,363,75
3,2,4
5,4,6
4,7,6
7,4,10
7,10,9
10,4,2
7,9,8
12,11,10
13,12,10
13,10,2
47,18,14
47,14,13
13,48,47
46,27,25
20,47,25
46,25,47
21,25,22
17,16,14
18,17,14
20,19,18
21,20,25
18,47,20
14,16,15
68,75,71
75,68,65
69,71,70
71,69,68
75,73,71
62,64,63
65,67,66
60,59,62
64,62,65
65,68,67
65,364,75
92,79,93
93,79,78
93,77,75
81,80,79
92,81,79
90,82,81
75,74,73
76,75,77
77,93,78
73,72,71
99,93,75
75,363,354
46,45,43
44,43,45
43,32,27
37,43,42
36,33,37
24,23,22
27,26,25
28,27,32
31,29,28
32,31,28
22,25,24
43,27,46
37,41,40
33,43,37
40,39,38
40,38,37
30,29,31
36,35,34
36,34,33
33,32,43
37,42,41
60,62,61
59,65,62
93,99,94
183,177,176
