# Indonesia region 7
23 20
# Outer Vertices
107.987801,-3.249723
107.875801,-3.056112
107.818298,-3.078056
107.843002,-3.113612
107.835503,-3.160556
107.653900,-3.225834
107.612198,-3.215556
107.615501,-2.915001
107.553902,-2.930000
107.546898,-2.906667
107.601898,-2.865834
107.649696,-2.585834
107.708397,-2.557250
107.995201,-2.578334
108.032204,-2.643889
108.056900,-2.601389
108.139702,-2.646112
108.260201,-2.747223
108.293297,-2.844445
108.208298,-3.136112
108.081596,-3.166945
108.077499,-3.232500
107.987801,-3.249723
# Triangles
6,5,2
2,4,3
4,2,5
2,1,7
6,2,7
10,9,7
7,9,8
12,11,10
12,10,14
1,10,7
1,22,20
1,20,18
21,20,22
18,20,19
13,12,14
15,14,16
14,17,16
17,14,18
14,1,18
14,10,1
