# Indonesia region 23
60 57
# Outer Vertices
130.818298,-3.870556
130.403793,-3.634723
129.991302,-3.470556
129.959106,-3.375556
129.828903,-3.331667
129.514404,-3.296945
129.497696,-3.328334
129.558807,-3.417778
129.548599,-3.459723
129.504105,-3.468612
128.996307,-3.348890
128.942200,-3.346945
128.932495,-3.323611
128.976303,-3.257779
128.950195,-3.223611
128.878296,-3.207778
128.693298,-3.352222
128.670807,-3.384445
128.691299,-3.418612
128.656296,-3.438334
128.478302,-3.463056
128.414398,-3.430834
128.276596,-3.219445
128.173294,-3.196390
128.197998,-3.114167
128.184097,-3.072501
128.144394,-3.072501
128.080002,-3.151668
128.044403,-3.335279
127.940300,-3.471389
127.924400,-3.554723
127.906097,-3.537501
127.869102,-3.207778
127.834099,-3.167500
128.096603,-3.071112
128.117203,-2.979445
128.067703,-2.968334
128.182404,-2.859334
128.751602,-2.851389
128.866104,-2.865834
129.046402,-2.799445
129.069702,-2.817223
129.081299,-2.923334
129.179398,-2.959445
129.384705,-2.798056
129.614395,-2.809723
130.026306,-2.997778
130.329102,-2.977223
130.399094,-3.003334
130.587494,-3.136667
130.645798,-3.377501
130.674393,-3.410278
130.766403,-3.408334
130.825195,-3.452223
130.812195,-3.507501
130.865494,-3.563612
130.872498,-3.621112
130.821899,-3.819445
130.846298,-3.861667
130.818298,-3.870556
# Triangles
31,30,29
31,29,32
21,20,17
19,17,20
29,28,32
18,17,19
17,16,21
13,12,10
42,15,14
12,11,10
22,21,16
33,32,27
32,28,27
33,27,34
35,26,25
26,35,34
34,27,26
36,35,37
24,23,22
24,22,25
38,16,15
22,16,38
37,25,38
37,35,25
38,25,22
15,39,38
39,15,42
14,13,43
48,2,1
8,7,9
1,51,50
50,49,1
1,54,51
9,7,6
54,1,57
57,59,58
57,56,54
52,54,53
52,51,54
54,56,55
57,1,59
6,43,13
10,9,6
44,43,5
43,42,14
41,40,42
39,42,40
43,6,5
10,6,13
45,5,4
4,3,46
48,1,49
48,3,2
46,45,4
47,46,3
3,48,47
5,45,44
