# Indonesia region 66
18 15
# Outer Vertices
103.008598,0.692222
102.909103,0.779444
102.692703,0.798611
102.555000,0.771944
102.414398,0.865555
102.432198,0.920555
102.496101,0.938889
102.466599,1.083611
102.486397,1.132222
102.538300,1.133611
102.612503,1.056944
102.612503,1.003333
102.647499,0.990278
102.744698,1.015000
103.026901,0.838333
103.051598,0.786162
103.041397,0.714167
103.008598,0.692222
# Triangles
5,4,6
11,6,12
3,6,4
8,7,9
10,7,11
7,10,9
7,6,11
6,3,12
1,17,15
16,15,17
1,15,14
1,13,2
13,1,14
2,13,12
3,2,12
