# Indonesia region 29
73 70
# Outer Vertices
117.063301,-9.108059
116.753601,-9.013891
116.754204,-8.883337
116.821899,-8.804726
116.771400,-8.668058
116.833603,-8.516945
116.941902,-8.519726
117.214996,-8.386316
117.427696,-8.480280
117.442703,-8.409725
117.565498,-8.411947
117.577202,-8.501392
117.598297,-8.489725
117.598297,-8.439726
117.631897,-8.461946
117.633301,-8.536669
117.691101,-8.574448
117.765503,-8.596113
117.782799,-8.706667
117.860298,-8.711391
117.966400,-8.748613
118.073303,-8.657778
118.253601,-8.662502
118.286400,-8.634169
118.284401,-8.594170
118.084099,-8.465281
117.987801,-8.476948
117.707497,-8.245003
117.727203,-8.164448
117.921898,-8.085558
118.098602,-8.108614
118.159698,-8.150003
118.243301,-8.330559
118.311897,-8.374725
118.470001,-8.248337
118.643600,-8.292503
118.687202,-8.357502
118.651604,-8.539169
118.687202,-8.525837
118.724998,-8.454447
118.713303,-8.386114
118.779099,-8.308891
118.885201,-8.288614
118.996902,-8.313614
119.051102,-8.478891
119.036102,-8.620001
119.057503,-8.653893
119.134697,-8.636948
119.168297,-8.560280
119.195000,-8.629448
119.112801,-8.754725
118.984200,-8.764170
118.908600,-8.691114
118.704399,-8.744448
118.725800,-8.776392
118.923599,-8.802780
118.946899,-8.839447
118.831902,-8.854170
118.758598,-8.806114
118.610497,-8.828613
118.470001,-8.872503
118.417999,-8.856392
118.382500,-8.790003
118.441399,-8.663889
118.411102,-8.586670
118.262497,-8.787779
118.164398,-8.867781
118.028900,-8.854170
117.863602,-8.933336
117.832703,-8.905836
117.368896,-9.047226
117.243301,-9.016670
117.063301,-9.108059
# Triangles
3,1,0
8,71,70
3,0,71
3,71,6
3,2,1
3,6,4
16,15,70
15,8,70
70,18,16
20,69,68
67,66,21
20,68,67
18,17,16
19,18,69
21,20,67
69,20,19
69,18,70
6,5,4
8,7,71
11,15,12
15,11,8
7,6,71
8,10,9
8,11,10
12,14,13
14,12,15
26,25,30
33,32,25
32,31,25
28,27,29
26,30,29
29,27,26
31,30,25
21,66,65
62,61,60
62,60,63
63,60,59
65,22,21
59,53,63
64,23,65
37,63,53
54,53,59
59,58,54
58,57,55
56,55,57
52,51,46
46,50,47
50,46,51
47,50,49
45,52,46
38,53,52
55,54,58
24,23,64
24,64,33
37,64,63
23,22,65
34,64,37
33,64,34
37,35,34
37,36,35
53,38,37
33,25,24
44,39,52
45,44,52
40,39,41
39,42,41
39,44,42
44,43,42
39,38,52
49,48,47
