# Indonesia region 44
18 15
# Outer Vertices
130.120804,-2.066112
129.981094,-2.008612
129.866592,-1.980556
129.724106,-1.898334
129.717697,-1.881111
130.116104,-1.729167
130.353897,-1.685445
130.348297,-1.740834
130.423599,-1.810000
130.411301,-1.882500
130.343597,-1.911389
130.358002,-1.939445
130.433304,-1.967500
130.383896,-2.010001
130.344894,-1.999722
130.338593,-1.956389
130.255203,-2.048334
130.120804,-2.066112
# Triangles
5,2,1
1,17,5
16,5,17
3,2,4
10,16,15
4,2,5
5,16,10
11,10,15
11,14,13
13,12,11
10,7,5
7,10,8
8,10,9
7,6,5
11,15,14
