# Indonesia region 19
39 36
# Outer Vertices
122.792801,-5.693057
122.771400,-5.641946
122.739197,-5.683612
122.735001,-5.630279
122.662498,-5.689168
122.565300,-5.506391
122.656403,-5.371113
122.731598,-5.256668
122.806396,-5.231390
122.810501,-5.193057
122.756897,-5.216391
122.802200,-5.036113
122.750801,-5.034168
122.818001,-4.971390
122.924103,-4.464446
123.027802,-4.390001
123.073097,-4.405835
123.075500,-4.460557
123.144096,-4.501390
123.198898,-4.590835
123.216103,-4.815557
123.188599,-4.830557
123.144096,-4.712502
123.116600,-4.713889
123.109200,-4.774724
123.044701,-4.744723
122.979103,-5.192500
123.027802,-5.138612
123.100304,-5.180835
123.214104,-5.274446
123.159103,-5.371113
123.050301,-5.426391
122.993301,-5.390279
122.878304,-5.460557
122.858299,-5.509168
122.909698,-5.508335
122.907799,-5.548612
122.830299,-5.676111
122.792801,-5.693057
# Triangles
3,1,34
1,3,2
5,4,3
36,1,37
34,36,35
34,1,36
37,1,0
6,3,34
5,3,6
10,9,11
6,33,7
9,8,26
33,8,7
25,13,26
33,32,8
11,13,12
11,9,26
34,33,6
26,32,28
28,27,26
30,32,31
30,29,28
21,20,22
30,28,32
14,25,17
14,13,25
15,17,16
17,15,14
25,23,17
24,23,25
19,18,23
19,22,20
19,23,22
23,18,17
13,11,26
26,8,32
