# Indonesia region 30
26 23
# Outer Vertices
122.558899,-5.433890
122.534401,-5.424446
122.547203,-5.335001
122.517197,-5.290002
122.471397,-5.399724
122.428001,-5.396390
122.402802,-5.353613
122.452202,-5.322224
122.412201,-5.313890
122.373901,-5.387502
122.289703,-5.386946
122.273300,-5.322780
122.397202,-5.073612
122.326599,-4.838056
122.380798,-4.748612
122.513000,-4.726112
122.711998,-4.620043
122.749397,-4.747223
122.776100,-4.952779
122.641899,-5.071668
122.598000,-5.185001
122.635803,-5.200557
122.599403,-5.239446
122.654099,-5.265557
122.644699,-5.350001
122.558899,-5.433890
# Triangles
11,10,9
7,6,5
7,5,4
9,8,11
14,13,15
15,13,12
12,19,15
8,7,3
8,3,12
11,8,12
4,3,7
2,1,25
22,3,2
2,24,22
24,2,25
23,22,24
20,22,21
22,20,3
18,17,15
16,15,17
18,15,19
12,20,19
12,3,20
