# Indonesia region 20
45 42
# Outer Vertices
106.523903,-3.107223
106.434998,-2.975834
105.961403,-2.785001
105.904404,-2.663889
105.941399,-2.503612
105.923599,-2.459167
105.829102,-2.403056
105.799698,-2.170834
105.668602,-2.119445
105.600304,-2.119445
105.567200,-2.073056
105.311096,-2.136667
105.245796,-2.071667
105.140503,-2.079723
105.136398,-1.957222
105.380203,-1.820834
105.402199,-1.774445
105.343903,-1.665556
105.450798,-1.569445
105.579697,-1.528334
105.606400,-1.534722
105.625504,-1.611389
105.699402,-1.661389
105.648903,-1.713334
105.681099,-1.761945
105.805801,-1.797778
105.697502,-1.531945
105.893600,-1.492101
106.030502,-1.577778
106.088898,-1.766945
106.177696,-1.877778
106.165497,-2.032500
106.241600,-2.313890
106.334702,-2.453611
106.391602,-2.485834
106.686897,-2.538611
106.830299,-2.566668
106.806396,-2.591945
106.738297,-2.617222
106.676102,-2.692501
106.602798,-2.906667
106.606102,-2.947222
106.742500,-3.002501
106.720497,-3.094445
106.523903,-3.107223
# Triangles
14,12,15
12,14,13
15,12,11
11,10,15
27,25,28
24,10,8
8,10,9
25,8,7
15,10,24
31,25,7
25,24,8
17,16,18
19,21,20
18,21,19
18,16,23
24,23,16
23,22,21
27,26,25
23,21,18
16,15,24
7,6,5
40,1,41
4,3,2
2,1,34
40,34,1
1,44,41
41,43,42
43,41,44
35,39,38
40,39,34
35,38,37
7,32,31
29,28,25
25,31,29
29,31,30
5,4,32
5,32,7
34,33,2
39,35,34
33,32,4
33,4,2
37,36,35
