# Indonesia region 22
27 24
# Outer Vertices
116.360298,-8.926670
116.269096,-8.912500
116.081398,-8.859726
116.038902,-8.900280
116.014099,-8.911114
115.892197,-8.832502
115.854401,-8.822502
115.844101,-8.755281
115.883904,-8.728336
115.936699,-8.776390
116.066902,-8.769726
116.090302,-8.623337
116.048302,-8.454447
116.278603,-8.240837
116.344902,-8.218088
116.435501,-8.218615
116.661102,-8.287781
116.733597,-8.358335
116.676102,-8.561113
116.512199,-8.813059
116.508904,-8.861115
116.601402,-8.869169
116.577499,-8.900837
116.470497,-8.920002
116.487801,-8.832502
116.445297,-8.835281
116.360298,-8.926670
# Triangles
9,5,4
7,6,5
2,1,10
9,4,3
2,10,3
7,9,8
9,7,5
10,1,11
13,12,11
11,18,13
9,3,10
11,1,25
23,20,24
18,11,25
20,22,21
22,20,23
14,13,15
19,25,24
25,19,18
18,16,15
17,16,18
18,15,13
24,20,19
25,1,26
