# Indonesia region 41
163 160
# Outer Vertices
107.002899,-6.018221
107.032997,-5.914722
107.181602,-5.985557
107.279099,-5.952778
107.650497,-6.250001
107.723900,-6.249445
107.829399,-6.188057
108.105499,-6.343335
108.190498,-6.333890
108.217201,-6.265001
108.315300,-6.263057
108.546097,-6.508057
108.590797,-6.736112
108.630501,-6.778335
108.786102,-6.818335
108.830002,-6.793890
108.922501,-6.847779
108.989403,-6.843057
108.996902,-6.798613
109.040802,-6.794724
109.136101,-6.856668
109.307999,-6.883057
109.451401,-6.856668
109.491096,-6.806946
109.866600,-6.917779
110.032501,-6.923335
110.182503,-6.862780
110.266098,-6.929446
110.396400,-6.978333
110.494400,-6.931945
110.627998,-6.731390
110.672501,-6.506111
110.781403,-6.437223
111.023300,-6.429723
111.065300,-6.510834
111.152802,-6.700002
111.410500,-6.706945
111.500298,-6.632779
111.716904,-6.774168
111.877197,-6.819724
111.956596,-6.783057
111.992203,-6.795280
112.078598,-6.906946
112.126602,-6.913611
112.257500,-6.887223
112.550797,-6.917223
112.580803,-6.872224
112.606400,-6.921112
112.579697,-6.976945
112.612503,-7.046391
112.609703,-7.096111
112.676903,-7.165279
112.675499,-7.196668
112.609200,-7.210835
112.700798,-7.254445
112.759102,-7.203335
112.791397,-7.219168
112.828903,-7.297223
112.756897,-7.540557
112.845497,-7.599724
113.303902,-7.792501
113.429398,-7.733335
113.792999,-7.728612
114.041901,-7.613057
114.146103,-7.706945
114.385201,-7.760557
114.466103,-7.830557
114.459099,-7.898335
114.357201,-8.440281
114.387199,-8.532501
114.415497,-8.453058
114.461403,-8.629446
114.498299,-8.622503
114.622200,-8.710003
114.610001,-8.769726
114.555298,-8.781948
114.363297,-8.735836
114.395500,-8.687500
114.375504,-8.653059
114.270203,-8.608335
114.098000,-8.640837
113.841904,-8.550835
113.803299,-8.501392
113.721397,-8.531113
113.632202,-8.456669
113.529404,-8.436392
113.325302,-8.312225
113.201599,-8.277502
113.079697,-8.292503
112.918900,-8.397503
112.866096,-8.396946
112.662498,-8.445837
112.336403,-8.335836
112.242500,-8.348892
111.780502,-8.262781
111.760002,-8.330559
111.713303,-8.296667
111.695000,-8.373337
111.359703,-8.261948
111.161102,-8.284445
111.139702,-8.251112
111.017799,-8.256670
110.938301,-8.226667
110.714996,-8.196945
110.358002,-8.055002
109.905800,-7.840001
109.720497,-7.800557
109.414398,-7.774724
109.388901,-7.719724
109.084099,-7.699446
108.896896,-7.695279
108.868896,-7.611113
108.779701,-7.681668
108.688599,-7.676391
108.678299,-7.723334
108.627800,-7.686390
108.516602,-7.704168
108.476898,-7.803335
108.420799,-7.806112
107.854698,-7.725835
107.553299,-7.542500
107.494102,-7.537224
106.941902,-7.437779
106.407997,-7.368612
106.383301,-7.236667
106.470497,-7.183057
106.458900,-7.143057
106.535500,-7.082501
106.545799,-7.045001
106.527496,-6.988612
106.447197,-6.966112
106.322502,-7.001390
106.102501,-6.869446
105.979698,-6.828612
105.545502,-6.873612
105.302200,-6.815835
105.285004,-6.846391
105.251404,-6.843057
105.220497,-6.766668
105.276100,-6.761945
105.341103,-6.676946
105.378899,-6.675001
105.428299,-6.775556
105.484398,-6.816390
105.630203,-6.620557
105.631599,-6.476112
105.663300,-6.452779
105.720802,-6.516946
105.814102,-6.439168
105.876900,-6.081668
106.017502,-5.899724
106.075798,-5.881946
106.104401,-5.901113
106.113602,-5.989168
106.142998,-6.007502
106.203300,-6.012779
106.242996,-5.950279
106.285500,-5.943335
106.486099,-6.043612
106.705002,-6.015001
106.761101,-6.100835
107.002998,-6.075556
107.002899,-6.018221
# Triangles
124,123,125
126,125,127
122,127,125
125,123,122
12,120,119
129,128,122
122,128,127
122,4,129
121,4,122
134,143,135
136,135,137
142,135,143
137,135,139
143,134,144
132,148,133
130,132,131
132,130,158
160,130,129
133,144,134
4,121,120
118,117,116
113,115,114
13,116,115
119,116,13
107,106,108
109,108,21
106,24,108
111,110,109
113,112,111
14,111,16
111,14,113
16,111,17
15,14,16
115,113,13
21,20,109
108,22,21
19,17,20
17,111,20
24,23,22
111,109,20
24,22,108
106,105,24
116,119,118
14,13,113
137,139,138
139,135,142
142,140,139
140,142,141
144,147,145
144,133,147
147,146,145
158,155,132
133,148,147
149,153,150
153,149,154
150,152,151
152,150,153
155,158,157
154,149,148
156,155,157
148,155,154
132,155,148
12,11,8
8,7,12
10,9,8
10,8,11
7,120,12
17,19,18
13,12,119
5,120,7
160,129,161
2,1,162
162,161,2
160,159,158
5,4,120
7,6,5
4,3,2
4,2,161
158,130,160
4,161,129
96,95,94
93,58,94
97,96,98
89,88,90
91,90,59
91,59,92
92,58,93
102,101,100
29,104,103
28,105,104
102,29,103
94,98,96
59,90,88
98,36,100
98,100,99
94,38,98
35,102,100
88,87,60
87,86,60
77,76,75
69,79,78
80,79,68
77,71,78
75,74,73
75,72,71
72,75,73
69,78,71
75,71,77
84,83,82
62,84,82
62,85,84
80,82,81
69,71,70
67,64,68
68,64,82
82,80,68
79,69,68
85,61,86
67,66,65
36,98,38
25,27,26
25,105,27
105,28,27
43,42,94
42,41,39
38,94,39
43,53,44
42,39,94
29,28,104
40,39,41
30,34,32
34,30,35
30,32,31
32,34,33
29,102,35
37,36,38
35,30,29
35,100,36
58,92,59
54,58,57
58,54,53
56,54,57
53,94,58
86,61,60
85,62,61
62,64,63
62,82,64
65,64,67
44,48,45
45,47,46
47,45,48
44,50,48
50,44,53
50,53,51
50,49,48
51,53,52
56,55,54
43,94,53
60,59,88
105,25,24
