# Indonesia region 25
26 23
# Outer Vertices
123.412201,-8.596111
123.225800,-8.548615
123.260803,-8.492502
123.477203,-8.359726
123.460800,-8.318892
123.363602,-8.317503
123.409897,-8.271370
123.562202,-8.249170
123.512802,-8.351669
123.556099,-8.376669
123.597702,-8.373337
123.617798,-8.240837
123.665001,-8.223892
123.676697,-8.260002
123.794403,-8.181393
123.932999,-8.235003
123.939102,-8.264170
123.730797,-8.381947
123.691704,-8.438335
123.650002,-8.409168
123.571098,-8.473612
123.604698,-8.539169
123.582199,-8.571947
123.544403,-8.572502
123.500504,-8.527781
123.412201,-8.596111
# Triangles
1,0,2
2,0,24
20,3,24
20,24,23
2,24,3
9,3,20
5,4,6
6,4,7
8,7,4
8,3,9
8,4,3
23,21,20
21,23,22
19,18,17
19,17,13
20,19,10
11,13,12
13,11,10
17,14,13
13,10,19
15,14,16
16,14,17
10,9,20
