# Indonesia region 0
21 18
# Outer Vertices
137.646896,-8.438890
137.630493,-8.401112
137.756104,-8.084169
137.993805,-7.666113
138.150803,-7.516668
138.417206,-7.405279
138.552795,-7.379514
138.746094,-7.368611
138.807205,-7.382779
138.925797,-7.543889
139.066895,-7.572501
138.975800,-7.845279
138.886093,-7.899168
138.899094,-8.078892
138.832504,-8.082226
138.781906,-8.140556
138.672195,-8.160835
138.461105,-8.372503
138.332199,-8.421391
137.755203,-8.396114
137.646896,-8.438890
# Triangles
1,20,19
2,19,18
3,18,17
1,19,2
2,18,3
3,16,4
4,16,5
12,6,5
17,16,3
16,15,14
14,13,12
14,12,16
9,6,12
8,7,9
9,11,10
7,6,9
12,11,9
12,5,16
