# Latvia region 0
181 178
# Outer Vertices
24.297131,57.736420
24.294439,57.850269
24.310049,57.870831
24.420300,57.874401
24.453100,57.913300
24.553600,57.954700
24.717800,57.958900
24.754200,58.000801
24.827499,57.980000
24.885300,58.007500
24.968100,58.014400
25.091700,58.071701
25.170000,58.074402
25.206100,58.031700
25.232500,57.992802
25.294399,58.007500
25.296900,58.038101
25.263100,58.069199
25.301701,58.083099
25.348301,58.036701
25.421700,58.035599
25.461100,57.994400
25.576401,57.966900
25.577200,57.942200
25.622801,57.916401
25.749201,57.931099
25.801399,57.865799
26.031401,57.849998
26.046700,57.840302
26.028601,57.802200
26.037500,57.784698
26.180300,57.721901
26.299200,57.611401
26.460300,57.570599
26.517200,57.524399
26.561100,57.536098
26.608900,57.526901
26.635000,57.555801
26.719400,57.581699
26.760799,57.571098
26.829201,57.582500
26.864401,57.625801
26.890800,57.633900
26.910000,57.619202
27.018600,57.611401
27.087200,57.562199
27.245001,57.549198
27.338301,57.522800
27.371099,57.536400
27.547199,57.536400
27.545799,57.472500
27.525600,57.445801
27.538300,57.430801
27.660601,57.397499
27.862801,57.298901
27.840799,57.163601
27.701401,57.119202
27.777500,57.065800
27.742201,57.006699
27.743900,56.979401
27.701700,56.914700
27.663099,56.894699
27.639999,56.848099
27.807199,56.878899
27.860600,56.868900
27.935301,56.827202
27.933599,56.801102
27.886101,56.766102
27.886101,56.747200
28.004999,56.691399
28.010799,56.624401
28.032801,56.593102
28.152500,56.554401
28.113100,56.505600
28.189699,56.440601
28.184401,56.374699
28.237801,56.271099
28.202801,56.229698
28.195000,56.177502
28.166498,56.150318
28.118299,56.167198
28.058300,56.136398
27.929399,56.113300
27.893299,56.065601
27.795601,56.025299
27.791100,55.988899
27.647200,55.924198
27.632799,55.840599
27.601400,55.791901
27.400000,55.803902
27.350800,55.826401
27.282200,55.787201
27.156099,55.846401
26.990000,55.834702
26.908100,55.778599
26.850000,55.710800
26.745300,55.686699
26.661699,55.705799
26.614086,55.676048
26.510799,55.683899
26.338600,55.726398
26.268900,55.769402
26.198099,55.862499
26.002800,55.958302
25.715000,56.090000
25.684999,56.151699
25.593901,56.148102
25.546101,56.172501
25.495800,56.156700
25.327499,56.169201
25.096901,56.201099
25.047199,56.270802
25.000000,56.295601
24.922199,56.439999
24.899700,56.450600
24.872200,56.443600
24.864401,56.412800
24.726700,56.397800
24.653299,56.365799
24.558300,56.288300
24.473301,56.269199
24.339701,56.310799
24.147800,56.261398
23.948900,56.332199
23.746401,56.335800
23.741100,56.360001
23.651899,56.360298
23.596901,56.362202
23.525299,56.334202
23.296101,56.380798
23.171101,56.361900
23.180300,56.345600
23.096100,56.305801
23.037500,56.328602
22.992800,56.393101
22.941401,56.423901
22.827200,56.379200
22.691401,56.356701
22.623301,56.386902
22.519199,56.404400
22.248899,56.397499
22.154400,56.424198
22.067200,56.419399
21.709400,56.315300
21.591101,56.318600
21.562500,56.293301
21.427799,56.241901
21.354401,56.240002
21.244400,56.168301
21.218100,56.090000
21.049622,56.076775
21.039169,56.127491
20.986940,56.197769
21.005831,56.482769
21.028610,56.508041
21.060280,56.384159
21.081671,56.398880
21.057779,56.510540
20.991390,56.538052
21.060551,56.841648
21.359720,56.988602
21.415550,57.069439
21.420561,57.289440
21.624720,57.478870
21.754999,57.583321
21.953051,57.591930
22.491940,57.742210
22.614719,57.749989
22.584160,57.676102
22.612499,57.616100
22.860279,57.488319
23.137220,57.363041
23.259159,57.098049
23.580549,56.978321
23.683611,56.965260
23.894440,56.995541
24.333611,57.197491
24.413059,57.272770
24.387779,57.421101
24.376381,57.620541
24.297131,57.736420
# Triangles
150,149,151
152,151,148
148,151,149
155,152,148
144,147,146
144,146,145
143,160,144
156,148,147
157,156,147
147,144,157
143,142,161
156,155,148
165,142,141
140,139,141
138,137,136
138,136,135
139,138,170
135,134,130
141,139,169
138,135,172
133,130,134
152,155,153
123,122,121
121,175,123
110,109,111
113,112,111
121,119,118
111,109,113
120,119,121
127,129,128
127,126,174
173,129,127
135,130,172
125,174,126
131,130,132
176,118,117
176,121,118
123,175,125
116,115,117
124,123,125
130,129,172
14,113,24
132,130,133
176,117,115
155,154,153
158,157,159
159,157,160
173,172,129
172,170,138
173,127,174
144,160,157
143,161,160
169,139,170
174,125,175
162,161,163
165,164,163
169,166,165
161,165,163
169,165,141
161,142,165
168,167,166
169,168,166
172,171,170
1,3,2
3,0,179
3,1,0
178,6,179
6,5,179
177,176,115
177,8,178
8,6,178
3,5,4
3,179,5
177,114,14
175,121,176
8,7,6
9,8,10
11,13,12
14,11,10
8,14,10
14,13,11
14,114,113
17,16,18
19,18,16
19,16,15
8,177,14
14,21,15
177,115,114
107,113,109
99,98,97
101,100,102
99,102,100
97,102,99
96,95,94
96,94,97
89,88,87
93,97,94
107,106,105
32,107,105
107,26,113
104,103,105
92,91,90
89,86,90
62,92,90
34,103,102
102,93,36
62,93,92
34,105,103
93,102,97
89,87,86
86,85,84
84,83,82
84,82,68
86,84,62
80,79,78
75,81,80
80,77,75
78,77,80
81,73,82
76,75,77
70,69,68
62,68,63
63,68,67
65,67,66
64,67,65
68,62,84
73,75,74
73,71,82
82,70,68
72,71,73
82,71,70
75,73,81
86,62,90
62,36,93
34,33,32
30,32,31
30,26,107
32,105,34
36,35,34
37,36,38
39,38,36
45,40,39
36,62,39
102,36,34
23,22,21
19,21,20
21,14,23
19,15,21
29,28,27
29,27,26
24,26,25
113,26,24
29,26,30
30,107,32
24,23,14
61,60,58
54,53,56
61,56,47
58,56,61
57,56,58
60,59,58
52,56,53
55,54,56
67,64,63
45,44,43
62,46,45
41,43,42
41,40,43
45,43,40
52,51,47
51,50,49
51,48,47
48,51,49
62,47,46
52,47,56
39,62,45
61,47,62
108,107,109
