# Saudi Arabia region 1
298 295
# Outer Vertices
39.303082,32.237339
40.002491,32.061100
41.222210,31.471100
42.423870,30.963329
42.977482,30.727770
43.062481,30.414721
43.658321,30.379440
43.612759,30.102770
43.590820,29.607771
43.999882,29.460030
44.714890,29.205379
44.741928,29.190550
45.508881,28.774719
45.764992,28.856939
46.541611,29.104160
46.698040,29.086380
47.460819,28.998880
47.539150,28.856100
47.575260,28.699989
47.684151,28.561939
48.419731,28.544359
48.536652,28.407499
48.531651,28.298611
48.624439,28.208611
48.601379,28.126110
48.656380,28.033051
48.750820,28.017220
48.772491,27.979160
48.742771,27.960279
48.826099,27.878050
48.876930,27.765829
48.847210,27.765551
48.814159,27.790270
48.774712,27.714439
48.816380,27.686100
48.846371,27.700001
48.858051,27.632771
48.903049,27.566380
48.961929,27.624720
49.046101,27.567770
49.249710,27.536940
49.307770,27.442209
49.140820,27.442770
49.223881,27.398050
49.262211,27.404160
49.219440,27.327221
49.307209,27.344440
49.330540,27.195829
49.378880,27.219440
49.414440,27.202221
49.390270,27.154989
49.520821,27.132219
49.494431,27.177219
49.529430,27.180550
49.568878,27.105270
49.680820,26.965830
49.962212,26.844999
50.150829,26.669439
50.110538,26.680269
50.037491,26.681660
50.014149,26.719170
49.983051,26.699440
50.000542,26.565001
50.051380,26.462770
50.183880,26.412220
50.218880,26.294991
50.189159,26.156660
50.165821,26.178329
50.160259,26.135830
50.129162,26.037769
50.064430,26.177771
50.022770,26.196110
49.979431,26.137770
49.992489,25.996660
50.011379,25.992220
50.029991,26.033331
50.114712,25.976379
50.117771,25.858601
50.213329,25.733330
50.254162,25.626940
50.183880,25.700550
50.367210,25.456100
50.379990,25.513330
50.484711,25.408890
50.515820,25.228331
50.583050,25.062771
50.652210,24.981380
50.731659,24.827221
50.776932,24.719721
50.826099,24.747511
50.847340,24.252380
51.495319,23.604389
52.090408,22.520010
55.502258,22.057159
55.694012,22.288589
56.011391,22.288589
56.011391,21.230650
51.999149,18.998880
47.461941,17.574150
45.590820,15.105550
44.498871,17.395821
44.340542,17.413879
44.173321,17.411940
44.114712,17.343050
44.023869,17.374990
43.956928,17.308050
43.909710,17.313330
43.909710,17.358879
43.792210,17.346100
43.703602,17.394991
43.526371,17.516670
43.449150,17.527500
43.270821,17.425550
43.180538,17.332500
43.256100,17.307220
43.273869,17.263611
43.173038,17.211100
43.153591,16.848600
43.228031,16.809719
43.230541,16.776661
43.185261,16.752220
43.206089,16.672211
43.102489,16.679440
43.066662,16.549440
42.790272,16.377220
42.720268,16.567209
42.738602,16.669161
42.708321,16.703880
42.539150,16.874990
42.548038,17.003330
42.436649,17.064720
42.413879,17.157490
42.358051,17.176109
42.363602,17.093330
42.317490,17.408051
42.276932,17.456110
41.935261,17.760269
41.785259,17.832220
41.648880,18.013611
41.591930,18.127769
41.495270,18.221661
41.508598,18.269991
41.469990,18.279440
41.444149,18.397499
41.354160,18.566940
41.291931,18.572491
41.205540,18.700270
41.250542,18.831100
41.217209,18.848330
41.133598,18.952770
41.174431,19.072220
41.059158,19.143330
41.033600,19.262211
40.952492,19.332491
40.942490,19.503050
40.758881,19.608601
40.798038,19.605000
40.789440,19.712770
40.728039,19.791941
40.654709,19.793610
40.643600,19.773880
40.521381,19.969721
40.335541,20.073601
40.094440,20.273050
40.011379,20.272499
39.764709,20.346380
39.570580,20.565531
39.518879,20.678049
39.429150,20.760269
39.425819,20.807220
39.389992,20.838881
39.334431,20.926661
39.081928,21.313049
39.170269,21.404160
39.159710,21.504440
39.109989,21.518330
39.075260,21.687490
39.114159,21.740829
39.062481,21.723881
38.944988,21.911381
38.992489,21.907221
39.000820,21.867769
39.033871,21.837770
39.019161,22.134439
39.144989,22.403610
39.088600,22.373600
39.078602,22.570271
38.978870,22.724991
39.017490,22.762489
38.964710,22.789440
38.968601,22.748051
38.858318,22.915270
38.901100,22.876940
38.948601,22.845270
38.961380,22.868330
38.893040,22.962490
38.811939,22.978609
38.781101,23.038330
38.802490,23.098890
38.770821,23.175550
38.598881,23.560829
38.559158,23.541109
38.442490,23.793610
38.306381,23.890270
37.917488,24.160271
37.933601,24.220280
37.890270,24.205549
37.896099,24.169720
37.842770,24.174160
37.668880,24.299160
37.598881,24.250000
37.515820,24.288330
37.421379,24.497219
37.229431,24.727779
37.226379,24.800831
37.186378,24.789440
37.151371,24.846661
37.212490,24.839161
37.255550,24.865549
37.278599,24.975830
37.235538,25.182501
37.120270,25.302219
37.074989,25.440830
36.823318,25.748329
36.790821,25.755280
36.800270,25.716940
36.718880,25.752489
36.653320,25.861660
36.702492,25.944719
36.706100,26.000830
36.670818,26.046940
36.586651,26.061100
36.499439,26.123600
36.305271,26.500549
36.169430,26.683050
36.028599,26.901381
35.821659,27.095551
35.725269,27.310551
35.631100,27.364990
35.508041,27.542770
35.507488,27.602489
35.453602,27.664989
35.335819,27.855000
35.232491,27.964161
35.163052,28.002501
35.195820,28.026939
35.101650,28.082220
35.008598,28.108879
34.863319,28.080271
34.840260,28.110550
34.789711,28.099720
34.705940,28.137051
34.676929,28.127489
34.664150,28.065830
34.613880,28.028879
34.603039,28.091660
34.631378,28.174999
34.674709,28.248880
34.734440,28.381390
34.807770,28.536390
34.791100,28.641390
34.814709,28.760830
34.832760,28.904720
34.873600,29.068331
34.912769,29.232771
34.961102,29.359989
34.960960,29.362431
35.218868,29.321939
35.475811,29.282490
35.732479,29.242491
35.988880,29.201929
36.069981,29.188881
36.328041,29.377220
36.549160,29.575270
36.698589,29.798050
36.743599,29.864719
37.002769,29.912210
37.262211,29.959160
37.510540,30.018049
37.619980,30.240271
37.667488,30.336380
37.930820,30.468599
38.001381,30.504169
37.776932,30.732210
37.551929,30.960270
37.326382,31.186100
37.098042,31.413330
37.005260,31.505550
37.269428,31.573330
37.533871,31.640551
37.798870,31.707211
38.062481,31.773050
38.328320,31.839439
38.594429,31.905270
38.860821,31.970551
39.004990,32.005550
39.275822,32.216648
39.303082,32.237339
# Triangles
198,197,196
199,198,195
202,8,220
203,202,205
200,202,201
204,203,205
199,194,200
193,192,189
194,189,188
192,190,189
193,189,194
195,194,199
191,190,192
196,195,198
200,8,202
215,217,216
217,215,214
214,213,218
222,221,220
229,223,222
217,214,218
209,211,210
207,206,208
209,208,206
205,209,206
219,212,209
212,219,218
209,212,211
209,205,219
218,213,212
219,205,220
202,220,205
278,222,8
222,220,8
161,160,159
163,162,161
169,168,167
165,164,166
166,164,163
166,163,167
163,169,167
163,161,184
154,153,152
154,156,155
150,154,152
100,157,154
159,158,161
157,156,154
12,194,188
158,12,184
161,158,184
182,181,178
182,178,177
181,179,178
183,182,177
187,186,188
188,186,184
180,179,181
173,172,171
171,170,169
171,169,173
173,169,174
184,183,177
175,174,176
177,174,184
177,176,174
174,169,163
185,184,186
163,184,174
12,188,184
200,194,9
73,158,157
254,253,255
245,244,243
252,255,253
247,246,259
249,248,247
245,268,246
238,237,240
236,235,237
271,240,237
243,242,245
240,239,238
242,241,271
240,271,241
271,237,272
245,242,270
257,256,251
252,251,256
256,255,252
258,257,249
261,268,262
261,259,246
259,261,260
258,249,247
249,257,251
247,259,258
262,268,267
264,263,267
245,270,269
245,269,268
242,271,270
266,265,267
264,267,265
262,267,263
261,246,268
250,249,251
237,235,272
232,231,230
232,230,233
273,234,278
272,235,273
233,278,234
273,276,274
273,235,234
278,233,230
229,278,230
228,224,223
224,228,227
224,226,225
227,226,224
229,222,278
274,276,275
277,273,278
281,279,278
277,276,273
228,223,229
285,284,289
284,283,290
287,286,288
285,288,286
285,289,288
284,290,289
283,291,290
292,283,282
282,281,278
292,291,283
292,282,293
282,294,293
294,282,295
296,1,0
1,296,295
282,1,295
8,282,278
280,279,281
282,2,1
152,151,150
128,127,129
126,125,123
129,127,117
134,133,132
131,130,129
113,131,129
134,132,131
127,126,117
123,122,126
122,121,120
122,117,126
116,129,117
120,119,118
120,118,117
117,122,120
114,116,115
124,123,125
116,113,129
145,144,146
143,142,141
147,144,111
154,150,110
150,149,148
147,146,144
148,147,150
147,111,150
143,111,144
112,136,135
131,113,134
113,116,114
141,136,111
135,134,112
113,112,134
141,140,139
138,137,136
136,139,138
139,136,141
143,141,111
107,106,105
110,150,111
110,109,107
110,107,104
108,107,109
154,110,101
105,104,107
102,104,103
100,99,98
100,154,101
98,97,92
90,100,98
157,100,73
110,102,101
102,110,104
93,97,96
81,83,82
83,81,84
85,84,81
81,80,85
77,80,78
100,80,73
79,78,80
85,80,90
92,91,90
93,95,94
95,93,96
92,97,93
86,85,87
88,90,89
90,88,87
85,90,87
92,90,98
80,100,90
111,136,112
73,80,77
28,26,25
26,28,27
32,28,33
28,25,33
22,21,20
33,25,19
24,23,22
22,19,24
19,25,24
35,34,36
34,33,36
38,37,39
33,37,36
32,29,28
29,32,30
31,30,32
33,12,37
8,7,5
10,9,11
9,8,200
2,8,3
5,4,3
6,5,7
8,5,3
2,282,8
15,18,17
19,18,15
12,19,13
20,19,22
12,33,19
13,15,14
13,19,15
17,16,15
9,194,11
194,12,11
37,12,73
73,72,47
75,74,76
73,77,74
62,55,72
64,63,71
62,72,63
71,63,72
55,62,61
70,68,67
69,68,70
58,57,56
64,71,65
65,67,66
67,65,70
71,70,65
74,77,76
60,59,58
45,43,42
44,43,45
47,46,45
37,47,45
39,42,40
39,37,42
41,40,42
37,45,42
51,54,53
55,54,50
61,56,55
55,50,72
56,60,58
54,51,50
48,50,49
50,48,47
51,53,52
50,47,72
56,61,60
37,73,47
73,12,158
