# Saudi Arabia region 0
32 29
# Outer Vertices
56.271900,25.634899
56.214710,25.615271
56.143600,25.676100
56.185539,26.014721
56.158871,26.083599
56.081211,26.066441
56.093319,26.100269
56.209991,26.265551
56.234440,26.218050
56.296940,26.193600
56.405819,26.220831
56.307209,26.226940
56.366650,26.382500
56.408329,26.343611
56.503319,26.351110
56.513050,26.316940
56.466381,26.320000
56.403599,26.279989
56.481930,26.239161
56.463329,26.141939
56.372250,26.205959
56.321098,26.164160
56.366379,26.143049
56.389431,26.105000
56.466930,26.082781
56.385540,26.046659
56.425819,26.017771
56.399151,25.976110
56.448601,25.945551
56.371929,25.840549
56.301659,25.747219
56.271900,25.634899
# Triangles
5,4,6
31,30,2
4,3,21
3,2,30
2,1,31
3,25,21
4,9,8
8,6,4
8,7,6
20,9,21
4,21,9
17,12,11
10,9,20
21,23,22
3,30,29
27,25,3
27,29,28
24,23,25
25,27,26
23,21,25
20,19,10
17,11,10
13,12,17
16,13,17
17,10,18
16,14,13
14,16,15
19,18,10
3,29,27
