# Chad region 0
180 177
# Outer Vertices
15.000630,23.000370
16.000830,23.450550
18.363609,22.344440
21.394711,20.852209
23.999559,19.497761
23.999439,18.966379
23.999710,15.699440
23.685270,15.756110
23.479160,15.726110
23.381380,15.685270
23.118320,15.710550
22.937771,15.562500
22.919439,15.509720
22.995270,15.385830
22.984711,15.231110
22.935829,15.116110
22.868320,15.094440
22.753330,14.976940
22.668880,14.854160
22.702490,14.691390
22.416100,14.600270
22.384159,14.554160
22.381380,14.523050
22.441940,14.489440
22.440269,14.282220
22.456659,14.252220
22.555269,14.231940
22.566940,14.164160
22.552490,14.120830
22.476940,14.100830
22.233879,13.965830
22.084440,13.779160
22.138599,13.728050
22.153601,13.634440
22.217211,13.584720
22.295271,13.377780
22.228880,13.276390
22.079990,13.153330
21.972490,13.087500
21.828251,12.803890
21.900551,12.676660
21.970831,12.639720
22.125271,12.650000
22.223320,12.747220
22.466930,12.621660
22.383881,12.465270
22.497770,12.186940
22.476660,12.034160
22.625549,12.083610
22.552771,11.665550
22.625549,11.534440
22.791100,11.401660
22.930820,11.415830
22.975269,11.215830
22.881161,10.923910
22.767490,10.955000
22.466101,11.001390
22.201929,10.870270
22.184441,10.818890
22.063881,10.834160
22.014999,10.807770
22.003880,10.734720
21.723881,10.641940
21.700821,10.526940
21.718880,10.332500
21.673880,10.242770
21.477209,10.151110
21.408331,10.006940
21.342220,9.958607
21.269440,9.981108
20.996941,9.685274
20.953320,9.589996
20.706659,9.364162
20.659161,9.342773
20.667770,9.298330
20.501940,9.280552
20.455549,9.157774
20.328880,9.104441
20.067490,9.135275
19.864990,9.046942
19.388880,8.997217
19.109440,9.013609
18.929440,8.920551
18.884081,8.835037
19.125820,8.672773
19.062210,8.576941
18.809441,8.260830
18.686661,8.214163
18.636660,8.145830
18.624990,8.067219
18.588881,8.040274
18.046101,8.016665
17.883600,7.958332
17.708469,7.984979
17.391380,7.877775
17.165819,7.728054
16.946659,7.645276
16.817419,7.545971
16.629990,7.676943
16.629160,7.756665
16.563330,7.814998
16.564440,7.873331
16.403601,7.779999
16.404470,7.678845
16.251381,7.637220
15.782770,7.457776
15.689160,7.523888
15.518610,7.518332
15.499100,7.526431
15.584160,7.686665
15.580000,7.758332
15.503610,7.774165
15.446660,7.877498
15.258050,8.351662
15.192770,8.497217
14.852770,8.817774
14.824720,8.811108
14.417500,9.134163
13.960270,9.634441
14.010000,9.729996
14.108610,9.811386
14.190550,9.981663
14.458330,9.998884
14.776390,9.921108
14.920270,9.971663
15.031390,9.946384
15.232770,9.987774
15.422220,9.926941
15.678870,9.992426
15.387780,10.228610
15.139720,10.519160
15.087220,10.747220
15.056660,10.805550
15.078610,10.889440
15.017500,11.186110
15.105550,11.489720
15.140000,11.525000
15.062770,11.681670
15.111110,11.781390
15.051660,11.945000
15.053610,12.033050
15.045070,12.084080
14.901660,12.142770
14.875550,12.441110
14.745550,12.673330
14.707220,12.653880
14.715000,12.710280
14.551940,12.763610
14.554580,12.827940
14.520120,12.864650
14.508050,12.877500
14.526110,12.969990
14.443050,13.084720
14.074990,13.081590
13.903180,13.324780
13.761890,13.524780
13.625240,13.718210
13.562380,13.991920
13.462220,14.428050
13.475550,14.468330
13.665280,14.541940
13.684160,14.572500
13.660830,14.645830
13.794160,14.732770
13.767220,14.848050
13.859160,15.037780
14.368890,15.733880
15.488610,16.900270
15.524040,17.333941
15.592490,18.604441
15.753890,19.932489
15.996660,20.353050
15.568610,20.779720
15.558330,20.884439
15.584440,20.929991
15.627220,20.955271
15.284440,21.445271
15.202500,21.495819
15.194720,21.998880
15.000630,23.000370
# Triangles
118,117,120
118,120,119
122,120,117
122,117,123
117,115,123
127,114,128
115,127,125
127,115,114
125,127,126
125,123,115
114,113,101
115,117,116
123,125,124
120,122,121
130,129,131
131,129,133
131,133,132
133,136,134
134,136,135
133,129,128
107,109,108
109,107,106
106,110,109
106,105,104
98,97,96
96,99,98
102,104,103
110,106,104
96,95,101
111,110,112
114,101,128
102,112,110
113,102,101
113,112,102
104,102,110
100,99,101
99,96,101
128,93,83
93,128,94
95,94,101
94,128,101
136,133,128
128,81,136
155,154,152
152,154,153
155,152,163
146,145,144
147,146,148
149,148,151
151,148,146
149,151,150
151,166,152
167,166,151
160,158,157
158,160,159
156,155,157
157,161,160
157,155,161
163,162,161
163,165,164
165,163,166
163,161,155
152,166,163
151,146,167
143,142,141
144,143,167
143,39,167
137,136,138
138,136,81
138,140,139
141,138,39
20,168,167
141,140,138
141,39,143
173,172,175
178,176,175
178,177,176
1,179,178
169,171,170
3,171,169
175,172,171
178,2,1
174,173,175
175,2,178
2,175,171
168,3,169
146,144,167
93,92,91
91,90,88
88,87,91
89,88,90
91,87,83
83,86,85
83,85,84
82,128,83
86,83,87
82,81,128
80,78,81
78,80,79
75,78,77
75,77,76
81,78,70
75,74,73
75,73,70
72,71,70
72,70,73
75,70,78
81,70,69
138,81,39
69,68,67
66,65,64
67,66,69
69,66,62
64,63,66
63,62,66
61,60,62
40,62,60
39,69,62
49,59,57
59,58,57
49,57,56
48,47,49
49,47,59
50,49,56
56,51,50
59,47,60
55,54,53
55,53,51
52,51,53
51,56,55
69,39,81
60,47,41
40,60,41
33,38,37
31,39,38
40,39,62
42,45,43
45,42,41
34,36,35
36,33,37
47,45,41
36,34,33
33,32,31
2,171,3
31,21,167
167,21,20
33,31,38
22,30,24
22,24,23
11,168,20
21,31,22
11,3,168
22,31,30
30,25,24
44,43,45
167,39,31
27,25,29
25,30,29
27,29,28
27,26,25
18,20,19
17,16,12
18,17,12
20,18,12
16,14,12
12,14,13
10,5,3
11,10,3
14,16,15
8,5,10
3,5,4
5,7,6
5,8,7
10,9,8
20,12,11
46,45,47
93,91,83
