# Maldives region 28
21 18
# Outer Vertices
73.184196,6.818600
73.180801,6.820000
73.178596,6.822800
73.177803,6.826100
73.176697,6.829700
73.177803,6.833300
73.181396,6.832500
73.181900,6.830600
73.183601,6.827500
73.186401,6.825600
73.190598,6.826100
73.193298,6.827800
73.196404,6.829700
73.199203,6.831100
73.201698,6.828900
73.199699,6.826100
73.197502,6.823600
73.194199,6.822200
73.191399,6.820600
73.188301,6.819200
73.184196,6.818600
# Triangles
8,3,2
1,20,9
9,20,19
2,1,8
9,8,1
5,4,6
7,6,4
7,4,3
3,8,7
18,9,19
9,18,10
10,17,11
18,17,10
11,17,16
11,16,12
13,15,14
15,13,12
16,15,12
