# Maldives region 75
22 19
# Outer Vertices
73.498299,1.821700
73.495003,1.823100
73.496101,1.826700
73.497803,1.829400
73.499702,1.832200
73.501900,1.834400
73.504700,1.836400
73.506897,1.838600
73.509399,1.840800
73.511703,1.843100
73.513901,1.845300
73.516701,1.847200
73.518303,1.842800
73.517197,1.839400
73.515800,1.836400
73.513901,1.833300
73.511902,1.830800
73.509201,1.828600
73.506897,1.826700
73.503899,1.824700
73.501099,1.823300
73.498299,1.821700
# Triangles
2,1,21
2,20,3
21,20,2
3,20,19
3,19,4
6,5,17
18,5,4
17,5,18
19,18,4
6,16,7
16,6,17
7,15,8
15,7,16
8,15,14
8,14,9
10,9,12
10,12,11
12,9,13
14,13,9
