# Maldives region 97
21 18
# Outer Vertices
72.911697,3.536900
72.908096,3.537800
72.908600,3.541900
72.910301,3.544700
72.913597,3.546700
72.915802,3.548300
72.918098,3.550600
72.919998,3.553300
72.921898,3.556700
72.923599,3.558900
72.927200,3.559700
72.929199,3.556900
72.928596,3.553100
72.928596,3.551900
72.926903,3.549400
72.925003,3.546700
72.922798,3.544200
72.919998,3.542500
72.917198,3.540600
72.914398,3.538900
72.911697,3.536900
# Triangles
2,1,20
2,19,3
20,19,2
4,19,18
3,19,4
6,5,16
17,5,4
16,5,17
18,17,4
6,15,7
14,13,12
15,14,7
12,7,14
7,12,8
9,11,10
11,9,8
12,11,8
15,6,16
