# Maldives region 80
24 21
# Outer Vertices
73.245796,-0.611900
73.242798,-0.610600
73.240799,-0.607800
73.239403,-0.604700
73.238098,-0.601400
73.236702,-0.597800
73.235802,-0.594700
73.235802,-0.590000
73.235802,-0.585600
73.237198,-0.582200
73.239998,-0.580600
73.242798,-0.578600
73.245796,-0.577500
73.249199,-0.576100
73.250801,-0.578600
73.249199,-0.581400
73.247200,-0.584200
73.246902,-0.588600
73.246399,-0.592800
73.246696,-0.597500
73.247803,-0.601100
73.248100,-0.605300
73.247200,-0.608900
73.245796,-0.611900
# Triangles
6,5,18
21,3,2
19,5,4
4,3,20
7,6,18
10,8,17
10,9,8
16,11,10
17,8,7
22,2,1
19,18,5
21,2,22
17,7,18
21,20,3
20,19,4
11,16,12
10,17,16
12,16,15
14,13,12
14,12,15
0,22,1
