# Maldives region 104
19 16
# Outer Vertices
72.967499,4.875600
72.967796,4.880000
72.969704,4.882800
72.971100,4.885600
72.970596,4.889700
72.969704,4.893300
72.970299,4.898100
72.972504,4.899700
72.976097,4.900600
72.980301,4.901100
72.979698,4.896900
72.979401,4.895600
72.976700,4.893300
72.974701,4.890600
72.973297,4.887800
72.971901,4.884700
72.971100,4.881100
72.969704,4.877800
72.967499,4.875600
# Triangles
1,18,17
17,16,1
1,16,2
4,13,5
5,12,6
14,4,3
3,2,15
2,16,15
13,4,14
12,7,6
12,5,13
7,12,8
10,9,8
10,8,11
12,11,8
14,3,15
