# Maldives region 57
62 59
# Outer Vertices
73.397797,3.218600
73.393303,3.218600
73.389198,3.218900
73.386398,3.220800
73.384201,3.223100
73.382797,3.226400
73.381401,3.229400
73.379997,3.233100
73.379402,3.236900
73.379402,3.241400
73.379997,3.245600
73.380798,3.249700
73.381401,3.253300
73.381897,3.257500
73.382202,3.261400
73.381897,3.265600
73.381401,3.269700
73.381401,3.274400
73.382202,3.278100
73.383598,3.281100
73.386398,3.283300
73.389198,3.284700
73.392502,3.286100
73.396103,3.287200
73.399200,3.288300
73.403297,3.289400
73.407204,3.289700
73.413597,3.291700
73.417198,3.290800
73.421402,3.290300
73.425003,3.289400
73.428596,3.288300
73.431702,3.286900
73.435600,3.286100
73.438301,3.284200
73.440804,3.282500
73.443298,3.280300
73.445000,3.277500
73.446404,3.274200
73.446899,3.270000
73.446899,3.265600
73.445801,3.261400
73.444397,3.258600
73.442802,3.255800
73.440598,3.253600
73.438103,3.251400
73.435799,3.249200
73.433098,3.247200
73.430801,3.245000
73.428902,3.242200
73.427200,3.239400
73.425797,3.236400
73.423897,3.233600
73.421700,3.230800
73.419701,3.228600
73.416901,3.226700
73.414398,3.225000
73.411697,3.223100
73.408897,3.221100
73.405602,3.219700
73.401398,3.219400
73.397797,3.218600
# Triangles
60,8,7
60,7,6
9,8,60
57,10,9
11,10,56
60,6,5
3,2,1
61,5,1
5,61,60
1,5,3
57,9,60
59,58,60
3,5,4
12,11,52
13,12,50
26,14,48
18,17,20
17,16,21
15,22,16
15,14,24
19,18,20
20,17,21
22,21,16
23,15,24
26,25,24
15,23,22
26,24,14
14,13,49
58,57,60
53,11,55
56,55,11
52,11,53
50,12,52
55,54,53
52,51,50
50,49,13
47,28,26
49,48,14
47,46,32
45,44,32
32,46,45
43,42,44
47,26,48
32,31,47
34,33,32
34,32,39
28,47,29
30,29,47
30,47,31
27,26,28
42,41,39
40,39,41
39,35,34
36,35,37
37,35,39
39,38,37
39,32,42
42,32,44
56,10,57
