# Maldives region 27
42 39
# Outer Vertices
73.134201,6.725300
73.130600,6.726100
73.129204,6.729200
73.129204,6.733900
73.130600,6.736900
73.133904,6.738300
73.136902,6.740300
73.139702,6.741700
73.142502,6.743300
73.144997,6.745600
73.147202,6.748100
73.149399,6.750800
73.150803,6.753300
73.152802,6.756700
73.153603,6.760300
73.154198,6.764400
73.154999,6.768100
73.154999,6.772500
73.155602,6.776700
73.156898,6.780000
73.159698,6.781700
73.161903,6.784200
73.164703,6.782200
73.164200,6.778100
73.163300,6.774400
73.161400,6.770800
73.160004,6.768600
73.159203,6.765000
73.158302,6.761100
73.157204,6.757500
73.155602,6.754400
73.154198,6.751100
73.152802,6.748100
73.151398,6.744700
73.149399,6.741900
73.147499,6.739200
73.145798,6.736700
73.143898,6.733900
73.141701,6.731100
73.139702,6.728900
73.136902,6.726400
73.134201,6.725300
# Triangles
1,41,2
2,40,3
5,4,3
40,2,41
5,3,39
38,37,6
38,5,39
40,39,3
7,37,36
6,37,7
8,7,36
9,8,35
6,5,38
9,33,10
32,11,10
31,12,11
34,33,9
34,9,35
8,36,35
31,11,32
14,13,29
12,31,30
13,12,30
32,10,33
28,14,29
15,28,27
15,14,28
15,27,16
29,13,30
25,18,17
19,23,20
18,24,19
17,16,26
25,24,18
24,23,19
20,22,21
20,23,22
25,17,26
16,27,26
