# Maldives region 30
20 17
# Outer Vertices
73.195297,6.946100
73.192497,6.948100
73.191704,6.951100
73.191101,6.955300
73.191902,6.959700
73.192497,6.963100
73.192200,6.967200
73.191704,6.971400
73.192200,6.975300
73.193604,6.978600
73.197800,6.978600
73.198097,6.973900
73.198601,6.971400
73.197800,6.967500
73.197197,6.963600
73.197502,6.959400
73.198898,6.955300
73.199402,6.951700
73.198898,6.947500
73.195297,6.946100
# Triangles
4,3,15
5,4,15
3,2,16
11,8,7
8,11,9
6,13,7
5,14,6
1,17,2
15,14,5
3,16,15
16,2,17
1,18,17
12,7,13
10,9,11
11,7,12
14,13,6
1,19,18
