# Maldives region 110
27 24
# Outer Vertices
73.634697,5.381700
73.631897,5.383300
73.631104,5.386900
73.630600,5.391100
73.631104,5.395300
73.631104,5.399700
73.630600,5.403900
73.629700,5.407500
73.628098,5.410800
73.626701,5.413600
73.624199,5.415800
73.621902,5.418100
73.620300,5.420800
73.624199,5.420300
73.627502,5.419200
73.629700,5.418600
73.633102,5.417200
73.635803,5.415300
73.637497,5.412800
73.638603,5.408600
73.638100,5.404700
73.637199,5.401100
73.635803,5.398100
73.634697,5.394400
73.634697,5.389700
73.635300,5.385600
73.634697,5.381700
# Triangles
16,9,8
23,4,3
24,3,2
18,8,7
13,12,11
13,11,10
9,15,14
16,15,9
13,10,14
14,10,9
7,6,20
2,25,24
25,1,26
24,23,3
22,5,4
23,22,4
8,17,16
8,18,17
21,6,5
7,20,19
7,19,18
6,21,20
5,22,21
2,1,25
