# Maldives region 71
24 21
# Outer Vertices
73.228104,-0.649700
73.224998,-0.648300
73.224403,-0.644200
73.224403,-0.639700
73.225304,-0.636100
73.226097,-0.632500
73.227203,-0.628900
73.228600,-0.625600
73.230003,-0.622500
73.231697,-0.619700
73.233902,-0.617500
73.238098,-0.616900
73.242203,-0.617800
73.244400,-0.620300
73.243599,-0.623300
73.240303,-0.625600
73.238098,-0.627800
73.235298,-0.630300
73.233597,-0.632500
73.232201,-0.635600
73.231400,-0.639400
73.231400,-0.643900
73.230797,-0.648100
73.228104,-0.649700
# Triangles
2,1,22
22,21,2
22,1,23
2,21,3
4,3,20
5,4,19
5,18,6
17,7,6
17,8,7
20,3,21
17,6,18
18,5,19
8,16,9
9,16,15
16,8,17
15,10,9
15,11,10
12,14,13
12,11,15
14,12,15
19,4,20
