# Maldives region 31
31 28
# Outer Vertices
73.202202,6.882200
73.198097,6.882500
73.195602,6.885000
73.195602,6.889400
73.198303,6.891400
73.201698,6.893100
73.203903,6.895000
73.206398,6.897800
73.207802,6.900600
73.208900,6.903600
73.209999,6.907200
73.209396,6.911400
73.207802,6.914200
73.206398,6.917500
73.205803,6.921400
73.207199,6.925000
73.209999,6.926400
73.212799,6.924700
73.213600,6.921100
73.214203,6.918600
73.214699,6.914200
73.214699,6.909400
73.214996,6.905600
73.214401,6.901400
73.214203,6.897800
73.213097,6.894200
73.211899,6.890800
73.210297,6.887800
73.208099,6.885300
73.205299,6.883600
73.202202,6.882200
# Triangles
3,2,4
4,2,1
0,29,4
5,29,28
29,5,4
0,4,1
27,6,5
7,6,26
14,18,15
13,18,14
13,12,19
8,7,24
5,28,27
26,25,7
26,6,27
25,24,7
23,9,8
22,9,23
24,23,8
9,22,10
15,18,17
17,16,15
11,10,21
20,12,11
12,20,19
13,19,18
20,11,21
10,22,21
