# Maldives region 63
24 21
# Outer Vertices
73.563904,2.091700
73.560600,2.093100
73.559196,2.096100
73.560600,2.099400
73.562798,2.101700
73.564697,2.105000
73.566101,2.107200
73.567802,2.110000
73.571899,2.110800
73.575600,2.111700
73.579399,2.112800
73.583603,2.113100
73.588097,2.113100
73.590302,2.110800
73.588898,2.107500
73.584702,2.107200
73.581100,2.106100
73.577499,2.105300
73.574203,2.103900
73.571701,2.102200
73.569702,2.099400
73.568298,2.096100
73.566399,2.093300
73.563904,2.091700
# Triangles
2,1,22
2,22,3
22,1,0
3,22,21
3,21,4
5,4,20
7,6,19
5,19,6
20,19,5
21,20,4
18,17,8
18,8,7
15,14,12
17,16,10
11,16,15
8,17,9
9,17,10
15,12,11
11,10,16
14,13,12
18,7,19
