# Maldives region 72
29 26
# Outer Vertices
73.544998,1.887800
73.541901,1.889200
73.540001,1.891900
73.540802,1.896100
73.541901,1.899200
73.543602,1.901900
73.544701,1.905600
73.545601,1.909400
73.546402,1.913100
73.547501,1.916700
73.548302,1.920800
73.548897,1.924700
73.549202,1.928600
73.549202,1.933100
73.549698,1.937200
73.553299,1.936100
73.553299,1.932500
73.553299,1.928100
73.554199,1.924400
73.554199,1.919700
73.553299,1.916100
73.552498,1.912500
73.551399,1.908900
73.551399,1.904200
73.551102,1.900000
73.550003,1.896400
73.548302,1.893600
73.546898,1.890600
73.544998,1.887800
# Triangles
3,2,27
27,2,1
26,3,27
5,4,25
4,3,26
27,1,0
23,6,5
7,6,22
22,8,7
18,11,10
10,9,20
21,9,8
4,26,25
24,23,5
23,22,6
21,20,9
20,19,10
19,18,10
21,8,22
13,15,14
16,13,12
17,12,11
16,15,13
17,16,12
18,17,11
25,24,5
