# Maldives region 0
23 20
# Outer Vertices
73.382202,5.706900
73.378601,5.708100
73.378098,5.712200
73.379402,5.715300
73.381401,5.718600
73.382797,5.721100
73.385002,5.723600
73.386398,5.726700
73.387497,5.730300
73.386902,5.734400
73.386398,5.738600
73.387802,5.741900
73.391701,5.740800
73.393097,5.737800
73.393097,5.733100
73.392799,5.728600
73.391899,5.725000
73.389702,5.722500
73.388298,5.719400
73.386902,5.716100
73.385597,5.713100
73.384201,5.709700
73.382202,5.706900
# Triangles
2,1,21
2,21,3
21,1,22
3,21,20
3,20,4
5,4,19
17,7,6
18,6,5
20,19,4
17,6,18
16,15,7
7,15,8
16,7,17
10,12,11
14,9,8
10,9,13
13,12,10
13,9,14
8,15,14
5,19,18
