# Maldives region 58
17 14
# Outer Vertices
73.192497,-0.685300
73.188301,-0.684700
73.188301,-0.680800
73.190598,-0.678300
73.192802,-0.676100
73.195297,-0.673900
73.197502,-0.671700
73.199699,-0.669400
73.201897,-0.667200
73.205299,-0.668900
73.204399,-0.671100
73.205299,-0.675300
73.203300,-0.678100
73.201401,-0.680800
73.198898,-0.682500
73.195602,-0.683900
73.192497,-0.685300
# Triangles
2,1,16
2,16,3
3,16,15
3,15,4
12,6,5
4,14,5
14,4,15
13,12,5
12,11,6
11,10,6
8,7,10
10,9,8
6,10,7
13,5,14
