# Maldives region 79
45 42
# Outer Vertices
73.117203,-0.644200
73.113602,-0.643300
73.111702,-0.640000
73.110802,-0.636900
73.109398,-0.633600
73.108597,-0.630000
73.106697,-0.627200
73.105003,-0.624200
73.103104,-0.621900
73.100800,-0.619400
73.099197,-0.616900
73.096703,-0.614400
73.094398,-0.612200
73.092796,-0.609400
73.090797,-0.606700
73.089401,-0.603600
73.088097,-0.600300
73.087196,-0.596400
73.087196,-0.592200
73.088600,-0.588600
73.089401,-0.585300
73.091400,-0.582500
73.094398,-0.581400
73.099197,-0.581400
73.101898,-0.583100
73.103302,-0.586400
73.102203,-0.590300
73.099403,-0.591700
73.095001,-0.591700
73.097198,-0.593900
73.099197,-0.597200
73.099197,-0.602800
73.100800,-0.605800
73.102798,-0.608600
73.104401,-0.611400
73.106400,-0.614200
73.107803,-0.617200
73.109398,-0.620000
73.110802,-0.623300
73.112198,-0.626400
73.113602,-0.629700
73.114998,-0.632800
73.116402,-0.635800
73.116898,-0.640000
73.117203,-0.644200
# Triangles
13,31,14
31,15,14
16,15,30
13,12,32
34,11,10
33,12,11
31,13,32
30,15,31
32,12,33
16,30,29
19,18,28
20,28,21
19,28,20
28,18,17
29,28,17
28,27,23
28,23,22
23,27,24
24,27,25
28,22,21
17,16,29
35,10,9
3,2,42
40,5,4
39,6,5
4,3,41
1,44,43
43,42,2
40,4,41
41,3,42
1,43,2
39,5,40
34,33,11
10,35,34
26,25,27
36,9,8
6,38,7
38,6,39
7,38,37
9,36,35
36,8,37
8,7,37
