# Maldives region 42
36 33
# Outer Vertices
73.365303,2.381400
73.361900,2.382200
73.361099,2.386400
73.361099,2.390800
73.360802,2.395600
73.361099,2.399200
73.361099,2.403900
73.360802,2.407800
73.359703,2.412500
73.358902,2.415600
73.358101,2.419200
73.356102,2.422500
73.354698,2.425300
73.353302,2.428300
73.351700,2.431100
73.349701,2.433900
73.348900,2.437500
73.350304,2.440800
73.353897,2.440000
73.354401,2.437200
73.356102,2.433900
73.357498,2.430800
73.359398,2.428100
73.361702,2.425300
73.363602,2.423100
73.365303,2.419700
73.366096,2.416700
73.367500,2.413300
73.368599,2.409700
73.368896,2.405600
73.368599,2.401400
73.367500,2.397200
73.367203,2.393300
73.367203,2.388600
73.366699,2.384400
73.365303,2.381400
# Triangles
23,11,10
22,12,11
22,11,23
8,26,9
10,9,25
8,7,27
12,22,13
19,16,15
18,17,16
15,14,20
21,20,14
21,13,22
18,16,19
19,15,20
13,21,14
3,2,33
32,4,3
4,32,31
34,2,1
34,33,2
5,4,31
32,3,33
0,34,1
5,31,30
24,10,25
9,26,25
23,10,24
7,6,29
7,29,28
26,8,27
28,27,7
6,30,29
6,5,30
