# Maldives region 83
20 17
# Outer Vertices
73.447800,-0.307800
73.444702,-0.306400
73.442802,-0.303600
73.441101,-0.300800
73.439201,-0.298100
73.437500,-0.295300
73.435303,-0.293100
73.432503,-0.291400
73.429703,-0.289400
73.428299,-0.286400
73.430496,-0.283900
73.435303,-0.283600
73.439201,-0.283900
73.442497,-0.285300
73.444199,-0.288100
73.445297,-0.291700
73.446098,-0.295800
73.446899,-0.299400
73.447502,-0.303600
73.447800,-0.307800
# Triangles
7,6,11
14,6,5
12,6,13
9,8,10
8,11,10
8,7,11
6,12,11
5,4,16
17,3,2
1,19,18
1,18,2
17,2,18
6,14,13
5,15,14
5,16,15
3,17,16
3,16,4
