# Maldives region 36
21 18
# Outer Vertices
73.432503,5.825800
73.429703,5.827200
73.430801,5.830800
73.433601,5.832800
73.436401,5.834400
73.439201,5.836400
73.441399,5.838600
73.443100,5.841400
73.444397,5.844400
73.445602,5.848300
73.447800,5.850600
73.451103,5.849200
73.451103,5.844400
73.449997,5.840800
73.449203,5.837200
73.447197,5.834400
73.445000,5.832200
73.441704,5.830300
73.438904,5.828900
73.436401,5.827200
73.432503,5.825800
# Triangles
2,1,20
3,19,18
2,20,19
4,18,17
2,19,3
5,4,17
16,6,5
18,4,3
5,17,16
15,14,6
15,6,16
14,13,7
7,6,14
7,13,8
9,8,12
9,11,10
11,9,12
8,13,12
