# Maldives region 101
20 17
# Outer Vertices
73.569397,5.271900
73.566704,5.273900
73.566902,5.277500
73.571098,5.278300
73.575302,5.278300
73.579201,5.279200
73.581703,5.281100
73.584396,5.283300
73.586899,5.285300
73.589699,5.286900
73.593300,5.286100
73.593903,5.282800
73.594200,5.278300
73.592201,5.275600
73.589699,5.273600
73.585602,5.274200
73.581398,5.274200
73.577202,5.273300
73.573097,5.272800
73.569397,5.271900
# Triangles
3,1,19
3,19,18
4,18,17
2,1,3
17,5,4
4,3,18
5,16,6
5,17,16
7,6,15
15,6,16
7,15,13
13,15,14
7,13,12
7,12,8
9,11,10
11,9,8
12,11,8
