# France region 1
499 496
# Outer Vertices
2.901285,50.697048
3.035277,50.773869
3.113055,50.793320
3.193333,50.741371
3.281388,50.594151
3.280000,50.538319
3.367222,50.495541
3.602222,50.497211
3.668889,50.444149
3.671944,50.346371
3.725277,50.313599
3.763611,50.351929
4.090833,50.314430
4.216110,50.265270
4.137777,50.137760
4.226388,50.081100
4.150000,49.986370
4.168332,49.981369
4.458333,49.938591
4.673610,49.996380
4.757500,50.129429
4.876388,50.154980
4.851943,50.079430
4.800832,49.977760
4.881110,49.914700
4.858054,49.796379
5.097777,49.768589
5.216944,49.690540
5.276111,49.698589
5.329721,49.659981
5.307221,49.630810
5.423332,49.609150
5.473055,49.506100
5.705208,49.535229
5.783038,49.527271
5.963333,49.488319
5.981388,49.448318
6.165277,49.504711
6.362221,49.459980
6.493888,49.447201
6.594722,49.363041
6.589722,49.320271
6.787220,49.162479
6.838888,49.154980
6.847499,49.215260
7.026666,49.188869
7.038332,49.118320
7.088332,49.125259
7.361388,49.147770
7.375277,49.171928
7.486943,49.164150
7.539999,49.088871
7.741110,49.041660
7.938610,49.048870
8.192221,48.968868
8.227394,48.963711
8.133333,48.885540
7.921515,48.690029
7.801943,48.592480
7.807499,48.513321
7.771666,48.491650
7.750833,48.336651
7.604999,48.156929
7.571666,48.037209
7.615832,48.002769
7.513333,47.686932
7.588799,47.584560
7.521388,47.525822
7.452777,47.469978
7.395610,47.439671
7.178332,47.445820
7.198054,47.495258
6.990555,47.497211
7.007777,47.454990
6.978333,47.444149
6.881110,47.356930
7.023055,47.371651
7.061665,47.345539
7.010833,47.305260
6.948332,47.291931
6.694443,47.068321
6.702777,47.038601
6.587221,46.987759
6.434721,46.926929
6.452777,46.774429
6.325022,46.704479
6.129999,46.593319
6.078055,46.460819
6.124443,46.401920
6.114444,46.257771
6.060832,46.250542
5.966110,46.205261
6.000000,46.174160
5.965833,46.140270
6.152222,46.153591
6.305554,46.252491
6.242221,46.297771
6.243931,46.322392
6.246387,46.357769
6.328333,46.406929
6.633611,46.464149
6.796110,46.432491
6.808887,46.411091
6.804937,46.405499
6.767499,46.352489
6.844443,46.271370
6.795277,46.217758
6.788054,46.142208
6.884444,46.126091
6.871387,46.051929
6.929166,46.065262
7.038747,45.931721
6.808887,45.831379
6.799166,45.780819
6.824166,45.714989
6.990832,45.639980
6.999443,45.518318
7.181388,45.411652
7.133054,45.355549
7.122776,45.301929
6.850277,45.136101
6.760833,45.168320
6.620172,45.110661
6.746666,45.020260
6.743332,44.947762
7.009999,44.848591
7.068889,44.689152
7.000833,44.699150
6.950832,44.664700
6.960278,44.628868
6.852777,44.540821
6.857222,44.507771
6.934999,44.443039
6.886110,44.415821
6.935832,44.323318
7.279444,44.156651
7.672776,44.182758
7.704166,44.072208
7.492221,43.869431
7.534765,43.783451
7.457388,43.758652
7.440700,43.757824
7.438300,43.760300
7.435800,43.763100
7.434200,43.766102
7.432500,43.769199
7.429400,43.771400
7.424700,43.773102
7.420000,43.772499
7.416100,43.770599
7.412800,43.768299
7.409700,43.765800
7.406400,43.763599
7.403100,43.761398
7.400300,43.758598
7.397200,43.756100
7.393900,43.753899
7.390600,43.751400
7.387800,43.748600
7.386400,43.745602
7.386400,43.741901
7.388300,43.738899
7.390000,43.735802
7.390800,43.732201
7.391187,43.728031
7.349536,43.721825
7.345833,43.720539
7.158610,43.663052
7.133888,43.564159
7.005278,43.558319
6.854444,43.427212
6.748055,43.434711
6.669722,43.315540
6.589444,43.292210
6.681389,43.224430
6.615000,43.169430
6.593888,43.197491
6.375278,43.149712
6.368055,43.092770
6.201943,43.129990
6.166666,43.115551
6.181110,43.056381
6.088611,43.052490
6.126943,43.075550
6.117499,43.098049
5.934722,43.133598
5.911111,43.099991
5.862222,43.057491
5.781111,43.082489
5.780555,43.139149
5.431944,43.220829
5.363610,43.221931
5.361666,43.335270
5.322222,43.366650
5.063611,43.340820
5.012777,43.373600
5.018332,43.400829
5.230555,43.464161
5.227221,43.496101
5.162222,43.476940
5.031388,43.556660
5.016109,43.496658
5.060833,43.465549
5.061110,43.430538
4.957777,43.424992
4.876111,43.423870
4.873610,43.373322
4.756944,43.419430
4.741666,43.417488
4.816388,43.379990
4.821666,43.359989
4.606944,43.361931
4.573333,43.379990
4.601666,43.424992
4.537837,43.451408
4.399444,43.455818
4.321111,43.458321
4.312499,43.509708
4.247222,43.491940
4.240555,43.471661
4.195276,43.461380
4.124722,43.498322
4.133055,43.536652
4.062222,43.563320
3.860555,43.484711
3.471389,43.278599
3.341111,43.271099
3.102222,43.084148
3.043333,43.106930
3.030278,43.069149
3.085278,43.050270
3.037777,42.940269
3.036944,42.897209
2.963889,42.848320
2.975277,42.809429
3.012222,42.798038
3.052499,42.878601
3.049444,42.553879
3.176962,42.437611
3.150833,42.433319
3.038333,42.474979
2.678333,42.401649
2.671111,42.338322
2.476666,42.351650
2.254167,42.434711
2.086944,42.363319
1.976666,42.374699
1.953055,42.437199
1.787500,42.490261
1.710967,42.473499
1.781667,42.581661
1.541111,42.653870
1.435247,42.597149
1.383611,42.689701
0.815833,42.841091
0.667778,42.839149
0.668055,42.748039
0.676111,42.689152
0.412500,42.695259
0.291111,42.675819
0.261944,42.717480
-0.057500,42.694149
-0.123889,42.757488
-0.187778,42.785820
-0.306667,42.849152
-0.392222,42.796379
-0.500833,42.822208
-0.519167,42.790821
-0.656111,42.863602
-0.746944,42.965542
-0.818889,42.946091
-1.300556,43.071659
-1.288333,43.106091
-1.360278,43.031651
-1.440556,43.048321
-1.472778,43.091091
-1.381945,43.196651
-1.409167,43.273041
-1.620000,43.256378
-1.655833,43.309429
-1.810488,43.385891
-1.652223,43.399429
-1.493333,43.561378
-1.424445,43.758881
-1.294167,44.259708
-1.208611,44.625820
-1.192222,44.661930
-1.054445,44.659988
-1.037222,44.683041
-1.134444,44.763599
-1.168889,44.776100
-1.248889,44.630821
-1.259167,44.691929
-1.194722,45.123600
-1.095278,45.552761
-1.058333,45.571381
-1.057778,45.520821
-0.808333,45.367210
-0.735833,45.247490
-0.714722,45.130550
-0.661667,45.053600
-0.560556,44.986660
-0.589167,45.021648
-0.495000,44.998878
-0.519445,45.030819
-0.620000,45.060261
-0.668333,45.124149
-0.737778,45.400269
-0.850000,45.519161
-1.245326,45.707790
-1.230834,45.788052
-1.146111,45.803322
-0.985278,45.715260
-1.138056,45.839989
-1.071944,45.958881
-1.111389,46.006649
-1.055556,46.008598
-1.103889,46.100269
-1.152222,46.155270
-1.202500,46.155270
-1.193889,46.215260
-1.105834,46.258598
-1.112222,46.313599
-1.195000,46.319149
-1.214445,46.273319
-1.405556,46.346661
-1.448611,46.338039
-1.472222,46.395821
-1.511945,46.419159
-1.673889,46.451931
-1.799445,46.486931
-1.914167,46.688599
-2.108056,46.813599
-2.133890,46.887211
-2.011049,47.020031
-1.984445,47.034431
-2.051667,47.097210
-2.239722,47.135818
-2.163611,47.165272
-2.165556,47.264992
-2.025000,47.296940
-1.815834,47.237209
-1.998889,47.317490
-2.159445,47.309990
-2.273334,47.241650
-2.495833,47.291370
-2.442500,47.291100
-2.448612,47.322491
-2.553611,47.376930
-2.396111,47.405270
-2.434167,47.421101
-2.488889,47.481380
-2.361389,47.504162
-2.662222,47.526100
-2.736111,47.504162
-2.809722,47.491650
-2.912222,47.551659
-2.877223,47.564709
-2.736945,47.543880
-2.680556,47.613041
-2.768611,47.620541
-2.880000,47.606098
-2.936667,47.597210
-2.960556,47.564430
-3.125278,47.599430
-3.120278,47.500542
-3.149167,47.521381
-3.132223,47.576649
-3.200556,47.659431
-3.148056,47.741379
-3.212778,47.652489
-3.354445,47.706661
-3.281389,47.782490
-3.441389,47.701382
-3.712778,47.811939
-3.847778,47.793598
-3.951111,47.898880
-4.085556,47.868320
-4.182778,47.881378
-4.155556,47.831928
-4.209723,47.799431
-4.361945,47.802761
-4.343889,47.853600
-4.419723,47.960819
-4.529445,48.022491
-4.613056,48.020821
-4.725613,48.040989
-4.662223,48.073601
-4.295000,48.098881
-4.297501,48.178322
-4.431390,48.240551
-4.493056,48.236099
-4.537223,48.176102
-4.563612,48.233601
-4.623889,48.281940
-4.513056,48.300270
-4.235001,48.303879
-4.323611,48.319988
-4.318334,48.357769
-4.448611,48.330540
-4.405556,48.381939
-4.293334,48.427212
-4.763889,48.335270
-4.790556,48.421379
-4.744167,48.545818
-4.631945,48.579708
-4.428334,48.650539
-4.314167,48.670818
-4.222778,48.648319
-4.176667,48.686100
-3.968056,48.731930
-3.953333,48.652210
-3.900278,48.676380
-3.854167,48.629162
-3.810833,48.726101
-3.596111,48.675819
-3.571111,48.686100
-3.582778,48.726650
-3.532222,48.739159
-3.580834,48.766930
-3.512778,48.837212
-3.263056,48.838600
-3.220834,48.870541
-3.224167,48.793880
-3.101667,48.872211
-3.079167,48.826931
-2.948611,48.768879
-2.883611,48.680820
-2.824722,48.654991
-2.765556,48.572208
-2.653334,48.530540
-2.464723,48.629990
-2.314336,48.692600
-2.284445,48.669159
-2.329167,48.624710
-2.226389,48.611370
-2.176389,48.579430
-2.105834,48.646099
-2.002500,48.583050
-1.982500,48.514149
-1.956944,48.550819
-2.030000,48.650829
-1.849167,48.709148
-1.870000,48.649990
-1.840556,48.615551
-1.638056,48.616650
-1.433889,48.663601
-1.560833,48.744709
-1.605834,48.841099
-1.549167,48.922771
-1.556667,49.015820
-1.585278,49.008881
-1.610278,49.097759
-1.549445,49.219711
-1.629445,49.215549
-1.774167,49.381649
-1.812500,49.377769
-1.845834,49.499710
-1.884444,49.529148
-1.840000,49.578320
-1.851944,49.642769
-1.945833,49.675541
-1.941945,49.723881
-1.482778,49.675541
-1.410833,49.704990
-1.258333,49.694439
-1.259722,49.586102
-1.299445,49.578880
-1.301667,49.543880
-1.142222,49.343880
-1.013889,49.394711
-0.436389,49.341099
-0.218333,49.274712
0.218333,49.426659
0.393055,49.458881
0.143611,49.476940
0.078056,49.511662
0.184444,49.702770
0.611944,49.857491
1.131111,49.948879
1.435555,50.098320
1.505555,50.201931
1.555000,50.219440
1.656944,50.184158
1.645000,50.217209
1.548055,50.266651
1.534167,50.288601
1.552778,50.359989
1.610278,50.368320
1.558889,50.402489
1.576944,50.612209
1.576111,50.864429
1.943333,50.995270
2.472777,51.070541
2.541667,51.091099
2.612500,50.887211
2.629444,50.824711
2.781944,50.755550
2.901285,50.697048
# Triangles
280,279,281
281,279,278
277,281,278
277,282,281
333,332,334
332,331,334
330,329,331
331,329,328
331,335,334
331,341,335
336,335,341
341,331,328
276,274,273
277,269,283
283,282,277
277,276,272
272,276,273
269,284,283
271,270,272
323,327,325
325,327,326
310,309,311
323,341,328
272,269,277
274,276,275
327,323,328
367,366,365
355,354,358
358,353,359
353,358,354
356,355,357
365,364,367
369,364,362
362,364,363
360,359,430
357,355,358
369,362,361
369,361,360
367,364,368
344,346,345
346,344,349
336,340,338
338,337,336
340,339,338
341,340,336
347,349,348
351,350,352
343,342,352
349,352,350
352,349,343
352,342,439
349,347,346
344,343,349
352,359,353
342,341,439
359,352,436
323,325,324
264,266,265
267,266,268
261,260,262
263,262,260
260,264,263
285,287,286
285,284,287
288,287,301
290,292,291
266,269,268
269,266,264
287,284,269
264,287,269
272,270,269
287,264,303
264,260,255
249,248,250
248,247,250
246,245,247
247,244,250
244,247,245
251,228,253
258,255,260
256,255,258
258,257,256
258,260,259
303,254,253
254,303,255
251,253,252
303,264,255
303,253,228
250,228,251
293,292,290
289,293,290
314,313,312
299,293,289
296,294,293
319,318,320
320,318,321
321,318,317
322,321,307
321,317,316
323,322,341
316,315,314
305,304,306
293,299,298
300,288,301
302,301,303
303,307,304
289,288,300
306,304,307
309,312,311
296,295,294
316,312,308
316,314,312
308,312,309
296,293,297
308,307,316
298,297,293
322,307,474
321,316,307
299,289,300
287,303,301
303,474,307
322,446,341
91,474,303
386,385,387
387,385,384
382,381,380
388,384,383
384,388,387
395,393,391
395,394,393
393,392,391
390,389,396
396,395,390
390,395,391
383,382,388
415,374,372
372,370,369
364,369,368
370,372,371
374,373,372
396,388,376
388,382,378
396,389,388
388,378,377
375,374,376
377,376,388
376,413,396
378,380,379
374,413,376
372,369,429
378,382,380
397,396,398
404,403,405
400,398,401
405,401,406
403,402,405
396,401,398
405,402,401
398,400,399
401,407,406
401,408,407
408,411,409
411,413,412
411,408,401
411,410,409
411,401,396
411,396,413
415,372,416
416,418,417
415,414,413
429,428,427
416,372,423
423,418,416
372,427,423
374,415,413
418,420,419
423,421,418
420,418,421
423,422,421
424,423,425
425,423,426
427,426,423
427,372,429
369,430,429
434,430,436
430,359,436
434,436,435
440,439,444
437,436,438
443,441,440
439,445,444
439,438,436
369,360,430
444,443,440
431,434,432
434,431,430
433,432,434
442,441,443
452,451,450
447,446,449
469,450,449
449,446,469
449,448,447
436,352,439
452,450,453
454,453,455
456,455,457
455,453,463
470,446,471
468,453,469
469,446,470
469,453,450
471,446,472
322,472,446
445,439,341
458,457,459
459,455,463
455,459,457
468,463,453
475,477,476
463,468,467
461,460,462
463,462,460
459,463,460
465,464,467
464,463,467
465,467,466
474,477,475
474,478,477
478,474,479
16,483,480
479,474,91
481,483,482
483,481,480
488,484,496
480,479,16
487,486,488
488,486,485
490,488,492
488,490,489
492,491,490
492,488,496
485,484,488
496,484,483
472,322,473
341,446,445
322,474,473
244,229,250
243,242,241
244,241,233
237,234,241
237,240,239
235,234,237
237,236,235
237,241,240
233,241,234
233,232,231
229,231,230
231,229,233
229,244,233
228,227,226
228,250,229
228,226,303
189,188,187
183,182,181
183,180,184
189,187,186
226,225,224
185,192,189
185,189,186
191,190,192
192,190,189
198,192,185
198,185,133
238,237,239
226,224,303
217,216,215
217,215,214
212,211,213
213,208,214
208,213,211
211,210,208
217,214,200
223,222,217
221,220,222
91,224,223
220,219,218
218,217,222
220,218,222
93,223,217
214,208,207
206,205,207
209,208,210
195,194,196
196,194,197
197,194,193
207,205,200
201,204,203
200,205,201
201,205,204
199,198,200
197,193,198
202,201,203
200,198,122
193,192,198
207,200,214
200,93,217
185,184,180
224,91,303
181,180,183
173,185,179
178,177,179
176,175,174
179,177,173
173,177,176
174,173,176
172,171,173
173,133,185
170,169,171
168,167,169
171,169,134
171,133,173
167,134,169
158,166,165
160,159,165
165,161,160
158,165,159
163,161,165
162,161,163
163,165,164
158,157,166
153,156,155
166,157,135
142,140,144
140,142,141
157,156,153
135,167,166
154,153,155
130,122,198
198,131,130
132,131,133
128,130,129
133,171,134
130,128,124
124,123,122
122,121,114
124,122,130
127,126,125
124,128,125
128,127,125
121,120,116
198,133,131
153,152,150
151,150,152
153,150,135
143,142,144
140,145,144
150,149,135
147,138,148
138,135,149
147,146,138
138,149,148
138,146,145
137,136,138
138,136,135
140,138,145
138,140,139
135,134,167
157,153,135
185,180,179
93,200,122
36,33,32
86,32,25
16,479,91
34,36,35
92,91,93
90,87,91
83,36,32
17,91,87
27,30,28
27,25,30
30,29,28
25,32,30
34,33,36
31,30,32
25,27,26
88,87,90
97,95,99
95,97,96
99,98,97
94,112,95
83,32,86
83,86,85
41,38,36
87,86,17
83,75,36
84,83,85
41,39,38
38,37,36
99,95,100
88,90,89
122,94,93
1,0,5
483,6,5
3,5,4
9,8,7
7,6,9
9,6,483
0,483,5
496,495,493
494,493,495
493,492,496
1,5,3
2,1,3
497,496,483
497,483,0
18,17,25
18,25,19
17,16,91
25,24,23
19,23,20
25,23,19
17,86,25
23,22,20
10,14,11
10,16,14
12,11,14
14,13,12
20,22,21
16,15,14
9,483,10
10,483,16
223,93,91
106,95,107
107,95,112
106,100,95
109,112,111
108,107,109
109,107,112
94,122,113
106,105,104
81,80,82
80,75,83
104,103,101
102,101,103
104,101,100
100,106,104
94,113,112
111,110,109
115,114,116
117,116,118
118,116,119
114,121,116
76,75,79
75,74,72
79,78,76
75,80,79
77,76,78
70,69,71
114,113,122
36,75,72
43,72,63
73,72,74
46,62,47
43,62,46
71,68,65
50,48,51
60,48,47
68,67,65
71,63,72
69,68,71
43,42,72
41,40,39
36,42,41
45,43,46
45,44,43
48,50,49
63,71,65
36,72,42
60,47,62
65,64,63
62,43,63
61,60,62
60,59,58
60,51,48
58,57,52
52,51,58
57,53,52
58,51,60
56,55,54
54,53,56
56,53,57
65,67,66
83,82,80
119,116,120
244,243,241
