# Paraguay region 0
175 172
# Outer Vertices
-61.742771,-19.645000
-60.613621,-19.459169
-59.990841,-19.296671
-59.101940,-19.348061
-58.232498,-19.782511
-58.151661,-19.828060
-58.158169,-20.168859
-58.119720,-20.201111
-58.161942,-20.236670
-58.142780,-20.280279
-58.105560,-20.265011
-58.085560,-20.371120
-57.990841,-20.440840
-57.996948,-20.612221
-57.978882,-20.711109
-57.926392,-20.666950
-57.859730,-20.734449
-57.943329,-20.794170
-57.861389,-20.829170
-57.864449,-20.859171
-57.921108,-20.902229
-57.819450,-20.956110
-57.838329,-21.200560
-57.906658,-21.281120
-57.851398,-21.330549
-57.954170,-21.510839
-57.891949,-21.689449
-57.956669,-21.847500
-57.922779,-21.895281
-57.982800,-22.089230
-57.879440,-22.130560
-57.645550,-22.099171
-57.614719,-22.173059
-57.516941,-22.184731
-57.320839,-22.201670
-57.177219,-22.215839
-57.000858,-22.233080
-56.873890,-22.245831
-56.875832,-22.285000
-56.834171,-22.298340
-56.780830,-22.253059
-56.701111,-22.214451
-56.637779,-22.262779
-56.486340,-22.082670
-56.396389,-22.066950
-56.383888,-22.101120
-56.200279,-22.275841
-55.921669,-22.300560
-55.859730,-22.283340
-55.745548,-22.395281
-55.730831,-22.539450
-55.610001,-22.708611
-55.630001,-22.986950
-55.527222,-23.219999
-55.550549,-23.319170
-55.502781,-23.378889
-55.522499,-23.596951
-55.441940,-23.700840
-55.418892,-23.939171
-55.396671,-23.971121
-55.204441,-24.018339
-54.932499,-23.968611
-54.638050,-23.807510
-54.428890,-23.900841
-54.243061,-24.052231
-54.329441,-24.121670
-54.319450,-24.237221
-54.253059,-24.331390
-54.274441,-24.411390
-54.331669,-24.492781
-54.311939,-24.609171
-54.401901,-24.823589
-54.457779,-25.049730
-54.422230,-25.136950
-54.617222,-25.438061
-54.596111,-25.574869
-54.583889,-25.636669
-54.644169,-25.656950
-54.601669,-25.952780
-54.663059,-25.977221
-54.633610,-26.200279
-54.803612,-26.659451
-54.883331,-26.656111
-54.930561,-26.688339
-54.950550,-26.770559
-55.117771,-26.857780
-55.126110,-26.945000
-55.186390,-26.962780
-55.251110,-26.936119
-55.396111,-26.971670
-55.445831,-27.023899
-55.451939,-27.091391
-55.598881,-27.164450
-55.581669,-27.301950
-55.603611,-27.346390
-55.785381,-27.434490
-55.888050,-27.333891
-56.042500,-27.303619
-56.148609,-27.312229
-56.274719,-27.396111
-56.271111,-27.461390
-56.361111,-27.584169
-56.392231,-27.586121
-56.452782,-27.550840
-56.515011,-27.464170
-56.585831,-27.448059
-56.673328,-27.461390
-56.726101,-27.503620
-56.769260,-27.499741
-56.784199,-27.492331
-56.874168,-27.421120
-56.932499,-27.423059
-57.059441,-27.488890
-57.404449,-27.424170
-57.735561,-27.305281
-58.011120,-27.270281
-58.602650,-27.294180
-58.658890,-27.181391
-58.636120,-27.137230
-58.563610,-27.116949
-58.546108,-27.045839
-58.509731,-27.058620
-58.473610,-26.936119
-58.317780,-26.878340
-58.342220,-26.813890
-58.246109,-26.764730
-58.239719,-26.649731
-58.185268,-26.658621
-58.168331,-26.596951
-58.218060,-26.540560
-58.207218,-26.494169
-58.211391,-26.425831
-58.169449,-26.342230
-58.172230,-26.272779
-58.104721,-26.240280
-58.121941,-26.218889
-57.853889,-25.996389
-57.900829,-25.952499
-57.750011,-25.716669
-57.751110,-25.670000
-57.575569,-25.573059
-57.557781,-25.433331
-57.640282,-25.378889
-57.650280,-25.330009
-57.870548,-25.087780
-57.980831,-25.077499
-58.228611,-24.938339
-58.338051,-24.997499
-58.460831,-24.852501
-58.686661,-24.816120
-58.885559,-24.726391
-59.131390,-24.598890
-59.426392,-24.398340
-59.615841,-24.286390
-59.638248,-24.247520
-60.038059,-24.009729
-60.170280,-24.041670
-60.313061,-24.020281
-60.640839,-23.895559
-61.015011,-23.806110
-61.124168,-23.597780
-61.224720,-23.555281
-61.619999,-23.285839
-61.999168,-22.994720
-62.005562,-22.942230
-62.260830,-22.600281
-62.237499,-22.566950
-62.258610,-22.518890
-62.628052,-22.303329
-62.623890,-22.249161
-62.638660,-22.236629
-62.259171,-21.056950
-62.269451,-20.562229
-61.913059,-20.080009
-61.742771,-19.645000
# Triangles
117,116,119
119,118,117
116,121,119
121,120,119
123,122,121
121,116,115
149,148,150
158,157,155
160,159,158
155,160,158
155,157,156
30,151,150
151,29,152
154,153,152
154,29,155
152,29,154
160,155,29
30,150,148
125,123,115
126,125,127
127,115,114
115,127,125
127,114,128
130,128,132
130,129,128
134,132,128
130,132,131
128,114,136
123,121,115
134,133,132
147,146,148
135,134,136
137,136,138
140,138,136
34,146,144
145,144,146
134,128,136
148,32,30
136,114,113
123,125,124
146,32,148
169,168,167
170,169,171
167,171,169
164,163,162
161,160,162
166,164,162
166,165,164
166,162,167
171,167,162
1,171,25
172,171,173
1,174,173
14,9,2
171,1,173
6,8,7
8,3,2
8,6,3
6,4,3
4,6,5
8,2,9
2,1,25
162,160,171
29,28,27
27,26,25
23,14,25
14,23,20
160,25,171
14,2,25
24,23,25
22,21,20
22,20,23
160,29,27
13,12,11
9,11,10
11,9,13
17,19,18
19,17,20
14,16,15
16,14,17
17,14,20
14,13,9
25,160,27
151,30,29
139,138,140
108,107,106
106,109,108
110,109,106
102,101,103
104,103,100
100,103,101
99,104,100
110,136,111
113,112,111
140,77,141
143,142,141
136,110,140
98,110,105
105,104,99
98,105,99
97,89,98
140,98,89
110,98,140
105,110,106
92,97,96
94,92,96
93,92,94
92,91,90
97,92,90
89,97,90
87,85,88
85,87,86
88,85,89
89,85,83
77,140,89
84,83,85
79,82,80
80,82,81
82,79,83
79,77,89
79,78,77
75,74,77
76,75,77
141,77,74
89,83,79
96,95,94
59,141,74
39,38,144
42,39,52
40,39,42
41,40,42
52,39,54
38,35,144
50,49,47
52,50,46
51,50,52
47,46,50
48,47,49
45,42,46
52,46,42
144,56,39
33,146,34
31,30,32
32,146,33
35,34,144
35,38,36
43,45,44
42,45,43
38,37,36
144,143,58
59,58,141
61,60,71
71,60,72
70,69,71
69,61,71
74,60,59
68,67,66
68,66,69
69,66,61
61,66,65
63,65,64
56,55,54
53,52,54
56,54,39
58,143,141
62,61,63
61,65,63
58,57,56
144,58,56
72,60,74
74,73,72
113,111,136
