# Slovakia region 0
224 221
# Outer Vertices
16.944860,48.616501
16.952801,48.628101
16.970301,48.634399
16.975800,48.639999
16.988100,48.681400
16.993601,48.687801
17.003599,48.694698
17.005600,48.698101
17.003099,48.708900
17.004700,48.716702
17.010599,48.721901
17.026699,48.750000
17.034700,48.758099
17.038300,48.764999
17.043900,48.771099
17.055300,48.776901
17.068600,48.786400
17.092199,48.792801
17.100000,48.803101
17.108101,48.826900
17.113899,48.833099
17.126400,48.837799
17.146099,48.842201
17.162800,48.849201
17.188900,48.869202
17.205601,48.869701
17.230301,48.873100
17.252800,48.870800
17.306900,48.852501
17.343599,48.848099
17.376400,48.827499
17.390301,48.822800
17.403900,48.822800
17.418600,48.826698
17.433300,48.833599
17.445299,48.843601
17.459200,48.851898
17.476700,48.852501
17.493299,48.846100
17.509199,48.832802
17.522499,48.817501
17.529400,48.815300
17.549999,48.817799
17.573299,48.829700
17.597200,48.833900
17.606701,48.840801
17.633101,48.846401
17.645599,48.851898
17.673599,48.851101
17.686100,48.856701
17.694201,48.857800
17.712200,48.856098
17.736099,48.871399
17.754700,48.875801
17.763100,48.879700
17.767500,48.884201
17.775801,48.900600
17.782200,48.906700
17.793301,48.913300
17.801100,48.922798
17.806400,48.926399
17.813601,48.927799
17.850800,48.928101
17.884199,48.924400
17.890301,48.926899
17.896400,48.934399
17.897499,48.947498
17.900000,48.952801
17.910601,48.963600
17.912201,48.969700
17.911100,48.985001
17.928301,49.016899
17.940001,49.022800
17.967501,49.027500
17.990000,49.028900
18.017500,49.024700
18.030300,49.025600
18.065300,49.035801
18.075300,49.041901
18.099701,49.069401
18.121901,49.082802
18.130301,49.102798
18.147800,49.115601
18.151400,49.124401
18.150801,49.130001
18.145000,49.139702
18.145300,49.145000
18.158899,49.165298
18.166401,49.196400
18.174200,49.210300
18.184999,49.221100
18.188101,49.226398
18.188101,49.229401
18.184999,49.234200
18.174700,49.241699
18.208099,49.284199
18.212799,49.288101
18.219700,49.290001
18.252199,49.294399
18.281401,49.301899
18.307199,49.303902
18.317801,49.307499
18.333300,49.317799
18.350800,49.323101
18.366100,49.325600
18.379400,49.330299
18.386900,49.335800
18.408300,49.361099
18.420300,49.371101
18.420300,49.374199
18.417200,49.378300
18.406401,49.389198
18.404699,49.394199
18.405800,49.396900
18.414400,49.396099
18.428101,49.390800
18.436899,49.390598
18.443600,49.392799
18.469200,49.407200
18.475599,49.413101
18.482500,49.423100
18.496401,49.434700
18.517200,49.444199
18.535299,49.450298
18.546101,49.457500
18.548300,49.463600
18.548300,49.481701
18.551399,49.486900
18.562201,49.493900
18.581100,49.497799
18.586399,49.497501
18.605301,49.491699
18.623100,49.492199
18.630301,49.494202
18.648100,49.503300
18.655600,49.504200
18.681700,49.495800
18.705000,49.496700
18.730600,49.485298
18.744699,49.483101
18.763100,49.491402
18.779400,49.505001
18.798599,49.516102
18.814400,49.518902
18.844700,49.515800
18.853331,49.517780
18.854160,49.514709
18.979441,49.499989
18.980551,49.396099
19.138889,49.402210
19.196939,49.433868
19.276390,49.530540
19.338610,49.529430
19.390270,49.569710
19.475550,49.605259
19.585270,49.453602
19.651939,49.450539
19.641109,49.401920
19.791660,49.404430
19.808889,49.319710
19.766109,49.213039
19.794439,49.196369
19.936380,49.231091
20.002600,49.213772
20.068880,49.176380
20.099440,49.228031
20.181660,49.324429
20.440830,49.409149
20.567221,49.377762
20.695000,49.417488
20.910830,49.296101
21.097500,49.366379
21.049440,49.405258
21.125830,49.431660
21.197491,49.403870
21.278879,49.456650
21.513050,49.416370
21.612770,49.436932
21.980270,49.311649
22.030270,49.214989
22.474991,49.090820
22.558001,49.079418
22.547489,49.032200
22.465269,48.975540
22.326389,48.683868
22.157221,48.576649
22.151449,48.412060
22.101660,48.377201
21.862770,48.365540
21.738041,48.350819
21.628050,48.449421
21.614161,48.498322
21.442770,48.575260
21.125549,48.492489
20.824711,48.575821
20.509991,48.537769
20.364719,48.305820
20.291941,48.254711
20.150270,48.260269
20.065550,48.180271
19.918600,48.129978
19.662210,48.231930
19.535000,48.212200
19.476379,48.089149
19.001249,48.068779
18.827499,48.035820
18.808331,47.993870
18.770281,47.956089
18.766939,47.877762
18.849409,47.818439
18.812500,47.816662
18.337500,47.740822
17.784161,47.746929
17.603331,47.828041
17.251659,48.024990
17.179899,48.001820
17.080830,48.079990
17.068100,48.144150
16.976681,48.174179
16.949720,48.278042
16.840830,48.368591
16.856110,48.419151
16.896391,48.487209
16.944860,48.616501
# Triangles
220,219,221
221,219,222
222,2,0
1,0,2
2,222,219
3,30,6
3,219,217
2,219,3
6,5,4
6,4,3
3,217,31
217,219,218
17,7,30
8,7,10
10,9,8
12,11,10
10,7,12
7,17,12
13,15,14
13,12,15
17,16,15
21,19,18
18,17,23
12,17,15
30,7,6
217,216,214
31,217,214
31,214,32
3,31,30
21,18,22
28,17,30
40,33,32
32,214,41
214,216,215
41,214,42
41,40,32
213,44,42
40,34,33
44,43,42
48,213,51
213,42,214
40,39,34
20,19,21
29,28,30
23,28,27
22,18,23
28,23,17
39,35,34
35,39,38
45,44,46
37,35,38
48,47,46
46,44,48
44,213,48
35,37,36
213,212,51
49,48,50
23,25,24
27,26,25
27,25,23
51,53,52
51,212,53
55,54,63
57,56,55
55,58,57
212,54,53
51,50,48
59,58,61
62,55,63
58,55,62
60,59,61
61,58,62
64,63,211
65,67,66
67,65,68
70,72,71
69,72,70
69,68,75
65,75,68
64,76,65
63,54,212
72,69,73
69,75,74
76,75,65
73,69,74
205,77,64
76,64,77
80,79,78
81,80,82
84,83,87
100,87,83
85,84,86
82,80,205
80,78,205
86,84,87
88,87,90
89,88,90
94,93,95
87,100,90
92,97,95
98,92,91
92,95,93
96,95,97
99,98,91
92,98,97
99,91,100
90,100,91
104,83,82
77,205,78
212,211,63
210,209,208
211,210,208
208,207,211
206,205,207
207,205,211
82,205,105
202,204,203
202,201,161
161,160,202
163,161,164
204,202,149
198,161,201
105,205,148
204,148,205
83,101,100
102,101,103
104,103,101
106,105,148
83,104,101
104,82,105
108,106,118
149,202,160
109,108,116
106,108,107
115,110,109
159,157,160
161,163,162
201,200,199
205,64,211
198,197,196
198,164,161
196,195,198
170,194,193
195,194,168
198,195,164
185,188,187
189,188,190
179,192,191
188,191,190
185,191,188
187,186,185
171,193,192
165,164,168
171,170,193
164,195,168
166,165,168
178,177,179
169,168,170
171,192,174
194,170,168
179,185,184
179,184,183
179,183,180
182,181,180
183,182,180
179,176,192
179,191,185
198,201,199
168,167,166
115,114,110
109,116,115
110,114,111
113,112,114
114,112,111
117,108,118
119,118,123
120,119,121
121,119,122
124,123,138
119,123,122
123,139,138
123,118,139
126,128,127
128,126,125
128,125,129
129,125,130
125,131,130
124,131,125
133,132,136
131,124,132
132,124,136
134,133,135
137,136,138
133,136,135
138,136,124
116,108,117
204,149,148
157,150,160
160,150,149
150,155,152
150,157,155
156,155,157
159,158,157
171,173,172
175,174,176
177,176,179
174,192,176
118,106,148
144,140,146
141,140,144
142,141,143
146,145,144
141,144,143
140,139,148
146,140,148
148,147,146
150,152,151
153,152,155
154,153,155
148,139,118
171,174,173
