# Korea, Republic of region 2
294 291
# Outer Vertices
126.688599,37.827320
126.686600,37.948040
126.766602,37.968319
126.990501,38.218040
127.197502,38.311932
127.776398,38.333321
127.822701,38.299160
128.134094,38.328320
128.273300,38.423599
128.310501,38.501659
128.303604,38.583870
128.365402,38.622532
128.365494,38.618881
128.435501,38.497761
128.696899,38.058601
129.063004,37.668880
129.066299,37.624439
129.307999,37.302761
129.358307,37.154991
129.433594,37.058880
129.413803,37.016102
129.473801,36.762489
129.416901,36.616650
129.450500,36.500542
129.376602,36.193321
129.431107,36.087490
129.391098,36.055271
129.398300,36.012760
129.462997,35.994709
129.527695,36.051380
129.573593,36.064430
129.585800,35.995541
129.507401,35.779991
129.474396,35.580269
129.422195,35.470829
129.369705,35.530270
129.369400,35.399429
129.330505,35.329708
129.256104,35.218040
128.973801,35.034161
128.969101,35.135818
128.919098,35.089161
128.902802,35.116562
128.735001,35.092770
128.620804,35.160549
128.593002,35.212769
128.572693,35.169991
128.633606,35.079151
128.627701,35.049992
128.572403,35.091930
128.386093,35.042210
128.372498,35.004711
128.487503,35.047489
128.500198,34.998322
128.418304,34.981380
128.437393,34.938881
128.462997,34.868599
128.428604,34.833881
128.360794,34.865551
128.318298,34.890541
128.356598,34.905270
128.329102,34.949429
128.283798,34.898602
128.264999,34.929710
128.211105,34.928051
128.203903,34.888321
128.056107,34.930820
128.043594,35.054989
128.018600,34.979431
127.968300,34.990551
127.909401,34.955269
127.857201,34.941662
127.719704,34.983051
127.710800,34.933041
127.635201,34.901661
127.593300,34.941662
127.570503,34.907490
127.654701,34.811939
127.773598,34.843880
127.769402,34.794991
127.733002,34.718880
127.656403,34.734150
127.625801,34.694149
127.635002,34.614990
127.555000,34.668320
127.587799,34.748051
127.514999,34.883598
127.491600,34.834148
127.361603,34.817760
127.421700,34.793049
127.354103,34.769711
127.400497,34.748322
127.387497,34.701931
127.488899,34.624981
127.504700,34.576099
127.339699,34.579151
127.347198,34.565540
127.435799,34.534710
127.418900,34.510540
127.318604,34.433601
127.227203,34.543598
127.168297,34.511929
127.124702,34.537209
127.131599,34.565269
127.211899,34.632488
127.192703,34.569439
127.242203,34.569439
127.258598,34.594440
127.242203,34.669708
127.288002,34.694710
127.296402,34.651932
127.332497,34.656380
127.335297,34.741940
127.295502,34.721371
127.246101,34.759991
127.201599,34.690269
127.007797,34.611660
126.944099,34.444710
126.896896,34.449162
126.889397,34.412491
126.809402,34.450260
126.799103,34.579430
126.777496,34.585541
126.734200,34.508881
126.760803,34.478321
126.629204,34.388050
126.600304,34.300270
126.519699,34.286381
126.524101,34.339161
126.478302,34.345268
126.522202,34.409710
126.472198,34.433601
126.484703,34.502769
126.538597,34.506649
126.531601,34.568600
126.392502,34.528049
126.272797,34.639431
126.296898,34.751099
126.328300,34.734711
126.349701,34.648041
126.451599,34.578041
126.474998,34.599709
126.386398,34.649151
126.415001,34.691380
126.451401,34.648319
126.528900,34.614159
126.620201,34.624149
126.547501,34.673870
126.369400,34.733051
126.393898,34.762211
126.458298,34.749149
126.559402,34.799431
126.629204,34.780540
126.659698,34.812771
126.577499,34.821381
126.573303,34.854160
126.508904,34.778938
126.416100,34.786652
126.371101,34.800541
126.415802,34.843880
126.405800,34.914989
126.393600,34.983601
126.369400,34.930820
126.317497,34.936649
126.345802,34.970829
126.372200,35.033871
126.306602,35.086380
126.297798,35.045818
126.259399,35.096100
126.263603,35.134708
126.307999,35.127491
126.421097,35.018040
126.457199,35.074429
126.411400,35.119160
126.377998,35.207211
126.308899,35.232491
126.409698,35.363880
126.452202,35.336929
126.421898,35.406651
126.496902,35.512489
126.687500,35.539150
126.658600,35.594151
126.498596,35.578041
126.468597,35.609150
126.479401,35.639992
126.706596,35.770821
126.786903,35.761379
126.783600,35.800541
126.697701,35.838039
126.711899,35.854710
126.787804,35.860538
126.827797,35.906940
126.614197,35.896099
126.636902,35.969711
126.754402,35.986660
126.866501,36.060780
126.684998,36.001099
126.657799,36.043320
126.510002,36.152489
126.598602,36.170269
126.537804,36.225269
126.581902,36.299709
126.515297,36.321381
126.581100,36.355549
126.495796,36.394161
126.588600,36.460541
126.507500,36.436378
126.480499,36.481098
126.514397,36.526661
126.471100,36.537209
126.474098,36.588039
126.524696,36.586929
126.521599,36.667488
126.480003,36.690540
126.497200,36.723881
126.464996,36.740261
126.412498,36.648602
126.372200,36.634991
126.385201,36.708599
126.347504,36.739990
126.303596,36.692760
126.344101,36.609440
126.289398,36.584709
126.272797,36.717491
126.235001,36.682491
126.166100,36.675270
126.158600,36.699989
126.219101,36.710270
126.186401,36.753040
126.123596,36.709148
126.165298,36.810261
126.208298,36.774990
126.184402,36.878319
126.233902,36.898880
126.227798,36.866650
126.278603,36.866940
126.285500,36.898602
126.289398,36.785820
126.356598,36.786381
126.326897,36.841381
126.364998,36.834148
126.417999,36.904148
126.345001,36.956661
126.376900,36.991940
126.477997,36.933601
126.459396,36.885269
126.483299,36.842491
126.501900,36.910820
126.536903,36.931099
126.578598,36.900269
126.491898,37.001099
126.577202,36.973049
126.502502,37.052761
126.571602,37.021381
126.626099,36.946659
126.657799,36.947491
126.776604,36.967209
126.825500,36.909161
126.838600,36.753319
126.874397,36.792488
126.860802,36.846371
126.870003,36.871929
127.002800,36.916100
127.031601,36.990261
126.971397,36.928051
126.907997,36.919430
126.813004,37.004429
126.913002,37.023602
126.875000,37.098881
126.852997,37.036381
126.812202,37.030819
126.752800,37.048599
126.776398,37.123600
126.868599,37.145821
126.856102,37.174431
126.697197,37.121929
126.676102,37.210541
126.667999,37.255550
126.741600,37.240551
126.830002,37.276932
126.766098,37.308319
126.750298,37.383320
126.710503,37.388882
126.621902,37.481380
126.670799,37.497761
126.546402,37.652210
126.539101,37.763321
126.661903,37.749989
126.656601,37.679440
126.682999,37.651932
126.749397,37.637489
126.680496,37.684429
126.697304,37.835201
126.688599,37.827320
# Triangles
136,139,138
139,136,135
140,139,135
138,137,136
143,142,144
142,141,144
150,149,148
156,159,157
159,158,157
155,171,160
150,148,147
159,155,160
165,164,161
162,164,163
169,168,170
170,166,165
170,168,166
168,167,166
171,170,165
155,172,171
161,160,171
173,172,177
174,176,175
176,174,177
177,179,178
174,173,177
180,177,172
165,161,171
162,161,164
132,131,133
128,130,129
127,126,128
133,131,130
140,134,141
135,134,140
147,151,150
145,141,134
145,134,146
155,159,156
130,128,125
130,125,133
125,128,126
125,123,133
124,123,125
133,123,146
151,147,152
152,122,153
146,122,152
146,152,147
153,114,180
146,134,133
182,184,183
182,181,184
180,179,177
199,198,197
200,199,201
195,201,199
154,153,155
153,172,155
185,181,186
189,188,187
191,194,192
199,197,195
194,193,192
180,186,181
185,184,181
180,172,153
203,201,195
123,122,146
145,144,141
225,224,227
222,220,223
220,222,221
224,223,227
227,226,225
223,220,219
223,231,227
209,211,210
238,219,218
215,218,216
246,215,214
217,216,218
238,218,215
219,237,223
230,228,231
228,230,229
231,234,232
231,228,227
237,231,223
234,231,237
232,234,233
236,235,237
234,237,235
239,238,240
240,238,215
215,246,240
245,240,246
243,242,241
241,245,244
245,241,240
241,244,243
219,238,237
206,208,207
205,204,203
211,208,205
206,205,208
211,209,208
214,249,246
246,249,247
214,213,212
258,212,211
249,214,212
249,251,250
248,247,249
258,249,212
205,203,195
249,258,255
253,251,254
252,251,253
255,254,249
251,249,254
205,258,211
202,201,203
284,283,282
286,285,288
285,289,288
284,289,285
288,287,286
277,276,278
284,282,281
290,284,281
279,290,281
290,289,284
1,293,292
2,1,292
290,292,291
292,290,2
275,278,276
197,196,195
120,119,118
121,118,116
120,118,121
122,121,153
116,118,117
103,102,101
121,116,153
96,99,98
96,98,97
105,100,106
100,105,101
106,96,95
96,106,100
100,99,96
104,103,105
101,105,103
95,107,106
107,95,110
110,108,107
114,113,112
108,110,109
115,114,116
114,153,116
112,111,92
112,92,91
92,111,95
95,111,110
88,114,90
88,90,89
90,112,91
88,87,86
90,114,112
93,92,95
88,180,114
93,95,94
88,86,180
83,82,84
84,82,85
76,86,85
77,76,85
77,85,81
77,81,80
85,82,81
79,78,77
79,77,80
60,59,58
56,58,57
56,55,58
76,75,86
75,73,72
73,75,74
72,71,70
67,69,68
70,69,72
67,72,69
75,72,186
50,64,63
54,61,60
61,63,62
60,58,55
54,60,55
66,65,64
51,63,61
51,50,63
51,54,52
52,54,53
51,61,54
67,66,64
64,50,67
75,180,86
180,75,186
187,186,191
205,195,258
191,190,187
72,191,186
257,256,255
258,257,255
194,191,195
259,258,195
260,259,261
261,259,262
195,262,259
191,72,195
195,45,262
267,266,265
267,265,264
24,263,262
264,263,267
267,263,268
6,263,14
67,195,72
272,270,268
272,271,270
269,268,270
272,268,273
281,280,279
290,279,6
274,273,263
278,274,279
290,3,2
279,274,263
268,263,273
274,278,275
290,4,3
6,5,4
290,6,4
279,263,6
12,11,10
13,12,9
12,10,9
9,8,13
14,7,6
7,14,8
67,45,195
187,190,189
49,46,50
48,47,49
67,50,45
43,42,45
46,49,47
43,45,44
45,42,40
45,24,262
35,45,40
38,37,40
39,38,40
40,37,35
36,35,37
33,32,35
33,35,34
35,27,45
40,42,41
27,35,32
263,22,18
263,18,16
24,26,25
45,26,24
22,263,24
8,14,13
16,15,14
263,16,14
18,17,16
26,45,27
29,31,30
31,29,28
28,32,31
20,22,21
22,20,18
24,23,22
20,19,18
27,32,28
45,50,46
