# Albania region 0
92 89
# Outer Vertices
19.397320,42.317070
19.469709,42.399990
19.635830,42.606091
19.717489,42.661369
19.755831,42.639709
19.746660,42.543049
19.830271,42.469700
20.064159,42.563042
20.072723,42.558441
20.168600,42.506939
20.252220,42.324429
20.351660,42.324429
20.526100,42.211651
20.620831,41.949711
20.589647,41.884552
20.514160,41.727760
20.555269,41.584709
20.462490,41.553600
20.562210,41.403870
20.493320,41.327480
20.597490,41.094151
20.644911,41.090149
20.669991,41.088039
20.733879,40.911930
20.739750,40.910992
20.807501,40.900261
20.858879,40.933319
20.983000,40.893879
20.983250,40.857021
20.966810,40.791180
20.961941,40.771648
21.030411,40.699360
21.031469,40.698250
21.051941,40.676651
21.053049,40.618591
20.936939,40.464432
20.842220,40.474979
20.787220,40.394711
20.665270,40.094151
20.555830,40.066380
20.513611,40.081379
20.412769,40.051090
20.394159,39.999149
20.314720,39.990261
20.363050,39.907490
20.410549,39.811932
20.381380,39.787209
20.291380,39.806648
20.302490,39.778320
20.260559,39.667759
20.012300,39.690231
19.996111,39.794708
20.019159,39.848598
19.794991,40.053600
19.456100,40.222488
19.288601,40.417488
19.318880,40.438881
19.418890,40.326931
19.470831,40.341930
19.487770,40.440819
19.429720,40.499710
19.455830,40.561100
19.395830,40.581100
19.312220,40.640541
19.413330,40.866379
19.377220,40.904430
19.441660,40.943050
19.425831,40.870541
19.521379,40.908039
19.497499,41.001930
19.474720,40.986370
19.433611,41.010818
19.513611,41.251930
19.500271,41.292759
19.416389,41.323879
19.390551,41.405270
19.433611,41.399429
19.514721,41.502491
19.508610,41.534710
19.458879,41.554710
19.446939,41.584991
19.509991,41.569149
19.606110,41.601650
19.566389,41.752769
19.598049,41.771099
19.596661,41.810551
19.368460,41.849319
19.381100,41.999432
19.395090,42.087891
19.398331,42.108318
19.282490,42.185539
19.397320,42.317070
# Triangles
56,55,57
67,62,61
55,54,57
63,62,64
65,64,67
67,66,65
62,67,64
68,67,61
58,53,59
53,58,54
61,59,68
59,61,60
41,68,59
69,72,71
69,71,70
19,72,69
19,82,72
73,72,82
68,19,69
57,54,58
74,73,76
87,86,85
75,74,76
88,87,85
0,89,1
89,0,90
85,89,88
6,1,89
79,81,80
81,78,82
82,78,77
78,81,79
83,82,84
15,85,84
76,73,77
2,5,3
2,1,5
85,6,89
5,1,6
5,4,3
6,85,10
17,84,82
73,82,77
53,41,59
52,51,50
47,49,48
52,50,49
52,47,43
47,52,49
43,47,44
43,41,53
44,47,46
46,45,44
43,42,41
43,53,52
40,39,38
41,40,37
38,37,40
23,41,37
36,31,30
31,36,34
37,36,23
32,34,33
34,32,31
36,35,34
41,20,68
25,36,30
17,19,18
17,15,84
17,16,15
14,10,15
15,10,85
7,6,8
8,6,9
10,12,11
14,12,10
9,6,10
82,19,17
23,36,24
24,36,25
26,29,28
29,26,25
29,25,30
28,27,26
14,13,12
23,22,21
21,20,23
23,20,41
68,20,19
