# Tanzania, United Republic of region 0
20 17
# Outer Vertices
39.516102,-6.468613
39.473598,-6.461113
39.411930,-6.358334
39.396648,-6.380000
39.374149,-6.323057
39.289989,-6.247224
39.276932,-6.320002
39.208321,-6.246667
39.189159,-5.939167
39.309158,-5.723057
39.342491,-5.764724
39.354160,-5.866946
39.402210,-6.033335
39.418598,-6.191390
39.503601,-6.198335
39.500271,-6.153891
39.532490,-6.246667
39.574162,-6.380835
39.559158,-6.444168
39.516102,-6.468613
# Triangles
6,5,7
13,5,4
5,12,7
8,7,12
8,10,9
10,8,11
8,12,11
4,3,2
2,1,17
18,17,1
18,1,0
2,17,16
12,5,13
15,14,16
16,14,13
4,16,13
4,2,16
