# Tanzania, United Republic of region 3
237 234
# Outer Vertices
29.423590,-4.449472
29.653130,-4.453653
29.711941,-4.454723
29.788851,-4.404400
29.812771,-4.360278
29.905830,-4.349723
30.044439,-4.246389
30.072769,-4.166667
30.207769,-4.026112
30.255831,-3.886945
30.335831,-3.774167
30.400829,-3.786111
30.449400,-3.548000
30.631660,-3.450556
30.663601,-3.386667
30.624161,-3.371389
30.678329,-3.316667
30.767490,-3.300000
30.834990,-3.256945
30.853880,-3.157500
30.831100,-3.118056
30.840269,-2.974167
30.742769,-2.989723
30.557220,-2.893889
30.485161,-2.946501
30.417490,-2.861945
30.457211,-2.723056
30.522461,-2.649637
30.489161,-2.670834
30.433599,-2.675278
30.435270,-2.643056
30.573750,-2.399401
30.782021,-2.380750
30.829161,-2.357779
30.876381,-2.046945
30.808331,-1.929445
30.840269,-1.670556
30.739161,-1.436945
30.631660,-1.373056
30.522770,-1.227500
30.482309,-1.061622
30.641380,-1.072222
30.751181,-0.997581
31.423599,-0.999167
31.765530,-0.999308
31.835661,-0.999337
31.839861,-0.999339
32.094429,-0.999444
32.766651,-0.999722
33.433319,-1.000278
33.920330,-1.001492
34.020538,-1.001389
34.029709,-1.036945
34.069351,-1.055810
34.305260,-1.168056
34.987759,-1.550556
35.671371,-1.931667
36.013390,-2.122233
36.045189,-2.139952
36.295269,-2.279287
37.630260,-3.016944
37.675259,-3.051389
37.719978,-3.311945
37.613041,-3.397500
37.599991,-3.450278
37.617199,-3.507501
37.733601,-3.526112
37.783360,-3.651428
39.119980,-4.610001
39.205620,-4.673122
39.216648,-4.757224
39.168049,-4.785557
39.220829,-4.817780
39.164440,-4.940279
39.147770,-4.879724
39.131100,-4.970835
39.101101,-5.022779
39.086102,-5.066668
39.126930,-5.051391
39.121658,-5.111668
39.066662,-5.235002
38.828602,-5.832224
38.779991,-6.055835
38.863041,-6.174446
38.843319,-6.267779
38.873878,-6.389168
39.016930,-6.489723
39.031101,-6.464168
39.217770,-6.657224
39.289989,-6.852779
39.468880,-6.862500
39.549992,-7.015279
39.502769,-7.182779
39.480820,-7.155835
39.391651,-7.263613
39.353870,-7.373612
39.299709,-7.459168
39.290272,-7.821668
39.324989,-7.731112
39.446659,-7.814168
39.432770,-7.960556
39.341099,-8.278614
39.295269,-8.267780
39.303600,-8.505836
39.345539,-8.556669
39.355820,-8.716948
39.543598,-8.915558
39.448040,-8.858892
39.405270,-8.866945
39.392490,-8.911392
39.495819,-8.943892
39.499989,-9.129168
39.573318,-9.098892
39.646381,-9.199167
39.639992,-9.380836
39.591099,-9.406391
39.565540,-9.448891
39.651371,-9.453058
39.743599,-9.671947
39.699162,-9.750559
39.748600,-9.752502
39.785549,-9.932224
39.708599,-9.959723
39.698040,-10.051950
39.788601,-9.988058
39.929989,-10.055840
39.993599,-10.219170
39.996380,-10.125000
40.139149,-10.179730
40.118320,-10.275280
40.178600,-10.260560
40.223049,-10.297230
40.267208,-10.269170
40.198879,-10.244720
40.240551,-10.202500
40.356098,-10.357230
40.432491,-10.344720
40.394161,-10.305840
40.453320,-10.348890
40.435551,-10.480450
40.420540,-10.505840
40.273869,-10.586670
40.165531,-10.671390
39.766930,-10.920560
39.628319,-10.948060
39.256939,-11.170830
38.897770,-11.172220
38.852772,-11.207220
38.672489,-11.270840
38.493309,-11.417100
38.102211,-11.253340
37.868591,-11.326670
37.843319,-11.405280
37.824711,-11.514720
37.791931,-11.561110
37.440262,-11.725560
37.347210,-11.686670
37.286098,-11.704170
37.108040,-11.664450
37.025822,-11.567230
36.824989,-11.570560
36.672211,-11.716110
36.537209,-11.726950
36.185539,-11.704170
36.163040,-11.577780
36.086369,-11.543060
35.933319,-11.430840
35.816929,-11.420830
35.643600,-11.589450
35.476372,-11.598060
35.419140,-11.572120
34.962009,-11.572900
34.963249,-11.565660
34.918591,-11.428060
34.823318,-11.340280
34.763599,-11.345000
34.668591,-11.163340
34.593868,-11.028330
34.676090,-10.747500
34.570541,-10.444450
34.558041,-10.180280
34.447762,-9.899445
34.133869,-9.567225
34.043598,-9.484724
33.988590,-9.497778
33.950260,-9.546391
33.928139,-9.699806
33.755821,-9.582777
33.676929,-9.610558
33.578869,-9.584723
33.508881,-9.621946
33.428871,-9.611946
33.393879,-9.538055
33.301929,-9.484167
33.192478,-9.509169
33.028591,-9.411669
32.997761,-9.373335
32.940262,-9.403612
32.940681,-9.406267
32.830818,-9.366390
32.741928,-9.281670
32.536930,-9.261114
32.470821,-9.160559
32.042210,-9.040836
31.984440,-9.073057
31.937490,-9.029169
31.931379,-8.980001
31.956100,-8.930836
31.785549,-8.885002
31.683599,-8.908892
31.573050,-8.818611
31.551661,-8.689167
31.398050,-8.629444
31.375549,-8.582224
31.273050,-8.621946
31.220551,-8.576666
31.169991,-8.595383
31.168350,-8.596136
31.125820,-8.615557
31.041100,-8.590279
30.898600,-8.455833
30.769991,-8.190834
30.708599,-8.000278
30.455830,-7.580279
30.381941,-7.283890
30.207491,-6.992500
29.823050,-6.698333
29.550270,-6.295279
29.496660,-6.043889
29.504709,-5.945834
29.631941,-5.748334
29.621660,-5.669168
29.534439,-5.448056
29.351379,-4.951389
29.341379,-4.797778
29.430820,-4.541112
29.423590,-4.449472
# Triangles
211,210,208
212,211,213
219,218,217
219,217,216
205,204,203
205,203,206
209,208,210
207,206,203
208,207,211
202,224,207
211,207,224
230,227,226
230,226,225
229,228,230
6,231,230
228,227,230
11,225,224
219,216,220
220,215,221
220,216,215
214,213,215
221,215,213
224,223,222
222,221,213
224,222,213
211,224,213
6,230,225
207,203,202
187,186,185
192,190,189
192,191,190
188,187,189
189,187,184
176,175,174
176,174,178
178,174,173
180,179,178
178,177,176
167,180,178
181,180,166
85,182,181
198,197,199
197,196,199
202,201,200
200,199,196
183,202,200
200,196,183
184,187,185
189,184,193
193,183,196
193,195,194
184,183,193
192,189,193
193,196,195
18,183,57
224,202,18
183,182,85
202,183,18
2,234,233
2,233,232
0,235,1
1,235,234
234,2,1
232,3,2
3,5,4
5,3,232
7,6,8
9,8,11
231,6,5
232,231,5
8,6,225
11,10,9
29,28,30
26,25,23
28,27,30
23,27,26
21,27,23
27,31,30
31,27,32
40,39,41
25,24,23
13,12,11
225,11,8
14,16,15
14,13,17
16,14,17
22,21,23
21,32,27
13,18,17
48,33,21
19,21,20
19,55,54
21,33,32
36,34,44
34,36,35
34,33,47
21,19,48
11,18,13
37,36,43
38,37,41
34,46,45
34,45,44
38,41,39
41,37,42
42,37,43
44,43,36
50,52,51
52,50,53
49,54,53
53,50,49
47,46,34
48,19,49
33,48,47
54,49,19
18,11,224
19,18,55
170,178,173
164,163,162
172,171,170
170,168,167
169,168,170
162,160,164
166,164,160
157,159,158
159,157,156
159,156,151
155,154,156
161,160,162
159,151,160
156,154,152
152,151,156
167,178,170
166,160,181
164,166,165
154,153,152
160,151,181
180,167,166
109,151,150
149,148,150
150,148,146
146,116,150
146,123,116
123,146,145
146,148,147
181,151,103
116,109,150
172,170,173
143,123,144
142,126,143
130,129,131
131,129,141
129,142,141
129,126,142
135,132,131
135,141,140
140,139,135
135,139,136
133,132,134
136,138,137
138,136,139
135,131,141
132,135,134
122,119,116
121,119,122
116,119,118
115,111,116
118,117,116
123,122,116
127,126,128
128,126,129
120,119,121
124,123,125
125,123,126
123,143,126
123,145,144
113,115,114
86,85,96
87,86,88
82,81,67
84,83,82
183,84,82
65,183,82
80,79,77
77,79,78
81,80,67
76,75,74
77,76,68
67,80,77
59,64,63
65,64,59
59,63,60
18,57,56
58,57,183
183,59,58
18,56,55
67,66,65
71,68,74
68,67,77
59,183,65
62,61,63
61,60,63
82,67,65
74,68,76
74,73,72
84,183,85
105,104,103
105,103,151
100,97,102
96,85,97
97,85,181
100,102,101
108,105,109
103,102,181
113,112,111
111,115,113
107,105,108
107,106,105
110,109,111
109,105,151
97,100,99
86,89,88
96,89,86
89,96,94
71,69,68
69,71,70
74,72,71
98,97,99
93,89,94
89,91,90
89,93,91
92,91,93
94,96,95
102,97,181
116,111,109
