# Tanzania, United Republic of region 2
21 18
# Outer Vertices
39.736099,-5.440835
39.695541,-5.437500
39.647491,-5.433333
39.648880,-5.343890
39.696930,-5.339168
39.665272,-5.296112
39.777760,-5.248335
39.671650,-5.205557
39.739429,-5.209446
39.745541,-5.163056
39.690819,-5.111945
39.698318,-5.022501
39.677761,-4.871668
39.757210,-4.937223
39.842209,-4.965835
39.866940,-4.897501
39.870819,-4.998612
39.832489,-5.127779
39.855820,-5.206945
39.784710,-5.394445
39.736099,-5.440835
# Triangles
3,2,1
1,20,4
4,6,5
1,4,3
17,11,10
12,11,13
19,4,20
17,10,9
9,8,6
6,19,18
8,7,6
6,18,9
4,19,6
9,18,17
11,14,13
17,16,11
14,16,15
14,11,16
