# Australia region 47
16 13
# Outer Vertices
149.722473,-22.439167
149.716644,-22.437500
149.711639,-22.430000
149.711090,-22.423889
149.711639,-22.389721
149.713013,-22.355556
149.715515,-22.350834
149.719116,-22.347500
149.728302,-22.342224
149.733582,-22.340557
149.738556,-22.342777
149.757202,-22.359722
149.760803,-22.363888
149.748016,-22.407223
149.735504,-22.423054
149.722473,-22.439167
# Triangles
14,3,2
4,3,14
7,5,10
7,6,5
11,5,4
1,15,2
14,13,4
4,13,12
11,4,12
9,8,10
10,8,7
11,10,5
14,2,15
