# Australia region 40
18 15
# Outer Vertices
148.929962,-20.180832
148.885529,-20.158611
148.883331,-20.153610
148.880524,-20.142776
148.881897,-20.130280
148.910248,-20.069447
148.912476,-20.064724
148.916077,-20.061390
148.964417,-20.047222
148.970245,-20.048611
148.973846,-20.052780
148.978302,-20.061668
148.978851,-20.067780
148.978027,-20.074722
148.954407,-20.141109
148.952179,-20.145832
148.935791,-20.171944
148.929962,-20.180832
# Triangles
4,3,2
4,2,15
2,1,15
5,4,14
7,6,5
5,13,7
17,16,1
15,14,4
13,5,14
7,13,8
9,8,10
8,11,10
11,8,12
8,13,12
1,16,15
