# Australia region 7
25 22
# Outer Vertices
132.560242,-11.724443
132.554688,-11.724443
132.549408,-11.722500
132.545532,-11.719444
132.511932,-11.683332
132.509430,-11.679722
132.506927,-11.675278
132.505554,-11.663334
132.508026,-11.652224
132.513885,-11.643890
132.517761,-11.640835
132.522217,-11.638613
132.533051,-11.635557
132.539154,-11.634724
132.638580,-11.645555
132.643036,-11.648056
132.645538,-11.652500
132.645538,-11.658611
132.642761,-11.678057
132.639984,-11.690277
132.631348,-11.711111
132.627747,-11.714167
132.622467,-11.715834
132.616913,-11.716665
132.560242,-11.724443
# Triangles
7,6,5
7,5,4
13,4,3
4,11,7
24,13,3
9,11,10
11,9,8
7,11,8
4,12,11
4,13,12
3,2,24
13,24,23
14,13,23
22,21,20
22,20,23
20,19,23
23,18,14
18,23,19
14,18,17
14,16,15
16,14,17
24,2,1
