# Australia region 94
550 547
# Outer Vertices
146.916702,-43.617844
146.863281,-43.636391
146.833588,-43.648056
146.821899,-43.623329
146.819427,-43.618332
146.815796,-43.614166
146.803589,-43.609169
146.794983,-43.608337
146.778046,-43.609444
146.762756,-43.611946
146.686371,-43.603333
146.603577,-43.559998
146.595520,-43.552223
146.514435,-43.542778
146.296082,-43.534729
146.287476,-43.533615
146.276367,-43.528053
146.269135,-43.519447
146.267761,-43.513893
146.266388,-43.501671
146.263611,-43.496666
146.258331,-43.492500
146.252777,-43.489723
146.235779,-43.488609
146.227173,-43.489166
146.113281,-43.514450
146.107452,-43.516396
146.038300,-43.498055
145.933594,-43.383331
145.929962,-43.379166
145.931091,-43.373055
145.936096,-43.369720
145.991913,-43.345833
146.091644,-43.355278
146.099976,-43.356110
146.106628,-43.358337
146.112183,-43.361946
146.156647,-43.379723
146.223846,-43.395554
146.233307,-43.394447
146.236359,-43.389725
146.236633,-43.384171
146.236359,-43.327225
146.232727,-43.323059
146.169708,-43.280281
146.161102,-43.280830
146.152466,-43.288055
146.139709,-43.314720
146.135529,-43.325562
146.127441,-43.333611
146.121613,-43.336945
146.114136,-43.337219
145.866364,-43.310280
145.851349,-43.307220
145.840515,-43.301392
145.833313,-43.293060
145.758881,-43.184441
145.726898,-43.133331
145.595245,-42.979164
145.582733,-42.967773
145.577179,-42.965004
145.570801,-42.961945
145.564423,-42.960556
145.554962,-42.960281
145.539978,-42.962502
145.519714,-42.968056
145.511383,-42.967773
145.504974,-42.965553
145.500549,-42.961945
145.496918,-42.957779
145.459686,-42.904442
145.424408,-42.849167
145.421906,-42.844162
145.397766,-42.775558
145.356079,-42.662216
145.353302,-42.657219
145.349976,-42.652496
145.310516,-42.623611
145.268036,-42.616661
145.260803,-42.615280
145.256378,-42.611671
145.254700,-42.606110
145.231354,-42.456390
145.197754,-42.320000
145.197479,-42.306946
145.205231,-42.256950
145.223846,-42.239166
145.246063,-42.270554
145.254150,-42.279167
145.323029,-42.320000
145.378021,-42.349167
145.421356,-42.371666
145.431366,-42.377495
145.438019,-42.386665
145.439697,-42.392227
145.440796,-42.404716
145.440521,-42.411385
145.443848,-42.448608
145.447479,-42.466110
145.456909,-42.499168
145.459961,-42.509727
145.462463,-42.514450
145.469421,-42.523056
145.475250,-42.520279
145.551361,-42.355278
145.553589,-42.349724
145.551910,-42.344162
145.507751,-42.323616
145.501373,-42.321388
145.493011,-42.320557
145.487183,-42.323059
145.484955,-42.328339
145.458313,-42.326393
145.280273,-42.181114
145.258331,-42.148888
145.263031,-42.131111
145.264709,-42.118332
145.265533,-42.104446
145.263885,-42.085831
145.261658,-42.074173
145.251648,-42.042229
145.244110,-42.027496
145.186646,-41.940552
145.182465,-41.936111
145.054962,-41.846664
144.954956,-41.713333
144.858582,-41.544449
144.781647,-41.390556
144.731628,-41.306107
144.684692,-41.228050
144.682465,-41.223328
144.683868,-41.216393
144.685791,-41.211670
144.689148,-41.206390
144.693298,-41.195549
144.696075,-41.183884
144.694702,-41.178337
144.670258,-41.081947
144.666382,-41.070839
144.664154,-41.066109
144.653595,-41.046951
144.637207,-41.031944
144.617737,-40.933884
144.619690,-40.928337
144.646088,-40.902496
144.651642,-40.899994
144.674683,-40.898338
144.686646,-40.893890
144.695251,-40.886665
144.698303,-40.881943
144.700531,-40.875832
144.704681,-40.857506
144.708588,-40.825562
144.701355,-40.759171
144.762207,-40.728050
144.981079,-40.747223
144.988281,-40.748611
144.993561,-40.751671
145.036102,-40.779167
145.072479,-40.805832
145.088287,-40.814720
145.107727,-40.821671
145.124969,-40.823059
145.274994,-40.802780
145.326355,-40.838608
145.344971,-40.845551
145.539154,-40.892776
145.751373,-40.987778
145.872192,-41.042778
146.169434,-41.149994
146.189148,-41.156105
146.197205,-41.157776
146.229126,-41.160553
146.369690,-41.170837
146.397217,-41.172226
146.413605,-41.171112
146.443024,-41.166389
146.457733,-41.163330
146.489960,-41.153610
146.508331,-41.146667
146.564697,-41.175278
146.586090,-41.186661
146.580811,-41.155556
146.581085,-41.149445
146.584961,-41.145554
146.658020,-41.089996
146.662750,-41.087502
146.722473,-41.069450
146.740509,-41.070000
146.764160,-41.073059
146.776917,-41.077499
146.782196,-41.080284
146.787476,-41.083885
146.791077,-41.087502
146.801086,-41.107506
146.810242,-41.133614
146.809143,-41.140556
146.799988,-41.146393
146.797760,-41.151939
146.800262,-41.156944
146.805817,-41.159721
146.818298,-41.164162
146.859131,-41.168335
146.941071,-41.169724
146.945801,-41.166389
146.943298,-41.161667
146.923859,-41.141945
146.914978,-41.135002
146.909698,-41.132217
146.903320,-41.129997
146.888885,-41.126945
146.870789,-41.126663
146.846069,-41.124168
146.839966,-41.121941
146.829132,-41.116112
146.823853,-41.111946
146.821075,-41.107780
146.818024,-41.096664
146.817200,-41.063889
146.818298,-41.057777
146.822205,-41.053612
146.856628,-41.031670
146.867737,-41.026390
146.874115,-41.023888
147.013031,-40.976387
147.021088,-40.975830
147.086090,-40.991943
147.105804,-40.997780
147.124664,-41.005005
147.139160,-41.008057
147.155548,-41.009727
147.163605,-41.009727
147.179962,-41.008057
147.199127,-41.002228
147.356079,-40.976387
147.412476,-41.017776
147.420532,-41.017776
147.461914,-41.001396
147.483032,-40.989998
147.487732,-40.986389
147.499695,-40.973610
147.517487,-40.953331
147.541656,-40.924171
147.570801,-40.884171
147.575531,-40.873886
147.586914,-40.854721
147.591339,-40.851395
147.608002,-40.843330
147.615234,-40.841385
147.671631,-40.829727
147.678040,-40.831947
147.692200,-40.849167
147.694702,-40.853333
147.701904,-40.861671
147.706360,-40.865280
147.795532,-40.891670
147.810791,-40.893890
147.834412,-40.891945
147.841919,-40.890556
147.867462,-40.882774
147.884705,-40.874718
147.895813,-40.868607
147.907745,-40.857780
147.921631,-40.840836
147.930817,-40.827225
147.936371,-40.816948
147.942200,-40.801109
147.946075,-40.789444
147.949982,-40.765556
147.949982,-40.758896
147.954681,-40.755280
147.963867,-40.748611
147.968567,-40.745277
147.973846,-40.743332
147.981079,-40.741943
148.005554,-40.744164
148.022766,-40.747780
148.079407,-40.768890
148.218842,-40.847221
148.223297,-40.850838
148.273315,-40.901108
148.307419,-40.957478
148.314423,-40.965836
148.323303,-40.978882
148.328857,-40.989166
148.327759,-41.001671
148.302185,-41.075562
148.290253,-41.107780
148.283600,-41.123329
148.276093,-41.138336
148.265808,-41.158333
148.263031,-41.169167
148.262756,-41.183060
148.265259,-41.200836
148.269714,-41.218605
148.272491,-41.223328
148.280548,-41.231110
148.307739,-41.251671
148.318573,-41.264168
148.320251,-41.269722
148.316925,-41.334724
148.287476,-41.423889
148.275269,-41.448334
148.273315,-41.453888
148.271362,-41.466110
148.278870,-41.533333
148.279694,-41.539726
148.284149,-41.550552
148.290527,-41.559723
148.302185,-41.571945
148.310516,-41.585831
148.313873,-41.596664
148.314697,-41.609726
148.313873,-41.616112
148.292206,-41.728882
148.275269,-41.775558
148.266663,-41.789726
148.263885,-41.808334
148.265533,-41.820839
148.298035,-42.035004
148.306915,-42.056946
148.316071,-42.070000
148.327179,-42.082504
148.340790,-42.092773
148.349976,-42.099724
148.358307,-42.107224
148.361908,-42.111389
148.364685,-42.116394
148.365509,-42.215004
148.363586,-42.227493
148.360779,-42.232216
148.346619,-42.249168
148.331635,-42.265556
148.317474,-42.275833
148.311096,-42.277779
148.302765,-42.276390
148.275269,-42.255562
148.270813,-42.231667
148.289429,-42.218056
148.298035,-42.209724
148.300812,-42.204445
148.302765,-42.192772
148.309692,-42.140556
148.240234,-42.000839
148.237457,-41.995552
148.202179,-41.947220
148.198578,-41.943054
148.191071,-41.941666
148.183868,-41.943054
148.179962,-41.946945
148.082733,-42.106110
148.079956,-42.110832
148.076904,-42.122498
148.076904,-42.129440
148.005829,-42.520554
148.002197,-42.524445
147.961639,-42.555000
147.955811,-42.557777
147.943848,-42.613892
147.955231,-42.656662
147.955811,-42.676392
147.954956,-42.717499
147.930542,-42.738052
147.919128,-42.744164
147.904144,-42.752785
147.893585,-42.760284
147.886108,-42.767776
147.880249,-42.776665
147.843018,-42.869446
147.842743,-42.876389
147.845520,-42.881943
147.853851,-42.888893
147.859406,-42.891670
147.866913,-42.893059
147.893036,-42.895279
147.909149,-42.893616
147.913879,-42.889999
147.911102,-42.885277
147.898041,-42.881111
147.892487,-42.878334
147.887756,-42.874168
147.880524,-42.865005
147.879669,-42.859726
147.881622,-42.854172
147.885529,-42.849998
147.899719,-42.840553
147.907196,-42.839165
147.915527,-42.840836
147.921082,-42.842773
147.970245,-42.867218
147.975800,-42.869995
147.980530,-42.873611
147.998840,-42.904716
148.000549,-42.909439
148.006927,-42.973328
148.004974,-42.978607
148.000275,-42.982216
147.973022,-42.989441
147.967194,-42.992775
147.963287,-42.996109
147.957733,-43.005836
147.955811,-43.011116
147.949982,-43.078339
147.951630,-43.083885
147.954407,-43.088608
147.979126,-43.126663
148.004700,-43.170837
147.997192,-43.224167
147.995239,-43.229721
147.992523,-43.232307
147.983032,-43.232498
147.975525,-43.231110
147.968018,-43.228882
147.956635,-43.223885
147.903595,-43.189163
147.899139,-43.185555
147.895538,-43.180832
147.893585,-43.175278
147.892761,-43.169167
147.827179,-43.206108
147.789703,-43.246948
147.697205,-43.163612
147.631622,-43.065552
147.617737,-43.021942
147.618835,-43.015839
147.621613,-43.011116
147.670807,-42.948051
147.674683,-42.943886
147.679413,-42.940552
147.693573,-42.937218
147.703033,-42.937218
147.711365,-42.938049
147.718018,-42.940834
147.727173,-42.947220
147.734406,-42.962219
147.737732,-42.973328
147.733856,-42.984444
147.725250,-42.992500
147.718567,-43.000557
147.716644,-43.006111
147.719116,-43.010834
147.757202,-43.038055
147.762756,-43.041672
147.778595,-43.049995
147.784973,-43.052223
147.799988,-43.055000
147.817749,-43.054443
147.864136,-43.047501
147.871613,-43.045555
147.896362,-43.029999
147.901093,-43.025833
147.903870,-43.021667
147.825806,-42.931946
147.606903,-42.830559
147.594971,-42.826393
147.586639,-42.824722
147.578033,-42.825279
147.557465,-42.830559
147.509155,-42.850555
147.501648,-42.858612
147.499390,-42.863617
147.498291,-42.870277
147.521362,-42.928886
147.530548,-42.942772
147.541351,-42.955276
147.552185,-42.974716
147.553864,-42.979996
147.552765,-42.986389
147.534424,-43.014168
147.523041,-43.020279
147.510529,-43.024719
147.476624,-43.034172
147.436920,-43.045006
147.429413,-43.043617
147.423035,-43.040840
147.419128,-43.037506
147.403046,-43.008339
147.401367,-43.002785
147.403320,-42.996666
147.407196,-42.992500
147.413025,-42.989998
147.420532,-42.988609
147.426910,-42.990837
147.431641,-42.995003
147.408020,-42.889725
147.351624,-42.861389
147.317474,-42.846664
147.348572,-42.904716
147.340790,-42.951111
147.326080,-43.008614
147.292755,-43.028053
147.268188,-43.060432
147.241913,-43.133614
147.239685,-43.145836
147.239410,-43.152779
147.240234,-43.158890
147.241913,-43.164444
147.260803,-43.198334
147.264160,-43.209442
147.264984,-43.215553
147.261658,-43.234169
147.252472,-43.261948
147.249390,-43.267502
147.246338,-43.271667
147.241638,-43.275558
147.224396,-43.283615
147.217743,-43.285561
147.210236,-43.286667
147.200806,-43.286667
147.184692,-43.284447
147.171631,-43.279999
147.098297,-43.244446
147.041351,-43.199722
147.032196,-43.191940
147.024994,-43.184166
147.023315,-43.178886
147.022491,-43.172501
147.025269,-43.146667
147.020264,-43.129997
147.017487,-43.125000
147.006653,-43.112503
147.001923,-43.108337
146.993561,-43.108894
146.988861,-43.112221
146.980804,-43.120277
146.971069,-43.134727
146.969116,-43.139442
146.964417,-43.164162
146.963867,-43.177780
146.964417,-43.190834
146.968018,-43.201942
146.970520,-43.206665
146.988861,-43.220551
146.999115,-43.226944
147.011108,-43.233612
147.027771,-43.241943
147.061096,-43.258339
147.092468,-43.282776
147.096069,-43.286949
147.098846,-43.291946
147.100525,-43.297501
147.097473,-43.302223
147.054962,-43.362503
147.004150,-43.420555
147.000275,-43.424721
146.952179,-43.528053
146.940521,-43.595833
146.938293,-43.601395
146.930542,-43.609444
146.916702,-43.617844
# Triangles
30,29,28
53,52,55
28,27,32
32,31,28
27,33,32
28,31,30
56,52,46
67,66,68
66,65,68
54,53,55
55,52,56
44,58,57
56,45,57
103,59,58
27,36,33
27,25,36
35,34,36
33,36,34
25,24,37
38,37,24
24,23,38
25,37,36
46,52,51
50,49,51
51,49,48
48,47,51
45,44,57
46,45,56
47,46,51
27,26,25
104,58,44
101,77,76
78,77,81
82,77,98
73,72,61
102,75,74
74,73,102
102,76,75
80,79,81
82,81,77
79,78,81
95,91,96
91,95,94
94,92,91
92,94,93
90,97,96
82,97,90
90,96,91
61,72,71
65,69,68
65,64,69
70,69,64
64,63,70
61,103,73
63,62,70
71,62,61
103,61,60
98,77,99
97,82,98
102,73,103
100,77,101
60,59,103
101,76,102
77,100,99
58,104,103
70,62,71
104,44,105
18,16,15
18,17,16
18,15,14
11,10,12
41,13,42
10,8,12
20,14,13
40,39,21
23,39,38
13,40,20
22,39,23
19,18,14
21,20,40
22,21,39
14,20,19
13,41,40
528,13,12
5,4,1
8,544,12
2,1,3
1,4,3
5,1,0
545,5,0
0,546,545
546,0,548
547,546,548
6,545,7
545,6,5
544,543,532
12,544,531
545,544,7
544,8,7
9,8,10
542,534,543
526,43,42
528,12,529
530,529,12
42,13,528
534,533,543
530,12,531
531,544,532
543,533,532
528,527,42
526,525,43
527,526,42
105,523,522
44,523,105
521,486,522
523,44,524
524,44,525
43,525,44
538,541,539
541,538,537
537,536,541
536,535,542
540,539,541
511,493,517
510,496,511
492,519,518
516,515,513
512,516,513
516,512,517
513,515,514
511,517,512
518,517,492
519,491,520
535,534,542
542,541,536
491,521,520
486,105,522
87,84,88
125,167,166
85,87,86
87,85,84
84,83,88
122,168,123
130,129,131
132,131,129
132,129,133
124,123,125
126,125,166
126,165,127
128,133,129
161,128,127
125,123,167
111,110,112
89,83,82
109,108,118
107,119,108
110,109,112
113,112,109
120,119,107
115,113,116
113,115,114
117,116,113
117,113,109
109,118,117
119,118,108
120,169,121
89,88,83
82,90,89
122,121,168
138,137,148
140,139,147
138,148,139
133,128,134
160,137,136
128,135,134
149,137,159
144,142,146
144,143,142
142,141,146
146,145,144
146,140,147
147,139,148
141,140,146
137,149,148
136,135,160
155,151,150
159,137,160
151,155,152
161,160,135
135,128,161
164,162,165
161,127,162
162,127,165
163,162,164
155,157,156
154,152,155
154,153,152
150,149,158
157,155,158
150,158,155
159,158,149
126,166,165
106,120,107
174,106,181
174,173,106
175,174,181
106,173,172
177,176,181
175,181,176
180,177,181
180,178,177
181,106,105
172,171,106
170,169,106
171,170,106
180,179,178
184,183,182
182,181,184
169,168,121
181,201,200
201,181,202
200,199,181
181,199,198
486,181,105
205,204,226
204,203,351
486,202,181
181,198,185
196,195,197
198,197,189
207,206,224
209,208,223
210,209,223
207,223,208
195,194,197
205,224,206
185,184,181
202,486,203
198,187,186
193,192,191
185,198,186
190,194,191
217,212,220
194,193,191
197,194,189
198,188,187
167,123,168
188,198,189
218,220,219
220,218,217
189,194,190
217,216,214
213,212,217
214,213,217
212,221,220
211,210,221
211,221,212
222,221,210
222,210,223
204,229,228
230,229,204
214,216,215
205,226,225
224,205,225
223,207,224
231,204,232
204,231,230
227,204,228
226,204,227
232,235,233
204,235,232
120,106,169
510,509,500
500,508,507
506,505,507
505,500,507
504,503,502
502,501,504
504,501,505
500,505,501
511,496,495
493,511,494
494,511,495
500,499,498
498,497,500
510,497,496
497,510,500
492,517,493
491,519,492
475,474,473
475,473,483
440,422,441
483,473,472
471,483,472
483,471,470
469,464,470
490,489,488
424,423,425
423,422,425
464,469,468
425,422,439
440,439,422
490,486,521
490,521,491
477,476,478
479,478,476
476,480,479
483,482,480
481,480,482
483,480,476
475,483,476
488,487,486
486,485,458
488,486,490
484,461,460
458,485,459
460,459,484
459,485,484
484,462,461
486,458,457
484,483,462
467,466,465
464,468,465
463,483,470
439,438,426
426,437,429
437,426,438
465,468,467
462,483,463
429,427,426
437,430,429
427,429,428
430,432,431
430,434,432
430,437,434
464,463,470
439,426,425
486,457,353
441,422,421
352,203,486
445,421,419
446,419,418
419,446,445
421,445,444
415,414,417
417,416,415
414,418,417
418,403,448
443,421,444
441,421,442
442,421,443
447,446,418
402,449,448
402,450,449
447,418,448
418,414,405
412,411,407
406,413,412
407,411,410
408,407,410
406,412,407
410,409,408
406,405,414
448,403,402
451,402,401
451,450,402
404,403,418
451,399,375
400,399,451
401,400,451
405,404,418
406,414,413
398,375,399
436,435,434
433,432,434
434,437,436
452,373,372
372,371,452
368,453,369
370,452,371
370,369,452
453,452,369
384,380,385
381,384,383
384,381,380
381,383,382
380,379,385
373,452,374
451,375,374
374,452,451
376,375,397
397,393,376
396,395,394
393,392,376
397,394,393
397,396,394
376,392,391
387,385,378
387,386,385
378,377,388
385,379,378
391,390,389
378,388,387
377,389,388
377,376,389
376,391,389
375,398,397
419,421,420
358,454,453
203,352,351
455,454,358
367,366,453
366,365,358
453,366,358
453,368,367
455,357,456
351,236,235
305,237,236
233,235,234
238,256,239
240,255,241
241,254,242
255,240,239
304,238,237
358,365,364
357,457,456
364,359,358
360,362,361
363,362,360
364,363,360
359,364,360
357,356,355
358,357,455
354,353,357
353,352,486
357,355,354
351,350,236
304,256,238
349,305,236
350,349,236
235,204,351
357,353,457
349,348,316
242,254,243
241,255,254
253,243,254
243,248,244
294,257,256
292,259,258
258,257,293
239,256,255
245,244,246
246,244,247
248,247,244
251,248,252
249,251,250
249,248,251
252,248,253
243,253,248
261,260,290
277,263,278
263,262,278
265,264,277
267,266,276
277,266,265
276,266,277
264,263,277
262,261,289
269,268,270
271,270,268
268,274,271
274,268,267
267,275,274
271,273,272
271,274,273
267,276,275
260,259,291
348,347,318
337,336,338
338,332,339
338,336,335
341,340,328
339,331,340
335,332,338
319,343,320
343,319,344
346,345,318
344,318,345
317,348,318
316,315,314
349,316,306
319,318,344
316,348,317
314,307,316
333,332,335
330,340,331
339,332,331
342,320,343
330,328,340
329,328,330
328,342,341
342,328,327
322,321,342
321,320,342
327,326,325
324,323,342
342,325,324
323,322,342
325,342,327
334,333,335
313,308,314
303,294,256
302,295,294
294,303,302
257,294,293
305,349,306
295,300,296
302,301,295
237,305,304
290,260,291
288,279,278
290,289,261
292,291,259
280,279,286
278,289,288
287,279,288
278,262,289
258,293,292
303,256,304
308,313,309
295,301,300
307,314,308
311,310,313
300,297,296
310,309,313
313,312,311
297,300,299
281,280,286
285,281,286
286,279,287
285,282,281
285,283,282
283,285,284
297,299,298
306,316,307
318,347,346
500,509,508
