# Australia region 79
18 15
# Outer Vertices
118.465271,-34.939438
118.455551,-34.936661
118.449997,-34.933609
118.435806,-34.924721
118.427200,-34.918060
118.424149,-34.913887
118.424698,-34.907776
118.429153,-34.904442
118.435257,-34.902222
118.443314,-34.903328
118.465820,-34.912773
118.476379,-34.918060
118.480270,-34.921112
118.483047,-34.926109
118.481659,-34.932220
118.477203,-34.936111
118.471916,-34.938332
118.465271,-34.939438
# Triangles
7,5,4
8,4,3
9,3,2
6,5,7
8,7,4
9,8,3
2,10,9
10,1,17
11,17,16
11,16,15
10,17,11
12,14,13
12,11,15
14,12,15
1,10,2
