# Australia region 53
28 25
# Outer Vertices
153.425262,-27.362778
153.405548,-27.301392
153.388031,-27.263058
153.376617,-27.245277
153.367462,-27.226665
153.359131,-27.199722
153.358307,-27.193611
153.356079,-27.068058
153.357452,-27.062500
153.359955,-27.057777
153.368286,-27.051666
153.441650,-27.020279
153.447205,-27.018333
153.454132,-27.017780
153.459412,-27.019722
153.462463,-27.023891
153.466370,-27.034168
153.463867,-27.054169
153.459137,-27.070000
153.451355,-27.090279
153.445251,-27.105556
153.421631,-27.174721
153.418579,-27.185555
153.416077,-27.197220
153.414429,-27.208889
153.413605,-27.221943
153.414978,-27.248055
153.425262,-27.362778
# Triangles
25,4,3
26,3,2
26,25,3
26,1,0
26,2,1
4,25,24
8,7,10
6,21,7
20,10,7
24,5,4
9,8,10
24,23,5
5,23,6
20,7,21
21,6,22
18,10,19
10,18,11
19,10,20
12,15,13
16,12,11
15,12,16
14,13,15
16,11,17
11,18,17
22,6,23
