# Australia region 67
17 14
# Outer Vertices
124.938026,-15.031389
124.931664,-15.031113
124.917763,-15.028334
124.912491,-15.026112
124.861923,-14.991943
124.859993,-14.987499
124.860260,-14.975000
124.867752,-14.959444
124.874687,-14.952223
124.879150,-14.950832
124.920822,-14.941668
124.924423,-14.945000
124.926651,-14.950277
124.944427,-15.013613
124.945251,-15.026112
124.943314,-15.030001
124.938026,-15.031389
# Triangles
6,5,4
12,9,4
3,12,4
6,4,7
9,8,7
4,9,7
3,2,13
13,1,16
15,14,16
13,16,14
11,10,12
10,9,12
13,12,3
2,1,13
