# Australia region 51
91 88
# Outer Vertices
153.081635,-25.795834
153.077179,-25.798611
153.071625,-25.800556
153.053589,-25.797779
153.039978,-25.789444
153.036102,-25.785278
152.997742,-25.737778
152.994110,-25.728054
152.954132,-25.615276
152.943573,-25.583057
152.942200,-25.571388
152.943024,-25.558334
152.991913,-25.448334
152.996613,-25.439442
153.008881,-25.423054
153.015808,-25.415554
153.031097,-25.401943
153.034149,-25.398056
153.052765,-25.365276
153.057190,-25.356388
153.063599,-25.341389
153.064972,-25.335835
153.063599,-25.252224
153.062195,-25.239719
153.059143,-25.235832
153.049408,-25.230831
153.090790,-25.152222
153.134979,-25.124443
153.171631,-25.096111
153.194427,-25.075558
153.211090,-25.056389
153.218842,-25.042778
153.231079,-25.018890
153.237183,-25.003334
153.240234,-24.993053
153.246613,-24.964165
153.248016,-24.951942
153.248291,-24.945831
153.244843,-24.931997
153.237732,-24.914165
153.231903,-24.905277
153.189972,-24.841389
153.184143,-24.833057
153.178040,-24.824722
153.169128,-24.819168
153.158600,-24.815002
153.173035,-24.785000
153.189148,-24.758335
153.196075,-24.750835
153.219421,-24.731110
153.236084,-24.718887
153.249695,-24.710831
153.281647,-24.699165
153.283600,-24.724720
153.284149,-24.758335
153.283875,-24.784168
153.283051,-24.803333
153.282196,-24.816391
153.281372,-24.849167
153.281921,-24.862221
153.284149,-24.880833
153.289978,-24.904167
153.294434,-24.919167
153.296631,-24.924168
153.313019,-24.950275
153.320526,-24.957775
153.328857,-24.963333
153.344696,-24.969444
153.350800,-24.970833
153.356079,-24.973053
153.359955,-24.976387
153.362183,-24.981110
153.368835,-25.002502
153.371063,-25.014168
153.366364,-25.030556
153.301086,-25.171387
153.254974,-25.266945
153.236633,-25.304722
153.184967,-25.410000
153.127167,-25.536388
153.085785,-25.656666
153.082733,-25.667778
153.081909,-25.687500
153.086365,-25.703888
153.088562,-25.708889
153.095245,-25.730831
153.097473,-25.748608
153.096344,-25.767780
153.091644,-25.784168
153.086365,-25.793056
153.081635,-25.795834
# Triangles
87,5,4
3,2,1
4,3,87
6,5,85
10,9,11
9,79,11
7,6,83
7,81,8
79,9,8
1,90,3
90,89,88
86,5,87
3,88,87
86,85,5
81,80,8
82,81,7
84,83,6
6,85,84
7,83,82
90,88,3
80,79,8
14,13,79
14,79,15
16,15,79
12,79,13
78,18,17
24,23,26
19,18,78
25,24,26
16,79,17
78,21,20
76,23,22
76,27,26
75,28,27
22,21,77
78,20,19
45,44,46
46,43,42
43,46,44
46,42,47
78,17,79
76,26,23
12,11,79
77,76,22
30,29,75
27,76,75
31,30,75
74,32,31
74,33,32
65,35,34
35,64,36
34,33,66
28,75,29
71,67,72
33,74,66
74,73,72
67,74,72
65,34,66
66,74,67
71,69,68
68,67,71
69,71,70
74,31,75
64,35,65
59,41,40
61,39,38
63,38,37
40,39,60
41,59,58
42,56,47
41,57,42
47,55,48
55,49,48
49,54,50
50,53,51
57,41,58
60,59,40
61,60,39
63,62,38
63,37,36
61,38,62
50,54,53
56,42,57
56,55,47
51,53,52
49,55,54
36,64,63
78,77,21
