# Australia region 64
20 17
# Outer Vertices
126.598602,-13.909723
126.583054,-13.904167
126.559708,-13.898890
126.552757,-13.897779
126.546944,-13.898335
126.536652,-13.901112
126.517761,-13.908890
126.511932,-13.909445
126.508331,-13.906111
126.501663,-13.883890
126.502487,-13.877777
126.505257,-13.873333
126.510269,-13.872221
126.517487,-13.872221
126.541656,-13.876944
126.547760,-13.878611
126.606369,-13.895555
126.609154,-13.899445
126.606369,-13.903889
126.598602,-13.909723
# Triangles
8,7,6
8,6,9
13,6,5
10,9,12
10,12,11
12,9,13
9,6,13
5,14,13
15,2,1
16,19,18
19,16,1
17,16,18
14,4,15
4,14,5
3,2,15
3,15,4
16,15,1
