# Australia region 4
20 17
# Outer Vertices
133.391357,-11.543890
133.402771,-11.508335
133.464966,-11.463888
133.469421,-11.460833
133.475250,-11.460278
133.478302,-11.463888
133.505554,-11.503889
133.506378,-11.508890
133.503876,-11.513334
133.498840,-11.515001
133.491913,-11.515001
133.459412,-11.511667
133.454132,-11.510000
133.448853,-11.507223
133.442749,-11.506111
133.436371,-11.506111
133.431366,-11.507778
133.427460,-11.510834
133.409149,-11.527224
133.391357,-11.543890
# Triangles
19,18,1
18,17,1
2,1,16
16,1,17
14,13,2
15,14,2
2,16,15
12,2,13
5,11,10
9,8,7
10,9,6
7,6,9
3,2,5
3,5,4
2,11,5
10,6,5
11,2,12
