# Australia region 69
18 15
# Outer Vertices
124.800812,-15.285833
124.797760,-15.282501
124.795532,-15.278057
124.793053,-15.257502
124.794983,-15.244722
124.797493,-15.239721
124.801376,-15.236666
124.814148,-15.237221
124.834717,-15.240276
124.840820,-15.241667
124.846100,-15.243889
124.849991,-15.247221
124.850540,-15.252779
124.847763,-15.257223
124.832764,-15.270279
124.820541,-15.278889
124.816093,-15.281113
124.800812,-15.285833
# Triangles
15,7,3
2,1,16
2,16,3
5,4,6
7,6,4
4,3,7
16,1,17
15,14,7
7,14,8
8,14,13
8,13,9
10,12,11
10,9,13
12,10,13
15,3,16
