# Australia region 5
24 21
# Outer Vertices
136.182739,-11.690834
136.178314,-11.687778
136.178864,-11.647501
136.186371,-11.641390
136.269714,-11.574722
136.277771,-11.569721
136.284149,-11.568890
136.289429,-11.570833
136.292755,-11.574444
136.348846,-11.568611
136.417480,-11.520279
136.428589,-11.511112
136.449127,-11.490276
136.478851,-11.466110
136.483582,-11.468332
136.476624,-11.503889
136.475250,-11.510000
136.473572,-11.515278
136.470520,-11.519167
136.373291,-11.592499
136.343292,-11.609722
136.266663,-11.653334
136.197205,-11.685278
136.182739,-11.690834
# Triangles
2,1,22
2,22,3
22,1,0
3,22,21
4,8,5
4,3,21
6,8,7
8,6,5
21,8,4
21,20,8
20,19,9
9,19,10
20,9,8
11,10,18
18,10,19
16,18,17
18,12,11
12,18,16
12,16,15
15,14,13
15,13,12
