# Australia region 39
16 13
# Outer Vertices
148.465515,-20.047779
148.454681,-20.044167
148.447479,-20.037224
148.445251,-20.032501
148.444427,-19.986385
148.444977,-19.980278
148.446625,-19.974720
148.449707,-19.970833
148.455536,-19.969444
148.463287,-19.975555
148.482178,-20.006111
148.483582,-20.011391
148.478027,-20.038891
148.475800,-20.043613
148.471344,-20.046391
148.465515,-20.047779
# Triangles
12,3,2
4,3,10
9,6,5
8,7,6
9,5,4
1,12,2
15,14,12
13,12,14
12,11,3
6,9,8
4,10,9
11,10,3
12,1,15
