# Australia region 2
89 86
# Outer Vertices
130.958862,-11.938889
130.881622,-11.870832
130.868561,-11.861944
130.854126,-11.855555
130.826904,-11.853054
130.809692,-11.847778
130.681915,-11.787500
130.674133,-11.781944
130.511658,-11.662779
130.497192,-11.648056
130.491913,-11.640001
130.487457,-11.631943
130.418579,-11.448610
130.364685,-11.253056
130.364960,-11.221666
130.365234,-11.209444
130.371613,-11.179445
130.377441,-11.170555
130.389160,-11.161667
130.399719,-11.159445
130.404419,-11.161945
130.531921,-11.283333
130.573303,-11.349443
130.704956,-11.390278
130.812744,-11.368332
130.838013,-11.361111
130.852173,-11.354445
130.859680,-11.349722
130.870514,-11.338888
130.895813,-11.308889
130.900269,-11.306667
130.906372,-11.306667
130.966064,-11.327499
131.004150,-11.352222
131.056366,-11.309166
131.060242,-11.306110
131.114960,-11.267223
131.123291,-11.261946
131.132721,-11.257502
131.142212,-11.254446
131.149139,-11.255280
131.155823,-11.261946
131.159698,-11.271389
131.161377,-11.288055
131.164154,-11.304722
131.169708,-11.324444
131.174133,-11.333611
131.216644,-11.404722
131.223022,-11.405279
131.226074,-11.401667
131.228302,-11.396389
131.229309,-11.384363
131.226624,-11.368332
131.211365,-11.342499
131.193573,-11.292223
131.202759,-11.246944
131.207458,-11.237221
131.226624,-11.214722
131.246613,-11.199722
131.254700,-11.194445
131.259979,-11.192223
131.269440,-11.189167
131.274994,-11.189167
131.281647,-11.190556
131.411926,-11.243889
131.421082,-11.248888
131.428589,-11.256668
131.525818,-11.386667
131.530548,-11.394724
131.532196,-11.399723
131.536102,-11.427223
131.539154,-11.461666
131.534973,-11.472221
131.529419,-11.479721
131.524689,-11.482777
131.519714,-11.484165
131.514984,-11.482500
131.457458,-11.559999
131.284149,-11.729721
131.279694,-11.731943
131.266937,-11.731943
131.250000,-11.734165
131.244965,-11.735556
131.236084,-11.740000
131.126343,-11.813334
131.047760,-11.878611
130.973297,-11.933889
130.964417,-11.938334
130.958862,-11.938889
# Triangles
23,8,7
24,6,5
6,24,7
5,3,24
11,22,12
8,10,9
23,11,8
23,7,24
11,10,8
23,22,11
5,4,3
1,88,86
86,85,1
86,88,87
1,85,2
26,25,33
3,25,24
33,25,3
84,33,3
84,2,85
34,33,46
84,3,2
26,33,27
14,13,21
21,13,12
14,21,20
12,22,21
16,20,17
20,16,15
18,20,19
20,18,17
15,14,20
31,29,28
28,32,31
29,31,30
32,27,33
28,27,32
43,37,36
38,41,39
37,42,38
35,34,46
36,35,44
84,83,33
83,82,47
80,79,78
81,80,48
82,81,47
47,81,48
77,49,48
51,50,67
49,77,50
48,78,77
80,78,48
47,46,33
76,67,50
74,73,76
74,76,75
76,73,72
67,69,68
69,67,70
71,70,76
70,67,76
72,71,76
76,50,77
51,67,66
43,36,44
54,53,55
35,46,45
39,41,40
38,42,41
57,56,55
43,42,37
55,53,57
35,45,44
53,52,64
57,53,63
64,66,65
66,64,52
52,51,66
53,64,63
58,60,59
60,58,63
60,62,61
62,60,63
58,57,63
83,47,33
