# Australia region 58
19 16
# Outer Vertices
136.195801,-35.077499
136.188568,-35.075836
136.159973,-35.066948
136.155548,-35.063614
136.084137,-34.965553
136.084686,-34.953056
136.086639,-34.947220
136.095245,-34.941383
136.109406,-34.941109
136.113861,-34.944160
136.118286,-34.947495
136.126068,-34.955276
136.195801,-35.026390
136.199127,-35.030281
136.200806,-35.035278
136.206909,-35.066948
136.206635,-35.073059
136.202759,-35.076950
136.195801,-35.077499
# Triangles
9,5,4
11,3,12
3,11,4
10,4,11
6,5,7
7,9,8
5,9,7
4,10,9
15,1,18
18,17,15
16,15,17
2,12,3
12,2,14
12,14,13
2,1,14
1,15,14
