# Australia region 68
19 16
# Outer Vertices
128.186096,-15.189444
128.126068,-15.148056
128.122192,-15.144724
128.119415,-15.140835
128.114685,-15.131943
128.113281,-15.120832
128.117737,-15.046946
128.120514,-15.043056
128.125519,-15.041668
128.132721,-15.041945
128.142761,-15.046112
128.148315,-15.054167
128.187469,-15.116388
128.192749,-15.125277
128.197754,-15.168056
128.198303,-15.180000
128.195526,-15.184999
128.191925,-15.188612
128.186096,-15.189444
# Triangles
5,4,3
2,1,3
5,3,1
9,6,11
6,8,7
8,6,9
11,6,5
5,1,12
0,17,16
16,15,0
0,15,14
9,11,10
13,12,1
11,5,12
1,14,13
14,1,0
