# Australia region 25
20 17
# Outer Vertices
137.054413,-15.830000
137.041077,-15.828333
137.004425,-15.796667
136.997192,-15.789167
136.940796,-15.719166
136.934418,-15.698889
136.934692,-15.686388
136.936646,-15.681112
136.953033,-15.647501
136.994690,-15.597778
137.003052,-15.591389
137.009430,-15.591944
137.014160,-15.594444
137.055542,-15.647501
137.072754,-15.692778
137.093018,-15.766390
137.093567,-15.785000
137.091064,-15.790277
137.067200,-15.829445
137.054413,-15.830000
# Triangles
7,5,4
14,8,4
14,4,3
6,5,7
8,13,9
8,7,4
10,9,11
3,2,15
1,19,17
17,15,2
17,19,18
15,17,16
11,9,12
12,9,13
14,13,8
15,14,3
17,2,1
