# Australia region 71
16 13
# Outer Vertices
124.522491,-15.445278
124.513893,-15.417223
124.461647,-15.371387
124.459427,-15.366943
124.468048,-15.327223
124.470261,-15.322222
124.489700,-15.290277
124.493042,-15.286667
124.497208,-15.283890
124.542213,-15.261667
124.559708,-15.260000
124.648331,-15.398890
124.644707,-15.402500
124.630814,-15.408890
124.621643,-15.412222
124.522491,-15.445278
# Triangles
3,2,4
5,4,1
6,5,8
8,7,6
8,5,1
1,4,2
1,0,14
1,14,10
10,14,13
9,1,10
11,10,13
12,11,13
1,9,8
