# Australia region 57
19 16
# Outer Vertices
137.351898,-34.541672
137.344696,-34.540001
137.339966,-34.536667
137.336639,-34.533058
137.334137,-34.527779
137.334412,-34.515556
137.339417,-34.505005
137.342743,-34.500557
137.357178,-34.483612
137.360504,-34.479996
137.365784,-34.477776
137.370239,-34.481110
137.375244,-34.496109
137.376892,-34.501671
137.376617,-34.513336
137.372192,-34.524719
137.366638,-34.533615
137.358002,-34.540283
137.351898,-34.541672
# Triangles
4,3,2
2,1,17
2,16,4
5,4,16
15,6,5
6,15,7
7,12,8
17,1,18
16,15,5
14,7,15
13,7,14
10,9,11
8,11,9
12,11,8
13,12,7
2,17,16
