# Australia region 93
21 18
# Outer Vertices
148.014160,-42.753059
148.009979,-42.731110
148.011108,-42.652222
148.011658,-42.631668
148.013611,-42.625557
148.016388,-42.621384
148.021088,-42.618057
148.073578,-42.588333
148.079407,-42.585556
148.119415,-42.588051
148.127747,-42.588608
148.132446,-42.592224
148.172485,-42.652222
148.173309,-42.658333
148.170532,-42.663887
148.165802,-42.667221
148.159149,-42.668610
148.150818,-42.669167
148.097748,-42.666107
148.041656,-42.732216
148.014160,-42.753059
# Triangles
2,1,19
3,2,6
19,1,20
2,18,6
5,4,6
3,6,4
6,18,7
7,18,8
18,2,19
11,18,17
12,16,15
17,16,12
15,14,12
10,9,11
18,11,9
17,12,11
14,13,12
18,9,8
