# Australia region 81
55 52
# Outer Vertices
143.921631,-40.136391
143.913879,-40.134727
143.890533,-40.121941
143.886383,-40.118332
143.884155,-40.113335
143.873566,-40.065002
143.887482,-40.059441
143.893036,-40.056107
143.894440,-40.050835
143.892212,-39.987503
143.891663,-39.981941
143.887207,-39.972221
143.883881,-39.968056
143.870514,-39.956947
143.851624,-39.945274
143.842468,-39.938606
143.838287,-39.934998
143.834961,-39.930557
143.834686,-39.924446
143.837738,-39.873055
143.854126,-39.714722
143.856354,-39.709167
143.871063,-39.700279
143.899719,-39.688606
143.916656,-39.680557
143.925812,-39.674171
143.933594,-39.666946
143.940521,-39.658333
143.942749,-39.653053
143.945526,-39.640839
143.943848,-39.628883
143.935516,-39.608612
143.931915,-39.598335
143.929138,-39.587219
143.933868,-39.583328
143.939423,-39.580833
143.973022,-39.573334
143.981903,-39.574448
143.987732,-39.576950
144.064148,-39.614723
144.069427,-39.617500
144.108582,-39.662498
144.112183,-39.673058
144.122192,-39.812218
144.122192,-39.825005
144.144440,-39.922775
144.147491,-39.927223
144.146942,-39.933884
144.138031,-39.981667
144.135803,-39.986946
144.108002,-40.034447
144.104126,-40.038338
144.008881,-40.087776
143.957733,-40.110001
143.921631,-40.136391
# Triangles
6,5,4
7,6,4
12,44,19
4,3,2
7,4,53
2,1,53
10,45,11
53,8,7
52,9,8
52,10,9
53,4,2
44,12,11
18,16,15
18,15,14
17,16,18
18,14,19
19,23,20
19,14,13
20,22,21
19,13,12
20,23,22
23,19,24
19,43,24
43,25,24
53,1,54
10,52,51
10,51,49
42,26,43
43,19,44
51,50,49
26,42,27
52,8,53
45,49,48
45,48,47
43,26,25
46,45,47
45,44,11
10,49,45
28,27,39
32,34,33
34,32,35
31,35,32
36,35,31
31,30,36
29,28,39
39,27,41
39,41,40
37,36,38
36,30,38
29,39,38
38,30,29
27,42,41
