# Australia region 92
50 47
# Outer Vertices
148.339142,-40.503334
148.339691,-40.466942
148.336090,-40.454720
148.331635,-40.445000
148.328308,-40.440834
148.318298,-40.435272
148.292206,-40.434441
148.129944,-40.447220
148.114685,-40.448883
148.103851,-40.454445
148.090240,-40.458336
148.083038,-40.457779
148.068573,-40.454720
147.998840,-40.430283
147.995239,-40.426109
147.993561,-40.420555
147.993561,-40.413612
147.995514,-40.401390
147.998566,-40.389725
148.005829,-40.380829
148.010254,-40.377495
148.062195,-40.349167
148.068298,-40.347221
148.083588,-40.344719
148.099121,-40.343330
148.116913,-40.343613
148.133026,-40.345001
148.148315,-40.347221
148.184143,-40.361671
148.191345,-40.363335
148.199402,-40.362503
148.205811,-40.360001
148.288025,-40.324722
148.308868,-40.314163
148.326080,-40.305832
148.332184,-40.304443
148.340240,-40.305275
148.345795,-40.308052
148.354675,-40.315552
148.477753,-40.428612
148.480530,-40.432777
148.478577,-40.438889
148.475800,-40.443886
148.469421,-40.445831
148.464142,-40.443054
148.459686,-40.439720
148.410797,-40.460556
148.404419,-40.463333
148.358307,-40.490555
148.339142,-40.503334
# Triangles
15,14,13
15,13,16
13,17,16
19,18,17
20,17,13
9,12,11
9,11,10
23,12,8
9,8,12
12,20,13
25,8,7
12,21,20
23,8,24
12,22,21
23,22,12
19,17,20
27,7,28
30,29,7
26,25,7
7,27,26
24,8,25
7,29,28
7,6,30
49,48,1
2,1,47
47,3,2
4,3,47
47,1,48
47,46,4
39,45,44
43,41,44
42,41,43
4,46,38
38,46,45
32,31,6
31,30,6
32,6,5
5,33,32
34,33,38
33,5,38
39,41,40
38,5,4
36,35,37
37,35,34
38,37,34
39,38,45
44,41,39
