# Australia region 36
24 21
# Outer Vertices
139.428314,-17.146111
139.423309,-17.143612
139.414978,-17.130001
139.408020,-17.115833
139.398865,-17.091389
139.401367,-17.086113
139.502777,-16.996666
139.538025,-17.018612
139.550262,-17.026947
139.553589,-17.030556
139.556366,-17.035000
139.576080,-17.095833
139.570251,-17.105000
139.560791,-17.109444
139.517487,-17.110832
139.474976,-17.100834
139.469421,-17.099167
139.463013,-17.099445
139.452759,-17.102779
139.443848,-17.108334
139.434418,-17.119446
139.430267,-17.128887
139.429138,-17.134998
139.428314,-17.146111
# Triangles
2,1,22
22,21,2
0,22,1
2,21,20
4,3,5
5,3,19
19,18,5
20,19,3
3,2,20
5,18,17
6,16,15
17,16,6
10,14,13
15,14,7
13,12,11
7,10,8
7,6,15
8,10,9
7,14,10
11,10,13
17,6,5
