# Australia region 34
36 33
# Outer Vertices
139.148315,-16.760834
139.142761,-16.759167
139.140259,-16.755001
139.138580,-16.715553
139.138580,-16.702499
139.160797,-16.610558
139.164978,-16.600555
139.222473,-16.523891
139.277466,-16.481388
139.289429,-16.472500
139.306641,-16.462498
139.318848,-16.461945
139.364685,-16.461945
139.451355,-16.447220
139.479675,-16.442223
139.534424,-16.413887
139.724976,-16.443054
139.729675,-16.445553
139.733582,-16.455833
139.737732,-16.478054
139.738007,-16.483608
139.736359,-16.497219
139.734680,-16.503334
139.730255,-16.505280
139.689148,-16.522503
139.623840,-16.535835
139.580811,-16.502502
139.489136,-16.538055
139.503601,-16.569168
139.453308,-16.658054
139.450256,-16.661945
139.441925,-16.667778
139.330261,-16.708889
139.230804,-16.728886
139.185242,-16.734997
139.148315,-16.760834
# Triangles
3,2,34
34,4,3
35,2,1
35,34,2
34,33,5
34,5,4
6,33,32
6,32,7
8,7,32
6,5,33
12,11,8
8,32,12
9,11,10
9,8,11
31,29,12
32,31,12
29,27,12
28,27,29
12,27,13
25,24,26
23,19,24
24,16,26
21,23,22
27,26,14
14,26,15
14,13,27
15,26,16
20,19,23
18,17,16
16,19,18
24,19,16
21,20,23
29,31,30
