# Australia region 75
39 36
# Outer Vertices
113.205551,-26.144722
113.176086,-26.123055
113.027481,-25.920277
112.953323,-25.786945
112.951660,-25.781944
112.907211,-25.627499
112.907494,-25.583889
112.908333,-25.564724
112.913879,-25.539722
112.918320,-25.529167
112.921097,-25.524723
112.943314,-25.495277
112.951103,-25.488609
112.956650,-25.486942
112.997757,-25.494164
113.004440,-25.495552
113.006104,-25.500557
113.004707,-25.505836
112.997482,-25.513336
112.988312,-25.526112
112.986099,-25.531391
112.983047,-25.543613
112.983047,-25.555279
112.983871,-25.560833
112.987198,-25.570835
113.026932,-25.654446
113.076103,-25.785835
113.099426,-25.849445
113.105263,-25.876389
113.159149,-25.977776
113.182480,-25.998055
113.190262,-26.005280
113.196930,-26.018890
113.206940,-26.042778
113.227768,-26.101391
113.227768,-26.107777
113.226379,-26.113056
113.209152,-26.140835
113.205551,-26.144722
# Triangles
6,5,24
23,7,6
25,24,5
24,23,6
22,7,23
22,8,7
5,4,25
8,22,21
9,21,10
11,13,12
10,20,11
9,8,21
19,13,11
13,18,14
18,13,19
14,18,17
19,11,20
20,10,21
26,4,3
32,1,33
1,32,30
1,38,37
30,32,31
36,34,1
34,33,1
34,36,35
1,37,36
4,26,25
14,16,15
16,14,17
3,2,26
29,2,1
2,27,26
27,2,28
29,28,2
1,30,29
