# Australia region 45
22 19
# Outer Vertices
149.896362,-22.230831
149.885254,-22.230553
149.876617,-22.224720
149.871063,-22.216389
149.866913,-22.186111
149.865784,-22.173889
149.876617,-22.102501
149.885803,-22.074169
149.888306,-22.069447
149.893585,-22.060833
149.899719,-22.052780
149.903595,-22.049446
149.908325,-22.046947
149.914154,-22.047779
149.930267,-22.128056
149.930817,-22.134167
149.922485,-22.185276
149.919128,-22.196110
149.917206,-22.201389
149.903870,-22.224167
149.900818,-22.228333
149.896362,-22.230831
# Triangles
18,4,3
19,2,1
3,2,19
5,4,16
6,5,15
7,14,8
9,8,13
14,7,6
0,19,1
3,19,18
16,4,17
4,18,17
5,16,15
11,13,12
13,11,10
9,13,10
14,13,8
15,14,6
0,20,19
