# Australia region 49
26 23
# Outer Vertices
151.227173,-23.786667
151.219971,-23.785835
151.214691,-23.782780
151.178864,-23.748055
151.172485,-23.740276
151.159988,-23.709040
151.133575,-23.661245
151.066071,-23.605278
151.047485,-23.575279
151.038300,-23.556110
151.027771,-23.525833
151.016937,-23.458332
151.019989,-23.454445
151.059692,-23.446388
151.065796,-23.447777
151.130249,-23.485554
151.203033,-23.528889
151.222473,-23.558613
151.286377,-23.669998
151.287750,-23.674999
151.300812,-23.743610
151.299988,-23.749722
151.297760,-23.754448
151.275269,-23.779446
151.269440,-23.780556
151.227173,-23.786667
# Triangles
8,15,9
7,15,8
18,6,5
16,7,6
7,16,15
12,11,13
13,11,10
10,14,13
14,10,15
10,9,15
5,4,19
2,1,25
2,25,24
24,23,22
2,24,20
20,24,22
17,16,6
6,18,17
3,19,4
20,19,3
5,19,18
2,20,3
22,21,20
