# Australia region 89
16 13
# Outer Vertices
147.302765,-43.513336
147.239136,-43.491669
147.175537,-43.501671
147.123016,-43.421944
147.190247,-43.354446
147.287201,-43.266113
147.291931,-43.261948
147.300262,-43.262779
147.307739,-43.270279
147.362457,-43.374168
147.364960,-43.385834
147.362732,-43.398056
147.322205,-43.500557
147.319122,-43.505280
147.310516,-43.511948
147.302765,-43.513336
# Triangles
3,2,1
3,1,4
5,4,9
7,6,5
5,8,7
11,4,1
15,14,13
13,12,15
12,11,1
8,5,9
11,10,9
11,9,4
1,15,12
