# Australia region 84
17 14
# Outer Vertices
144.886383,-40.473328
144.872192,-40.471382
144.859680,-40.466660
144.854675,-40.463890
144.847198,-40.455276
144.832184,-40.433609
144.875244,-40.383057
144.879944,-40.379723
144.887207,-40.378609
144.949707,-40.387222
144.955811,-40.389442
144.963013,-40.404716
144.964417,-40.409721
144.963287,-40.415833
144.948029,-40.456947
144.941345,-40.458893
144.886383,-40.473328
# Triangles
4,3,2
2,1,4
0,6,1
5,4,6
6,4,1
6,8,7
6,0,8
15,14,13
15,13,9
11,13,12
8,15,9
11,10,9
13,11,9
15,8,0
