# Australia region 21
19 16
# Outer Vertices
129.624115,-14.880278
129.614960,-14.874443
129.611908,-14.871111
129.589142,-14.841110
129.583862,-14.832777
129.579407,-14.818611
129.577759,-14.807222
129.580536,-14.802778
129.586639,-14.805000
129.590790,-14.807501
129.609131,-14.824167
129.616058,-14.831667
129.625244,-14.842499
129.630798,-14.850832
129.633026,-14.855833
129.636108,-14.871387
129.633881,-14.876665
129.629944,-14.879444
129.624115,-14.880278
# Triangles
4,3,10
12,3,2
3,11,10
4,10,9
6,5,8
6,8,7
8,5,9
5,4,9
15,1,18
18,17,15
16,15,17
3,12,11
13,12,2
14,13,2
15,14,1
1,14,2
