# Australia region 90
45 42
# Outer Vertices
148.128845,-40.274445
148.115234,-40.271667
148.101074,-40.267220
148.064423,-40.253891
148.049133,-40.245552
148.040253,-40.238609
148.036926,-40.233887
148.013611,-40.164444
148.012756,-40.158333
148.016663,-40.147224
148.019440,-40.142502
148.018585,-40.135559
147.903870,-39.975555
147.818298,-39.915833
147.810242,-39.915001
147.804962,-39.912216
147.773865,-39.894722
147.760803,-39.883614
147.758331,-39.878883
147.761932,-39.874718
147.783875,-39.850281
147.881897,-39.754173
147.925812,-39.737503
147.967743,-39.725555
147.971069,-39.736389
147.978302,-39.744720
148.069427,-39.838890
148.165527,-39.929443
148.174408,-39.936111
148.184143,-39.943054
148.189423,-39.945831
148.202759,-39.950279
148.240234,-39.961388
148.247467,-39.962776
148.279419,-39.965836
148.288025,-39.994720
148.335236,-40.192223
148.332184,-40.216110
148.330536,-40.222221
148.324127,-40.230553
148.318573,-40.233330
148.306915,-40.238052
148.299713,-40.239998
148.177460,-40.256950
148.128845,-40.274445
# Triangles
8,7,9
13,12,21
14,13,15
6,5,4
10,6,3
9,7,10
43,11,10
12,11,27
10,7,6
25,12,26
17,16,19
17,19,18
19,16,20
16,15,20
21,20,13
21,12,25
21,25,22
13,20,15
22,24,23
24,22,25
4,3,6
1,44,43
2,43,10
43,2,1
43,31,11
41,36,42
37,41,40
38,37,40
38,40,39
43,42,36
41,37,36
11,30,29
12,27,26
11,28,27
11,29,28
31,43,35
33,35,34
32,31,35
33,32,35
30,11,31
35,43,36
3,2,10
