# Australia region 60
113 110
# Outer Vertices
137.910950,-35.729378
137.962189,-35.734444
138.021912,-35.746109
138.034973,-35.750282
138.058594,-35.759727
138.066925,-35.766663
138.111908,-35.817505
138.112732,-35.869720
138.049408,-35.920555
138.044128,-35.922775
138.038025,-35.924171
138.029694,-35.923332
137.985504,-35.908890
137.974396,-35.903610
137.956360,-35.889999
137.928864,-35.876663
137.913300,-35.874443
137.823578,-35.868057
137.792755,-35.866112
137.769440,-35.865005
137.755554,-35.866394
137.749390,-35.867775
137.619690,-35.919998
137.605530,-35.929443
137.602173,-35.933327
137.598572,-35.944443
137.599396,-35.955559
137.600800,-35.961945
137.609955,-35.973885
137.613586,-35.977493
137.617737,-35.986946
137.619415,-35.998055
137.619110,-36.004173
137.614136,-36.014725
137.605225,-36.021385
137.586365,-36.033058
137.491058,-36.075279
137.469116,-36.084442
137.457733,-36.086662
137.450256,-36.086388
137.444702,-36.083885
137.399414,-36.045837
137.388580,-36.034447
137.368835,-36.011116
137.359955,-36.004448
137.354401,-36.001945
137.346924,-36.000282
137.230255,-35.984444
137.221893,-35.983612
137.200531,-35.984726
137.189697,-35.988892
137.185791,-35.991943
137.183044,-35.997223
137.181366,-36.003059
137.185516,-36.012505
137.185516,-36.018059
137.182465,-36.030556
137.177765,-36.034172
137.168304,-36.039444
137.156647,-36.043617
137.143585,-36.044724
137.031647,-36.035561
136.899719,-36.052223
136.744690,-36.061111
136.712189,-36.056664
136.684143,-36.019722
136.676361,-36.006668
136.612183,-35.960831
136.580536,-35.944160
136.541351,-35.920280
136.536926,-35.916946
136.534424,-35.912498
136.533325,-35.885559
136.534424,-35.878883
136.571899,-35.777496
136.574402,-35.772499
136.578583,-35.768608
136.583313,-35.765839
136.588867,-35.763062
136.605804,-35.758057
136.910522,-35.688889
136.947479,-35.680832
136.996918,-35.678337
137.011108,-35.678612
137.018585,-35.680000
137.033600,-35.680557
137.066650,-35.675278
137.120514,-35.662216
137.227173,-35.624718
137.314148,-35.591385
137.320251,-35.589996
137.333862,-35.588608
137.341339,-35.588890
137.526093,-35.604721
137.584961,-35.650833
137.583038,-35.728882
137.584686,-35.734444
137.594696,-35.745834
137.601074,-35.748055
137.693298,-35.757507
137.784698,-35.796669
137.789978,-35.805557
137.794708,-35.808891
137.800262,-35.811386
137.808319,-35.813057
137.829681,-35.811943
137.848022,-35.807777
137.853302,-35.805557
137.863007,-35.799728
137.875793,-35.788895
137.885254,-35.776108
137.894440,-35.761948
137.910950,-35.729378
# Triangles
65,64,63
62,66,63
53,60,59
58,53,59
60,52,61
80,66,62
66,65,63
53,58,57
60,53,52
55,53,57
62,61,80
53,55,54
55,57,56
51,61,52
36,42,41
39,38,40
41,40,36
37,40,38
43,42,25
50,86,51
61,51,85
44,96,45
92,46,96
46,45,96
24,44,43
87,50,49
73,72,68
69,72,71
68,74,73
69,68,72
70,69,71
79,68,67
74,76,75
76,74,77
77,74,78
78,74,79
68,79,74
66,79,67
80,79,66
82,84,83
82,81,61
51,86,85
87,49,48
84,61,85
48,47,88
84,82,61
80,61,81
86,50,87
87,48,88
90,89,92
92,91,90
47,46,88
88,46,89
46,92,89
40,37,36
35,27,36
34,28,35
33,32,31
30,34,31
31,34,33
30,28,34
26,25,36
27,26,36
29,28,30
24,23,97
27,35,28
24,43,25
24,96,44
5,14,13
11,10,9
9,8,11
11,8,12
8,5,12
21,20,100
1,15,14
17,16,107
15,110,16
12,5,13
8,7,6
22,21,99
23,22,97
101,100,20
101,19,102
100,99,21
18,104,103
18,17,104
103,102,18
18,102,19
95,93,92
92,96,95
93,95,94
98,22,99
97,22,98
96,24,97
101,20,19
17,105,104
17,106,105
16,109,108
106,17,107
110,109,16
1,14,2
16,108,107
111,1,0
110,15,111
5,4,3
14,3,2
15,1,111
3,14,5
6,5,8
25,42,36
