# Australia region 87
19 16
# Outer Vertices
159.070801,-31.599998
159.083038,-31.573334
159.085236,-31.567780
159.085785,-31.561111
159.067200,-31.536388
159.057190,-31.531113
159.051361,-31.532780
159.045258,-31.530834
159.044983,-31.524723
159.049133,-31.521667
159.064423,-31.521946
159.070801,-31.523613
159.081085,-31.535278
159.089417,-31.548336
159.101898,-31.571114
159.099701,-31.576389
159.089691,-31.588890
159.076630,-31.598335
159.070801,-31.599998
# Triangles
6,5,9
11,4,12
5,4,10
7,6,8
9,8,6
5,10,9
4,11,10
1,17,16
16,15,1
1,15,2
13,4,3
3,14,13
14,3,2
13,12,4
2,15,14
1,0,17
