# Australia region 3
59 56
# Outer Vertices
130.493561,-11.838612
130.335236,-11.777779
130.329681,-11.775833
130.323029,-11.775002
130.311646,-11.776390
130.236359,-11.792500
130.226074,-11.795279
130.202759,-11.805000
130.184692,-11.813889
130.174683,-11.817499
130.124115,-11.830555
130.096344,-11.833611
130.042480,-11.824444
130.038574,-11.821388
130.026917,-11.802778
130.022491,-11.794167
130.016388,-11.779722
130.016388,-11.773611
130.018585,-11.768333
130.071075,-11.675278
130.074127,-11.672222
130.080536,-11.672501
130.085785,-11.674444
130.097198,-11.683889
130.108582,-11.693333
130.116364,-11.699722
130.121613,-11.701666
130.154144,-11.703611
130.159149,-11.702223
130.168304,-11.696388
130.171631,-11.693333
130.185242,-11.678333
130.193573,-11.667223
130.196930,-11.655834
130.190796,-11.528057
130.173859,-11.484999
130.253326,-11.345278
130.258026,-11.343056
130.342468,-11.323610
130.345520,-11.327499
130.397491,-11.433056
130.398865,-11.438612
130.398865,-11.444723
130.397491,-11.450832
130.432190,-11.556110
130.491058,-11.688612
130.561646,-11.706667
130.579132,-11.717777
130.604126,-11.735556
130.615509,-11.744999
130.626343,-11.755280
130.636383,-11.765835
130.637207,-11.770834
130.636383,-11.777500
130.630249,-11.792500
130.615784,-11.821112
130.611908,-11.823889
130.568848,-11.831944
130.493561,-11.838612
# Triangles
14,13,12
18,14,11
17,16,18
18,15,14
15,18,16
14,12,11
10,26,11
27,10,9
28,27,7
8,7,27
27,9,8
29,28,6
18,11,25
27,26,10
24,23,19
24,19,18
20,19,21
22,21,19
19,23,22
24,18,25
5,31,30
30,29,6
35,34,43
4,33,32
34,33,44
32,31,5
25,11,26
6,28,7
5,4,32
3,44,33
45,2,1
44,3,2
1,58,45
3,33,4
54,57,56
54,56,55
50,54,53
53,52,50
57,54,49
58,57,46
50,52,51
43,42,40
40,42,41
43,40,36
36,40,37
39,38,37
40,39,37
35,43,36
47,57,48
49,48,57
46,57,47
45,58,46
44,43,34
54,50,49
2,45,44
5,30,6
