# Australia region 85
18 15
# Outer Vertices
147.356964,-39.493065
147.356628,-39.495003
147.353577,-39.499443
147.345795,-39.500000
147.341339,-39.499168
147.307465,-39.487503
147.308594,-39.481384
147.315247,-39.473610
147.326630,-39.461945
147.344421,-39.448051
147.352173,-39.448883
147.363861,-39.453888
147.373291,-39.460831
147.375793,-39.464165
147.376617,-39.470551
147.374664,-39.475830
147.361084,-39.492775
147.356964,-39.493065
# Triangles
7,6,5
7,5,4
0,8,4
7,4,8
10,9,8
8,0,10
0,4,3
1,0,3
0,16,15
0,11,10
12,11,15
14,13,12
14,12,15
11,0,15
3,2,1
