# Australia region 6
16 13
# Outer Vertices
133.383881,-11.667500
133.371063,-11.667500
133.364960,-11.666389
133.361084,-11.663055
133.354950,-11.629166
133.356903,-11.624443
133.366913,-11.614721
133.414429,-11.586666
133.426361,-11.585556
133.438873,-11.585556
133.476349,-11.585833
133.482452,-11.586945
133.483307,-11.592499
133.483307,-11.604721
133.481628,-11.609999
133.383881,-11.667500
# Triangles
3,2,1
4,1,15
5,4,6
1,4,3
4,15,6
15,7,6
10,12,11
13,12,10
14,13,10
15,8,7
15,9,8
14,10,9
15,14,9
