# Australia region 26
18 15
# Outer Vertices
136.731079,-15.754723
136.728577,-15.750557
136.727448,-15.738054
136.733032,-15.654167
136.734131,-15.648056
136.738556,-15.645000
136.764435,-15.644167
136.798309,-15.647223
136.809418,-15.650278
136.827454,-15.667500
136.829956,-15.671112
136.830811,-15.676666
136.830261,-15.683332
136.825806,-15.693333
136.800262,-15.720833
136.765533,-15.742222
136.741913,-15.752224
136.731079,-15.754723
# Triangles
2,1,16
0,16,1
15,3,2
4,3,5
6,5,3
6,3,14
2,16,15
6,14,7
14,13,7
12,9,13
7,13,8
9,11,10
8,13,9
12,11,9
14,3,15
