# Australia region 32
26 23
# Outer Vertices
142.324219,-10.599186
142.326080,-10.606388
142.325806,-10.613333
142.321075,-10.622499
142.310516,-10.631388
142.299713,-10.637779
142.278046,-10.643612
142.271912,-10.643890
142.264984,-10.643057
142.261108,-10.640835
142.257751,-10.637222
142.250000,-10.624722
142.245239,-10.609722
142.244965,-10.603611
142.245789,-10.597500
142.249695,-10.587500
142.252777,-10.583611
142.257751,-10.581112
142.262482,-10.580000
142.268860,-10.579445
142.286652,-10.578333
142.299988,-10.578056
142.305237,-10.579721
142.314148,-10.584166
142.320526,-10.591944
142.324219,-10.599186
# Triangles
19,13,12
11,19,12
7,10,9
11,10,6
20,19,11
15,17,16
18,15,14
15,18,17
18,14,19
14,13,19
8,7,9
20,11,6
5,20,6
25,4,3
5,4,20
1,3,2
20,22,21
20,4,22
22,4,24
23,22,24
25,24,4
3,1,25
6,10,7
