# Australia region 72
33 30
# Outer Vertices
115.368874,-20.880833
115.358871,-20.862778
115.355820,-20.859165
115.341927,-20.851665
115.335823,-20.852501
115.331100,-20.855000
115.316673,-20.875557
115.312759,-20.879166
115.306931,-20.876667
115.303864,-20.872776
115.301933,-20.868610
115.298027,-20.856667
115.299988,-20.831669
115.301376,-20.818611
115.304153,-20.813335
115.312759,-20.801113
115.341087,-20.764725
115.401657,-20.689442
115.408867,-20.682777
115.425262,-20.671112
115.429977,-20.668888
115.435257,-20.667221
115.441093,-20.667221
115.446640,-20.668888
115.449997,-20.671944
115.451660,-20.676945
115.464157,-20.742222
115.463043,-20.760559
115.459717,-20.772778
115.454987,-20.782501
115.401932,-20.857777
115.378036,-20.876110
115.368874,-20.880833
# Triangles
10,9,6
10,5,11
6,9,8
7,6,8
16,2,30
5,10,6
13,12,14
4,15,14
14,12,4
3,15,4
16,3,2
16,15,3
4,12,5
12,11,5
2,1,30
31,30,1
16,29,17
16,30,29
1,32,31
28,27,17
26,17,27
17,29,28
17,26,18
25,20,19
25,21,20
19,18,25
25,24,23
23,22,25
25,22,21
18,26,25
