# Australia region 80
16 13
# Outer Vertices
148.325806,-42.360283
148.248291,-42.330284
148.242737,-42.327499
148.232727,-42.307503
148.231079,-42.301941
148.235779,-42.298615
148.242188,-42.296669
148.250549,-42.296112
148.294983,-42.301666
148.319122,-42.312775
148.322754,-42.316391
148.338287,-42.345833
148.340790,-42.350838
148.338013,-42.355560
148.333313,-42.358894
148.325806,-42.360283
# Triangles
7,3,2
7,2,1
4,3,5
5,3,6
3,7,6
1,8,7
11,15,14
14,13,11
12,11,13
8,15,9
9,15,10
15,11,10
15,8,1
