# Australia region 97
17 14
# Outer Vertices
144.749115,-40.597778
144.743011,-40.595551
144.738556,-40.591942
144.723022,-40.571388
144.720520,-40.565002
144.717468,-40.503891
144.774994,-40.412773
144.779694,-40.409439
144.785797,-40.411942
144.787476,-40.417221
144.790253,-40.466942
144.790527,-40.493057
144.788574,-40.505836
144.769989,-40.571671
144.759430,-40.591942
144.755554,-40.596664
144.749115,-40.597778
# Triangles
14,2,1
1,0,14
15,14,0
13,5,4
4,3,13
2,13,3
2,14,13
11,5,12
10,5,11
5,10,6
7,6,8
9,8,6
6,10,9
12,5,13
