# Australia region 54
25 22
# Outer Vertices
153.406921,-27.731110
153.399414,-27.730278
153.396362,-27.726665
153.391663,-27.711666
153.389435,-27.699997
153.389435,-27.693054
153.395264,-27.611389
153.396942,-27.599167
153.408325,-27.521114
153.433594,-27.416111
153.472198,-27.407501
153.538574,-27.416664
153.543304,-27.419445
153.540802,-27.431110
153.525269,-27.465275
153.511932,-27.494720
153.489960,-27.565277
153.474976,-27.613888
153.465515,-27.653053
153.460785,-27.683056
153.460785,-27.689999
153.457458,-27.720833
153.455811,-27.726387
153.451355,-27.729164
153.406921,-27.731110
# Triangles
24,3,2
24,2,1
4,3,20
24,20,3
21,24,23
4,20,5
5,18,6
7,16,8
7,6,17
15,9,8
21,23,22
20,19,5
18,5,19
15,8,16
16,7,17
17,6,18
10,15,14
10,9,15
10,14,13
11,13,12
13,11,10
24,21,20
