# Australia region 66
17 14
# Outer Vertices
128.436371,-15.039444
128.413879,-15.021667
128.357178,-14.959999
128.347198,-14.896667
128.344971,-14.879999
128.347198,-14.874166
128.350525,-14.871111
128.356354,-14.870277
128.361084,-14.873055
128.368011,-14.879999
128.381622,-14.894167
128.393860,-14.909445
128.400818,-14.922777
128.436920,-14.992777
128.443024,-15.006668
128.441071,-15.037500
128.436371,-15.039444
# Triangles
4,3,9
3,10,9
11,3,2
4,9,8
6,5,8
8,7,6
5,4,8
1,16,15
15,14,1
1,14,13
10,3,11
2,12,11
13,12,2
2,1,13
