# Australia region 20
17 14
# Outer Vertices
129.592468,-14.966665
129.564423,-14.925556
129.553040,-14.908335
129.528320,-14.860556
129.513306,-14.828611
129.504700,-14.805000
129.501923,-14.795000
129.501923,-14.788612
129.506378,-14.786388
129.512756,-14.787779
129.521912,-14.793056
129.532745,-14.804167
129.563599,-14.847500
129.575806,-14.868889
129.588013,-14.896667
129.589417,-14.907778
129.592468,-14.966665
# Triangles
9,6,5
11,10,5
4,11,5
7,6,8
8,6,9
5,10,9
4,3,12
2,1,15
16,15,1
2,15,14
4,12,11
12,3,13
14,13,2
3,2,13
