# Australia region 0
23 20
# Outer Vertices
136.503326,-11.456388
136.499390,-11.453333
136.498566,-11.447779
136.506378,-11.412500
136.508026,-11.407223
136.643036,-11.216389
136.727448,-11.047501
136.729950,-11.042778
136.736633,-11.035833
136.761658,-11.019445
136.766663,-11.017778
136.771912,-11.019722
136.775818,-11.022778
136.778320,-11.026945
136.778595,-11.033611
136.777466,-11.039167
136.728577,-11.196388
136.724976,-11.206944
136.562195,-11.432501
136.548035,-11.446388
136.540527,-11.452499
136.536102,-11.455000
136.503326,-11.456388
# Triangles
2,1,22
2,21,3
21,2,22
3,21,20
4,3,18
19,3,20
18,3,19
18,17,5
5,17,16
18,5,4
6,16,15
16,6,5
6,8,7
8,6,15
8,15,9
9,11,10
11,9,12
12,14,13
14,12,9
9,15,14
