# Australia region 11
16 13
# Outer Vertices
135.056091,-11.951666
135.050537,-11.949999
135.047485,-11.945555
135.050537,-11.934166
135.054962,-11.924444
135.057465,-11.919722
135.060791,-11.916111
135.064972,-11.913612
135.112183,-11.909445
135.118561,-11.908890
135.123840,-11.910000
135.127747,-11.913055
135.128021,-11.919722
135.123016,-11.928888
135.115509,-11.934444
135.056091,-11.951666
# Triangles
2,1,15
2,15,3
3,15,4
7,6,5
5,4,7
4,15,7
8,7,14
14,7,15
14,13,8
12,9,13
8,13,9
10,9,12
11,10,12
