# Australia region 46
22 19
# Outer Vertices
150.484955,-22.355000
150.480530,-22.352222
150.476898,-22.348610
150.458313,-22.310558
150.458313,-22.303890
150.459412,-22.297779
150.472473,-22.231941
150.476624,-22.220276
150.479675,-22.216942
150.484131,-22.214443
150.489960,-22.213055
150.496613,-22.214722
150.507477,-22.224442
150.557739,-22.293613
150.559692,-22.298336
150.560242,-22.304447
150.558014,-22.309166
150.554138,-22.312500
150.519135,-22.341667
150.508606,-22.349445
150.491638,-22.354721
150.484955,-22.355000
# Triangles
5,4,3
20,2,1
18,5,3
2,18,3
6,5,12
7,9,8
11,9,7
7,6,11
1,0,20
19,18,2
13,18,17
5,18,13
14,17,16
9,11,10
12,11,6
17,14,13
12,5,13
14,16,15
20,19,2
