# Australia region 50
20 17
# Outer Vertices
151.376068,-23.884724
151.370239,-23.883888
151.364960,-23.881668
151.361908,-23.877499
151.330536,-23.813335
151.328583,-23.808613
151.318024,-23.771389
151.317474,-23.765278
151.322205,-23.755558
151.326904,-23.753056
151.332733,-23.751945
151.337189,-23.754723
151.375793,-23.828056
151.385254,-23.846668
151.389984,-23.863056
151.389984,-23.869999
151.388306,-23.875278
151.385803,-23.879444
151.382172,-23.882778
151.376068,-23.884724
# Triangles
11,6,5
12,11,5
4,12,5
8,7,11
9,11,10
11,9,8
7,6,11
4,3,12
3,1,16
19,18,17
19,17,1
16,1,17
3,13,12
14,3,15
13,3,14
3,16,15
3,2,1
