# Australia region 28
25 22
# Outer Vertices
142.145264,-10.190556
142.139160,-10.189444
142.135803,-10.186111
142.092743,-10.138056
142.089691,-10.133890
142.089142,-10.128332
142.101349,-10.105833
142.136383,-10.058889
142.139435,-10.055000
142.143585,-10.051666
142.149139,-10.051390
142.154694,-10.052778
142.158600,-10.055834
142.183044,-10.079166
142.190247,-10.086388
142.196075,-10.093889
142.196350,-10.099998
142.196075,-10.106943
142.192749,-10.149445
142.190521,-10.153889
142.187469,-10.158056
142.166382,-10.183889
142.162750,-10.188055
142.157745,-10.189722
142.145264,-10.190556
# Triangles
5,4,3
6,5,3
2,1,0
6,3,20
3,2,20
10,8,12
7,12,8
8,10,9
11,10,12
13,7,6
21,2,0
23,22,21
21,20,2
20,19,18
20,18,6
6,18,17
13,17,14
12,7,13
16,15,14
16,14,17
17,13,6
0,23,21
