# Australia region 23
16 13
# Outer Vertices
136.845520,-15.635279
136.841339,-15.625832
136.835510,-15.600832
136.834686,-15.595278
136.841919,-15.549723
136.843292,-15.543612
136.860229,-15.517500
136.869690,-15.507223
136.873566,-15.504168
136.878571,-15.501945
136.882172,-15.570833
136.883026,-15.589167
136.870514,-15.619165
136.868011,-15.623888
136.851349,-15.634167
136.845520,-15.635279
# Triangles
1,15,14
2,1,12
3,2,11
4,3,10
4,10,5
1,14,13
11,2,12
10,3,11
5,10,6
6,10,7
9,8,7
10,9,7
12,1,13
