# Australia region 63
25 22
# Outer Vertices
146.544708,-38.800278
146.532196,-38.796394
146.487732,-38.776665
146.482178,-38.773613
146.473846,-38.766663
146.467743,-38.758057
146.469696,-38.752785
146.473572,-38.748886
146.484406,-38.744164
146.491333,-38.743057
146.574127,-38.746391
146.582733,-38.746948
146.651367,-38.756111
146.658020,-38.758339
146.662201,-38.761391
146.660797,-38.767220
146.655548,-38.769722
146.648315,-38.770836
146.631897,-38.772774
146.616364,-38.769997
146.599976,-38.769997
146.593018,-38.770279
146.579681,-38.773613
146.570801,-38.779999
146.544708,-38.800278
# Triangles
8,4,3
2,9,3
1,24,23
2,1,9
23,10,1
4,6,5
4,7,6
8,7,4
3,9,8
1,10,9
23,22,10
21,20,11
22,21,11
12,19,18
12,18,17
20,19,11
19,12,11
12,17,16
12,16,13
13,15,14
15,13,16
22,11,10
