# Australia region 15
21 18
# Outer Vertices
132.404694,-12.140835
132.398315,-12.140835
132.392212,-12.139444
132.387482,-12.136946
132.373840,-12.127222
132.341644,-12.102777
132.338562,-12.099167
132.337738,-12.094166
132.340240,-12.089722
132.343567,-12.085833
132.392212,-12.068333
132.398315,-12.069166
132.402191,-12.072222
132.405548,-12.075832
132.414703,-12.099998
132.416382,-12.105000
132.419434,-12.120554
132.418854,-12.127222
132.416077,-12.131666
132.409698,-12.139168
132.404694,-12.140835
# Triangles
9,5,4
16,3,2
10,4,14
4,3,15
7,6,8
5,8,6
5,9,8
4,10,9
18,2,1
20,19,18
18,17,16
16,2,18
16,15,3
11,10,12
13,12,10
14,13,10
15,14,4
18,1,20
