# Australia region 29
18 15
# Outer Vertices
142.279968,-10.265556
142.213867,-10.240276
142.207184,-10.233332
142.201355,-10.225555
142.189423,-10.204166
142.211365,-10.158890
142.214417,-10.155001
142.225800,-10.146112
142.231354,-10.145000
142.281372,-10.135279
142.286926,-10.136112
142.316925,-10.151667
142.330536,-10.171946
142.339966,-10.191389
142.338562,-10.202778
142.292206,-10.257502
142.285522,-10.264723
142.279968,-10.265556
# Triangles
5,4,3
3,2,5
1,5,2
6,5,8
8,7,6
5,1,8
1,15,8
17,16,15
15,9,8
12,15,14
10,9,12
10,12,11
9,15,12
14,13,12
15,1,17
