# Australia region 55
16 13
# Outer Vertices
133.564972,-32.324173
133.547760,-32.319450
133.537201,-32.313889
133.533600,-32.304443
133.535797,-32.297783
133.538300,-32.293335
133.562469,-32.270836
133.566925,-32.268059
133.632172,-32.245552
133.661377,-32.239441
133.669708,-32.239166
133.674988,-32.240555
133.676361,-32.245552
133.629944,-32.281944
133.589417,-32.311668
133.564972,-32.324173
# Triangles
4,2,1
5,1,0
3,2,4
4,1,5
0,6,5
0,14,6
7,14,13
14,7,6
13,8,7
8,13,9
10,9,12
12,11,10
9,13,12
