# Australia region 65
22 19
# Outer Vertices
125.138321,-14.648611
125.132751,-14.648611
125.089157,-14.626389
125.085274,-14.623055
125.084717,-14.617222
125.086113,-14.603611
125.092484,-14.544445
125.113876,-14.488888
125.116653,-14.484444
125.150269,-14.443056
125.154160,-14.440277
125.159416,-14.438334
125.164993,-14.439722
125.173309,-14.445833
125.206940,-14.482500
125.209152,-14.486944
125.208038,-14.493610
125.185257,-14.598888
125.153587,-14.611389
125.149429,-14.614166
125.146652,-14.618610
125.138321,-14.648611
# Triangles
4,3,2
1,21,20
1,20,2
5,2,20
4,2,5
6,16,7
19,6,5
8,7,16
20,19,5
17,6,18
14,8,16
6,17,16
14,16,15
10,12,11
12,10,9
9,13,12
8,13,9
14,13,8
18,6,19
