# Australia region 70
19 16
# Outer Vertices
124.381088,-15.324167
124.374687,-15.322500
124.354980,-15.316666
124.338593,-15.306667
124.336380,-15.302223
124.336647,-15.296112
124.339432,-15.292223
124.344147,-15.289722
124.425812,-15.250557
124.431091,-15.249166
124.437477,-15.249443
124.442749,-15.251667
124.445824,-15.255556
124.449417,-15.265001
124.449707,-15.270555
124.440536,-15.301111
124.430267,-15.311945
124.426376,-15.315001
124.381088,-15.324167
# Triangles
7,3,2
7,2,1
8,1,18
5,4,6
4,7,6
4,3,7
1,8,7
18,17,8
16,15,8
14,8,15
8,14,13
10,9,12
10,12,11
9,8,12
13,12,8
16,8,17
