# Australia region 8
20 17
# Outer Vertices
136.006927,-11.719999
135.975250,-11.717499
135.964691,-11.712500
135.957458,-11.705278
135.955231,-11.700832
135.955811,-11.694166
135.957458,-11.688889
135.959961,-11.684166
135.966919,-11.677223
135.971344,-11.675001
135.976349,-11.672777
136.018860,-11.655001
136.023865,-11.653334
136.049408,-11.657501
136.053864,-11.660000
136.055542,-11.664722
136.053314,-11.669445
136.022217,-11.707777
136.012756,-11.719166
136.006927,-11.719999
# Triangles
5,4,3
5,3,2
9,2,1
5,2,6
2,8,7
7,6,2
8,2,9
1,10,9
10,19,17
19,10,1
10,17,11
17,19,18
11,17,16
11,16,12
16,14,13
13,12,16
14,16,15
