# Australia region 27
18 15
# Outer Vertices
136.662201,-15.778334
136.642212,-15.767778
136.635803,-15.760557
136.617737,-15.737221
136.612732,-15.729166
136.611633,-15.723610
136.611633,-15.716665
136.615234,-15.706667
136.631073,-15.679722
136.634979,-15.676111
136.668030,-15.671112
136.708313,-15.694723
136.713013,-15.697779
136.713867,-15.702778
136.712189,-15.708055
136.681915,-15.764168
136.667206,-15.776667
136.662201,-15.778334
# Triangles
5,4,3
5,3,7
3,10,7
6,5,7
10,8,7
10,9,8
15,3,2
1,17,16
16,15,1
15,10,3
11,10,14
13,12,11
13,11,14
10,15,14
15,2,1
