# Australia region 12
16 13
# Outer Vertices
136.189423,-12.083889
136.158325,-12.071388
136.160248,-12.040834
136.279419,-11.981388
136.294434,-11.976665
136.300262,-11.975555
136.306366,-11.976944
136.310242,-11.979721
136.313599,-11.983610
136.316925,-11.993332
136.313873,-12.004723
136.310791,-12.008612
136.289429,-12.029167
136.285797,-12.032501
136.281921,-12.035557
136.189423,-12.083889
# Triangles
1,15,2
2,15,14
3,14,13
14,3,2
13,12,3
3,12,11
8,4,9
10,4,11
4,10,9
5,4,7
7,6,5
4,8,7
11,4,3
