# Australia region 19
42 39
# Outer Vertices
136.201355,-13.859999
136.206085,-13.830833
136.204956,-13.825277
136.203308,-13.820278
136.188568,-13.786945
136.184418,-13.777779
136.181915,-13.774168
136.172485,-13.769167
136.160248,-13.770279
136.155243,-13.771946
136.148315,-13.778889
136.146637,-13.784445
136.145813,-13.791111
136.150269,-13.806389
136.156921,-13.819445
136.160248,-13.823055
136.164154,-13.832222
136.161102,-13.836111
136.157196,-13.839167
136.150269,-13.838612
136.123016,-13.835833
136.118286,-13.833332
136.105530,-13.818056
136.104675,-13.812500
136.111084,-13.738333
136.113007,-13.732222
136.116058,-13.728611
136.183319,-13.676390
136.198853,-13.664722
136.204681,-13.664446
136.242188,-13.670834
136.246918,-13.673334
136.281921,-13.708334
136.284973,-13.711945
136.289429,-13.727222
136.288300,-13.733332
136.276093,-13.791945
136.273590,-13.796667
136.241913,-13.846666
136.212738,-13.858055
136.207733,-13.859722
136.201355,-13.859999
# Triangles
20,13,21
13,23,22
22,21,13
20,19,14
17,15,19
15,14,19
15,17,16
19,18,17
14,13,20
11,24,23
24,26,25
9,26,24
24,11,10
23,12,11
8,7,26
9,8,26
10,9,24
23,13,12
26,7,27
1,41,40
3,2,38
4,3,37
1,38,2
38,1,39
36,4,37
3,38,37
1,40,39
4,36,5
31,27,6
27,29,28
30,29,27
6,5,35
6,27,7
33,35,34
35,33,32
31,30,27
6,32,31
6,35,32
5,36,35
