# Australia region 14
18 15
# Outer Vertices
134.898865,-12.122221
134.891937,-12.121666
134.878571,-12.113611
134.873016,-12.105555
134.866913,-12.066666
134.883026,-12.058056
134.918579,-12.067223
134.923859,-12.069721
134.927765,-12.072777
134.930267,-12.076389
134.931915,-12.081388
134.931915,-12.086945
134.928864,-12.098888
134.926910,-12.104166
134.924408,-12.108055
134.918304,-12.115555
134.909973,-12.121111
134.898865,-12.122221
# Triangles
2,1,17
16,15,17
14,3,17
4,3,5
17,3,2
5,3,6
14,17,15
14,13,12
14,12,6
6,12,11
6,11,7
7,9,8
9,7,10
11,10,7
14,6,3
