# Australia region 18
101 98
# Outer Vertices
136.908783,-14.179266
136.911377,-14.172777
136.924133,-14.154446
136.963013,-14.151390
136.968842,-14.151112
136.974396,-14.152779
136.941650,-14.277779
136.926086,-14.286112
136.899994,-14.295000
136.889160,-14.297779
136.876617,-14.296667
136.871887,-14.293612
136.869415,-14.288612
136.868286,-14.283890
136.864410,-14.280001
136.860229,-14.277779
136.754150,-14.261946
136.747192,-14.261391
136.734406,-14.261946
136.710785,-14.265001
136.700806,-14.268057
136.632172,-14.278612
136.378021,-14.216389
136.413025,-14.044445
136.405548,-13.973333
136.405243,-13.967777
136.428314,-13.886946
136.454132,-13.838333
136.460236,-13.839443
136.554138,-13.821388
136.592194,-13.813612
136.622742,-13.791945
136.625244,-13.787222
136.625793,-13.781113
136.624115,-13.775557
136.594971,-13.726944
136.678864,-13.658056
136.713287,-13.651945
136.718018,-13.654167
136.721069,-13.658056
136.723572,-13.662222
136.724670,-13.667778
136.724121,-13.680834
136.714417,-13.706667
136.706909,-13.713612
136.687195,-13.720833
136.682739,-13.723333
136.676636,-13.730278
136.674683,-13.735832
136.675812,-13.748055
136.677460,-13.753056
136.711639,-13.835833
136.714142,-13.840000
136.788879,-13.854721
136.796082,-13.855278
136.808014,-13.854166
136.824982,-13.843889
136.831909,-13.837500
136.834961,-13.833611
136.839966,-13.824444
136.841919,-13.819166
136.842468,-13.812222
136.841339,-13.806667
136.838867,-13.803055
136.834961,-13.799999
136.828857,-13.798334
136.830536,-13.786112
136.848572,-13.761391
136.878296,-13.752224
136.884430,-13.753334
136.898041,-13.761667
136.906097,-13.767223
136.909973,-13.770834
136.912476,-13.774445
136.914154,-13.780001
136.919708,-13.807222
136.917206,-13.811945
136.873840,-13.859165
136.819977,-13.908335
136.807739,-13.909445
136.802765,-13.911112
136.789978,-13.919167
136.774994,-13.931667
136.768585,-13.939444
136.766083,-13.943890
136.706085,-14.075556
136.699127,-14.114721
136.699402,-14.120832
136.707184,-14.165277
136.708862,-14.170279
136.716919,-14.182501
136.724121,-14.189167
136.736633,-14.191668
136.777771,-14.198055
136.867188,-14.211666
136.873566,-14.211666
136.883026,-14.208334
136.895813,-14.199722
136.899719,-14.195833
136.905243,-14.188055
136.908783,-14.179266
# Triangles
23,22,21
87,21,88
23,21,87
89,88,21
90,21,20
90,89,21
26,25,24
85,24,23
26,24,29
85,23,86
85,29,24
23,87,86
91,19,18
92,18,17
91,18,92
17,16,93
93,16,15
17,93,92
84,30,85
90,20,91
82,52,83
53,52,82
81,53,82
83,52,84
20,19,91
52,30,84
28,27,26
28,26,29
31,30,51
50,33,32
85,30,29
49,34,50
35,34,48
49,48,34
48,47,35
50,34,33
35,47,36
32,31,51
46,45,36
46,36,47
45,44,36
50,32,51
36,44,43
37,39,38
42,37,36
41,39,37
40,39,41
41,37,42
36,43,42
51,30,52
96,14,8
15,14,95
12,11,10
13,12,9
8,14,13
80,79,54
80,54,53
95,94,15
96,95,14
9,12,10
94,93,15
97,6,98
96,8,7
8,13,9
6,97,96
96,7,6
98,6,99
100,99,3
1,100,3
1,3,2
3,99,5
4,3,5
99,6,5
79,55,54
55,79,78
55,78,56
77,57,56
77,58,57
58,77,59
65,64,66
66,64,63
66,63,67
67,63,62
78,77,56
61,60,76
77,60,59
76,60,77
74,76,75
74,62,76
74,70,62
68,70,69
70,68,67
72,71,74
70,74,71
67,62,70
72,74,73
61,76,62
80,53,81
