# Australia region 10
18 15
# Outer Vertices
136.467743,-11.911945
136.463593,-11.902779
136.464142,-11.896112
136.469421,-11.840555
136.470795,-11.834444
136.475525,-11.817778
136.480530,-11.808889
136.484406,-11.805000
136.488556,-11.803333
136.494965,-11.803055
136.498840,-11.806110
136.499695,-11.811666
136.498566,-11.817778
136.482178,-11.891390
136.480804,-11.897223
136.479126,-11.902500
136.473572,-11.911112
136.467743,-11.911945
# Triangles
1,17,16
16,15,1
1,15,2
3,2,13
12,4,3
12,5,4
15,14,2
13,12,3
12,6,5
11,7,12
6,12,7
11,9,8
8,7,11
9,11,10
13,2,14
