# Australia region 61
24 21
# Outer Vertices
145.355804,-38.431114
145.331909,-38.427498
145.285797,-38.410828
145.281921,-38.407219
145.273590,-38.374443
145.271088,-38.363335
145.293304,-38.300278
145.298035,-38.297226
145.305817,-38.296951
145.449127,-38.321114
145.454956,-38.323616
145.459137,-38.327225
145.486908,-38.352226
145.494965,-38.360283
145.498016,-38.364449
145.496613,-38.370552
145.492737,-38.374443
145.485504,-38.376663
145.462463,-38.374718
145.424408,-38.376663
145.418304,-38.378334
145.408325,-38.384445
145.363281,-38.423332
145.355804,-38.431114
# Triangles
4,3,2
1,0,22
4,2,1
4,1,22
6,5,8
8,5,4
6,8,7
4,22,8
8,21,20
22,21,8
11,19,18
20,19,9
13,17,16
18,17,12
16,15,13
9,11,10
9,19,11
17,13,12
11,18,12
14,13,15
20,9,8
