# Australia region 33
21 18
# Outer Vertices
142.183319,-10.770279
142.150818,-10.755001
142.123291,-10.724722
142.118011,-10.716389
142.115784,-10.705278
142.115234,-10.660557
142.116364,-10.654446
142.118561,-10.650000
142.122192,-10.645834
142.126343,-10.642778
142.175812,-10.618610
142.216919,-10.610277
142.265808,-10.683611
142.263611,-10.722221
142.254425,-10.719721
142.216919,-10.729721
142.211914,-10.732222
142.208313,-10.735277
142.198853,-10.746387
142.190796,-10.757502
142.183319,-10.770279
# Triangles
9,5,4
16,9,4
2,4,3
4,2,17
6,5,7
8,7,5
5,9,8
9,16,10
2,1,18
18,1,19
15,10,16
16,4,17
17,2,18
10,15,12
10,12,11
14,13,12
14,12,15
19,1,0
