# Australia region 62
27 24
# Outer Vertices
145.354126,-38.570000
145.336090,-38.552223
145.319977,-38.537781
145.310242,-38.532501
145.298584,-38.527779
145.271362,-38.520836
145.254974,-38.520554
145.241058,-38.522499
145.228577,-38.525833
145.182465,-38.529442
145.124390,-38.533615
145.116638,-38.533058
145.113586,-38.528885
145.120239,-38.520554
145.161652,-38.484169
145.179413,-38.471664
145.190247,-38.466942
145.202454,-38.463615
145.264709,-38.454170
145.278595,-38.452225
145.287201,-38.452782
145.293030,-38.455276
145.307739,-38.464165
145.311646,-38.467773
145.364136,-38.564445
145.361359,-38.569168
145.354126,-38.570000
# Triangles
13,12,11
10,13,11
16,9,8
13,10,9
7,17,8
9,15,14
14,13,9
8,17,16
16,15,9
17,7,18
6,5,18
6,18,7
23,2,1
3,2,23
0,25,24
0,24,1
23,1,24
19,21,20
21,19,5
5,19,18
23,22,5
23,4,3
21,5,22
5,4,23
