# Australia region 37
35 32
# Outer Vertices
146.289978,-18.493889
146.235504,-18.477776
146.230530,-18.475555
146.220520,-18.468330
146.214966,-18.458611
146.208862,-18.445000
146.206085,-18.434444
146.204132,-18.422775
146.207458,-18.404999
146.207733,-18.398335
146.205811,-18.386387
146.201630,-18.376667
146.193298,-18.364166
146.163300,-18.324444
146.159698,-18.320278
146.156097,-18.317501
146.151093,-18.315277
146.127441,-18.309444
146.118286,-18.305000
146.111084,-18.298058
146.096344,-18.278614
146.085236,-18.261112
146.083313,-18.256111
146.084961,-18.250835
146.090515,-18.249443
146.114685,-18.245831
146.127441,-18.244999
146.224976,-18.280556
146.269714,-18.308334
146.354126,-18.415833
146.353027,-18.422501
146.350800,-18.426666
146.323029,-18.477497
146.299408,-18.489441
146.289978,-18.493889
# Triangles
27,16,15
17,16,26
16,27,26
27,14,13
13,12,27
27,15,14
22,21,24
24,23,22
21,20,24
18,17,19
20,26,25
26,20,19
20,25,24
17,26,19
12,11,28
3,2,4
1,5,4
4,2,1
0,33,1
5,1,6
33,31,1
32,31,33
6,1,8
10,9,28
8,31,9
8,7,6
31,30,29
27,12,28
9,29,28
9,31,29
1,31,8
28,11,10
