# Australia region 52
17 14
# Outer Vertices
152.998291,-25.342224
152.990784,-25.338612
152.982452,-25.331669
152.959961,-25.303612
152.956909,-25.299446
152.951630,-25.290279
152.948853,-25.279446
152.948853,-25.272503
152.955811,-25.271946
152.961090,-25.274723
152.967743,-25.281670
152.992462,-25.307777
153.002197,-25.320278
153.006653,-25.329166
153.005829,-25.335278
153.003601,-25.340000
152.998291,-25.342224
# Triangles
5,4,10
3,10,4
10,3,11
5,10,9
7,6,8
9,8,6
6,5,9
1,0,14
15,14,0
1,14,13
2,11,3
11,2,12
12,2,1
1,13,12
