# Vanuatu region 9
22 19
# Outer Vertices
166.814697,-15.663060
166.765198,-15.646390
166.634705,-15.428610
166.639694,-15.319730
166.521606,-14.821390
166.551895,-14.653890
166.602402,-14.627780
166.675507,-14.768610
166.740799,-14.814170
166.771606,-14.998890
166.807693,-15.158340
166.933304,-15.146950
166.965805,-14.948610
167.004700,-14.924450
167.081100,-14.933610
167.045197,-14.966950
167.092499,-15.143890
167.121902,-15.123340
167.238602,-15.523060
167.071594,-15.598060
166.902695,-15.582780
166.814697,-15.663060
# Triangles
10,3,20
10,9,3
20,2,1
2,20,3
3,9,4
5,4,7
7,6,5
8,7,4
4,9,8
20,11,10
16,11,19
19,11,20
16,19,18
12,15,13
12,11,15
13,15,14
17,16,18
11,16,15
1,21,20
