# Vanuatu region 6
19 16
# Outer Vertices
167.494995,-16.593340
167.417404,-16.532230
167.451904,-16.517229
167.421906,-16.449730
167.376099,-16.226120
167.326599,-16.125280
167.181107,-16.148340
167.144394,-16.074450
167.175201,-15.903890
167.222198,-15.873060
167.327499,-15.911670
167.412994,-16.106400
167.471893,-16.140280
167.763596,-16.335291
167.789902,-16.413891
167.837204,-16.457500
167.771103,-16.548340
167.600204,-16.497780
167.494995,-16.593340
# Triangles
6,5,7
11,4,12
5,4,11
8,7,10
8,10,9
7,5,10
5,11,10
2,18,17
18,2,1
17,16,14
2,17,3
3,12,4
3,17,12
12,17,13
13,17,14
16,15,14
