# Slovenia region 0
120 117
# Outer Vertices
16.026939,46.661369
15.993330,46.737209
15.993610,46.834709
16.106701,46.851391
16.281670,46.872478
16.350550,46.841091
16.318331,46.779709
16.426661,46.687759
16.391661,46.636379
16.609236,46.475174
16.577200,46.469398
16.397800,46.540798
16.300703,46.531738
16.251400,46.498299
16.268900,46.411900
16.303900,46.385799
16.293900,46.374401
16.263100,46.388901
16.192499,46.384701
16.144699,46.406101
16.078300,46.379700
16.081100,46.331100
16.017200,46.298100
15.821700,46.258301
15.781100,46.212502
15.676700,46.226700
15.651900,46.216702
15.599700,46.142502
15.629400,46.086899
15.718300,46.047199
15.700000,46.020000
15.723600,45.934700
15.690600,45.902802
15.679400,45.861900
15.697800,45.844200
15.656700,45.823299
15.609400,45.848598
15.538300,45.826401
15.499400,45.835800
15.482200,45.802200
15.444700,45.815800
15.322500,45.761398
15.291900,45.731098
15.283300,45.694698
15.302800,45.690800
15.308600,45.719398
15.335800,45.697498
15.358600,45.714401
15.368100,45.702801
15.347200,45.674999
15.391900,45.646702
15.348100,45.649200
15.283100,45.608101
15.303900,45.537800
15.336100,45.510300
15.323300,45.482201
15.335300,45.456402
15.272200,45.461700
15.224200,45.431099
15.188100,45.439400
15.168600,45.425598
15.084700,45.486099
15.021100,45.489399
14.929200,45.524399
14.907200,45.476398
14.817800,45.465801
14.797200,45.501400
14.703100,45.532799
14.686900,45.536701
14.685300,45.574200
14.613600,45.619999
14.601400,45.675301
14.565000,45.665001
14.554400,45.631100
14.509700,45.598099
14.485800,45.529701
14.392800,45.486099
14.320600,45.484200
14.238300,45.505600
14.131400,45.474400
13.989400,45.522202
13.978300,45.507801
13.997200,45.480000
13.986700,45.459999
13.906900,45.453300
13.858600,45.478100
13.691400,45.444401
13.615300,45.464401
13.569667,45.507072
13.749440,45.546940
13.717510,45.597660
13.859440,45.587490
13.919160,45.637489
13.821940,45.726929
13.598050,45.810810
13.577780,45.854160
13.623610,45.922211
13.635000,45.988590
13.590000,45.993320
13.542500,45.967480
13.479440,46.013321
13.645830,46.142490
13.664440,46.183041
13.550550,46.218040
13.443330,46.230259
13.383050,46.297211
13.481110,46.369431
13.692220,46.450260
13.718960,46.525539
14.084720,46.488590
14.159440,46.440819
14.428330,46.446369
14.574440,46.387489
14.594160,46.437481
14.814720,46.512760
14.870550,46.615822
15.105270,46.657200
15.500830,46.618038
15.649440,46.709709
16.026939,46.661369
# Triangles
89,87,86
89,86,85
81,84,83
85,84,81
82,81,83
89,88,87
90,89,91
85,81,91
92,91,80
80,91,81
78,92,79
91,89,85
79,92,80
74,77,76
61,60,59
59,52,61
66,65,64
69,68,67
67,66,69
76,75,74
63,62,43
66,63,69
66,64,63
71,63,42
69,63,71
61,43,62
78,77,74
100,99,98
96,94,93
100,98,101
96,93,97
96,95,94
101,98,97
104,103,106
106,105,104
103,107,106
102,107,103
102,101,97
109,108,107
109,107,102
102,97,93
92,110,93
72,78,74
92,78,72
110,92,72
69,71,70
73,72,74
112,72,71
72,111,110
111,72,112
109,102,110
114,113,112
116,115,114
112,71,114
71,42,114
27,116,114
110,102,93
57,59,58
53,52,59
53,57,55
52,43,61
56,55,57
49,51,50
54,53,55
52,51,44
43,52,44
44,46,45
41,114,42
47,46,48
49,46,44
48,46,49
51,49,44
41,27,114
59,57,53
36,38,37
39,38,40
27,40,38
36,33,32
36,35,33
30,36,32
36,30,28
36,28,38
31,30,32
30,29,28
35,34,33
41,40,27
38,28,27
26,25,117
27,26,117
24,23,25
23,22,20
25,23,118
21,20,22
2,1,3
117,25,118
20,19,119
119,3,1
6,3,119
119,19,13
119,118,23
20,119,23
117,116,27
18,17,14
14,17,15
18,14,13
16,15,17
12,6,119
4,6,5
4,3,6
12,8,6
13,12,119
11,10,8
7,6,8
9,8,10
8,12,11
13,19,18
42,63,43
