# Malaysia region 2
124 121
# Outer Vertices
100.128601,6.417791
100.171402,6.476665
100.190002,6.687498
100.208603,6.710555
100.298897,6.701666
100.371101,6.547498
100.654999,6.448331
100.748596,6.503610
100.854103,6.325555
100.852203,6.242777
100.945801,6.238609
100.989700,6.277498
101.115501,6.248888
101.121597,6.187220
101.079102,6.160832
101.120201,5.990554
100.993599,5.806108
101.024399,5.732776
101.084099,5.714166
101.139702,5.631942
101.248901,5.699164
101.281898,5.804442
101.570000,5.916665
101.658897,5.860555
101.684998,5.770832
101.824097,5.739442
101.943802,5.861943
101.946098,5.964721
102.091599,6.110554
102.094398,6.236175
102.313004,6.189444
102.373299,6.131943
102.657997,5.740832
103.057999,5.455554
103.184402,5.278609
103.420502,4.841109
103.492798,4.299165
103.394096,4.084998
103.439102,3.950555
103.402199,3.957222
103.379204,3.902777
103.381599,3.804999
103.348000,3.792222
103.352798,3.692222
103.464401,3.529722
103.450203,3.504011
103.426399,3.392499
103.437202,2.928333
103.482498,2.836666
103.641098,2.661388
103.767197,2.646388
103.841599,2.446666
103.953300,2.324444
103.971397,2.199999
104.019699,2.136666
104.139099,1.836111
104.167503,1.838611
104.281898,1.512222
104.275803,1.365555
104.187202,1.338333
104.102997,1.369166
104.047798,1.468889
104.124702,1.514722
104.125000,1.545555
104.044701,1.500555
103.973602,1.640277
103.951103,1.641666
104.010803,1.538055
104.003601,1.440833
103.965302,1.418055
103.800301,1.471944
103.586098,1.344722
103.542801,1.379722
103.512497,1.268889
103.370796,1.536666
103.235497,1.596389
102.811699,1.853055
102.726097,1.845833
102.686897,1.868889
102.559196,2.038987
102.331398,2.152222
101.931396,2.415277
101.858002,2.396666
101.774696,2.583055
101.504700,2.680832
101.401398,2.810833
101.285004,2.841110
101.281898,2.912221
101.371597,2.994444
101.370003,3.045555
101.294403,3.268888
101.256104,3.306388
101.024696,3.631388
100.806900,3.787499
100.840797,3.849444
100.760002,3.841666
100.719101,3.870277
100.696899,3.916944
100.714699,3.997221
100.784103,3.985000
100.864700,4.031387
100.777199,4.018332
100.757797,4.102221
100.620499,4.162498
100.561897,4.322499
100.642799,4.555554
100.596603,4.566943
100.592201,4.611110
100.660797,4.673610
100.598900,4.658609
100.590797,4.750554
100.629204,4.764166
100.573898,4.793610
100.553902,4.856943
100.513298,4.907498
100.435501,4.921110
100.361099,5.086110
100.416397,5.148333
100.341103,5.661110
100.385002,5.673332
100.348000,5.997221
100.250801,6.208333
100.176697,6.277778
100.128601,6.417791
# Triangles
105,104,102
102,104,103
98,97,99
99,97,96
108,105,100
111,113,112
107,106,105
19,111,108
111,110,108
105,108,107
108,110,109
113,111,19
105,102,100
85,87,86
85,84,88
83,89,88
91,90,37
85,88,87
89,43,90
99,95,94
99,96,95
92,91,37
92,94,93
94,100,99
100,94,92
92,37,100
101,100,102
19,108,25
108,100,25
115,114,117
17,119,117
117,119,118
121,120,6
115,117,116
119,16,120
123,122,1
5,2,1
1,122,5
4,2,5
6,5,121
3,2,4
5,122,121
19,117,114
18,17,19
10,15,14
16,15,10
9,120,16
19,114,113
21,20,24
17,117,19
9,8,6
7,6,8
6,120,9
14,11,10
10,9,16
11,14,12
12,14,13
16,119,17
19,24,20
83,88,84
74,73,72
75,53,51
72,71,70
66,74,70
66,70,67
70,74,72
74,53,75
47,81,80
82,81,83
47,80,79
77,76,78
76,79,78
48,79,76
49,76,75
52,51,53
74,66,53
67,69,68
59,58,57
61,60,62
59,62,60
59,57,62
66,55,54
53,66,54
65,55,66
65,64,63
62,57,63
56,55,63
57,56,63
63,55,65
70,69,67
19,25,24
24,22,21
42,37,90
25,100,37
34,32,25
33,32,34
37,34,25
43,42,90
26,25,32
26,28,27
23,22,24
28,31,30
31,28,26
30,29,28
26,32,31
43,89,83
46,43,83
45,44,43
46,45,43
51,50,49
47,79,48
48,76,49
83,81,47
41,40,42
37,42,40
39,37,40
37,35,34
35,37,36
37,39,38
46,83,47
75,51,49
