# Malaysia region 3
281 278
# Outer Vertices
115.029602,4.818320
115.026604,4.656665
115.098602,4.386387
115.336403,4.311387
115.360199,4.329165
115.266403,4.529443
115.244102,4.724998
115.145897,4.903355
115.223297,4.957499
115.323303,4.894443
115.366600,4.903332
115.557701,5.068609
115.602997,5.217499
115.358299,5.311666
115.381599,5.403054
115.447998,5.446665
115.595299,5.628054
115.616600,5.619165
115.583000,5.549721
115.596100,5.521666
115.675003,5.527221
115.817497,5.533888
115.857201,5.576387
115.918900,5.747499
116.051102,5.840832
116.141602,6.069721
116.121101,6.095832
116.092201,6.111388
116.220299,6.236665
116.291603,6.233888
116.275803,6.296111
116.325798,6.359443
116.643898,6.701110
116.715797,6.967777
116.772797,7.021666
116.834999,6.961111
116.850304,6.889721
116.816704,6.902498
116.809700,6.856943
116.846100,6.844165
116.855499,6.766387
116.809700,6.703054
116.779404,6.590277
116.800003,6.576665
116.862503,6.596388
117.054398,6.839998
117.031097,6.936666
117.089401,6.993054
117.178299,6.990276
117.252998,6.928333
117.224098,6.820833
117.297501,6.628887
117.474403,6.541110
117.529099,6.628333
117.562202,6.534443
117.650497,6.513332
117.739700,6.383887
117.717796,6.251665
117.671700,6.255277
117.599701,6.189722
117.636101,6.123610
117.634102,6.034443
117.670502,6.013332
117.667801,5.971666
117.464104,5.866665
117.882797,5.949999
117.920502,5.994165
118.013000,6.058887
118.124702,5.861387
118.080299,5.810276
117.931396,5.813610
117.906898,5.790277
117.960297,5.681388
118.148598,5.696388
118.176697,5.803887
118.373596,5.807499
118.491898,5.748055
118.597504,5.658888
118.574997,5.640276
118.564697,5.521110
118.602997,5.617776
118.639397,5.641665
118.831902,5.504721
118.934700,5.429721
118.927696,5.389998
118.969704,5.390832
118.973602,5.437221
119.023003,5.418055
119.134102,5.436387
119.202499,5.435832
119.275803,5.344998
119.268303,5.214166
119.193604,5.123887
118.971603,5.044721
118.491402,4.930832
118.445297,5.001110
118.391403,5.035831
118.205498,4.959998
118.133003,4.850832
118.187798,4.809999
118.417198,4.593332
118.437798,4.613888
118.490501,4.584443
118.467499,4.535276
118.507202,4.499721
118.592796,4.523610
118.642197,4.430276
118.573601,4.376943
118.468002,4.350832
117.973900,4.229999
117.654701,4.422499
117.601097,4.380277
117.651901,4.266943
117.588097,4.171236
117.443298,4.192776
117.233299,4.359164
116.830498,4.330832
116.742699,4.373054
116.694397,4.331943
116.641899,4.334721
116.570297,4.386109
116.521599,4.366109
116.525803,4.317498
116.451401,4.295276
116.349701,4.370831
116.166901,4.375831
116.054100,4.277221
115.886398,4.368053
115.856598,4.343054
115.851898,4.279444
115.758003,4.236386
115.564400,3.906388
115.616402,3.854166
115.571404,3.612777
115.626602,3.426666
115.570801,3.417777
115.487297,3.027843
115.320801,2.986388
115.270798,3.045000
115.155502,2.925555
115.135002,2.882499
115.129402,2.771944
115.081596,2.616388
115.098297,2.597499
115.147202,2.608610
115.237198,2.522499
115.213600,2.491388
115.148003,2.480832
115.087196,2.418888
114.949699,2.360555
114.947701,2.291111
114.804703,2.248888
114.776398,2.146666
114.810204,2.034166
114.868301,2.043888
114.852997,1.897222
114.693901,1.829247
114.710800,1.770555
114.666100,1.630277
114.587502,1.450000
114.543602,1.432222
114.389397,1.508333
114.194099,1.424166
114.134399,1.467777
113.925499,1.443888
113.782204,1.299444
113.642502,1.229444
113.551399,1.316388
113.433296,1.286388
113.098900,1.438333
112.980499,1.422777
113.044098,1.496666
113.042702,1.554166
112.484398,1.570000
112.309700,1.499444
112.184700,1.425277
112.127197,1.144444
111.941597,1.124722
111.856598,1.016944
111.797699,0.993889
111.650299,1.035000
111.533897,0.960833
111.502502,1.025277
111.394699,1.011666
111.236397,1.086388
110.904099,1.014444
110.844398,0.964444
110.587502,0.853333
110.519699,0.866389
110.430000,0.941111
110.349098,0.990278
110.233299,1.114444
110.068001,1.223333
109.937202,1.405555
109.850304,1.414444
109.667702,1.617777
109.669998,1.784444
109.585503,1.800833
109.554703,1.853611
109.650101,2.064256
109.652199,1.933611
109.700798,1.858889
109.842796,1.788333
109.933899,1.687778
110.175003,1.701389
110.289398,1.670555
110.318901,1.796111
110.345497,1.793889
110.362801,1.713889
110.407204,1.689722
110.500504,1.739166
110.515503,1.720000
110.466400,1.617222
110.722504,1.549444
110.741096,1.520000
110.687500,1.444722
110.750000,1.464444
110.785500,1.568611
110.836899,1.562500
111.131599,1.377500
111.252998,1.389722
111.319397,1.333055
111.379700,1.348055
111.262497,1.415833
111.169403,1.395278
111.054100,1.465000
111.000000,1.575555
111.030800,1.667778
111.082199,1.685000
111.176102,1.650833
111.101402,1.748055
111.242798,2.118610
111.348900,2.119166
111.367996,2.163888
111.178299,2.141110
111.169403,2.158333
111.206902,2.216388
111.237801,2.217222
111.182198,2.256110
111.216599,2.413610
111.247498,2.428610
111.363899,2.339722
111.494698,2.352777
111.407303,2.481544
111.516098,2.486944
111.453003,2.503333
111.414703,2.554166
111.444702,2.691666
111.671700,2.848332
111.953300,2.880555
112.320000,2.971666
112.864700,3.100832
113.035797,3.183055
113.171097,3.377222
113.451103,3.764999
113.727997,3.983888
113.958298,4.307776
113.994698,4.453332
113.962997,4.573054
113.991898,4.598887
114.091003,4.589903
114.235802,4.531942
114.327797,4.344721
114.323601,4.280276
114.375198,4.256943
114.444702,4.265832
114.610001,4.027776
114.669998,4.029720
114.796402,4.130553
114.848000,4.272221
114.803596,4.273054
114.868896,4.358609
114.876602,4.432775
114.840797,4.437499
114.777802,4.720832
114.848900,4.800831
114.979401,4.831665
115.013496,4.890994
115.018898,4.890522
115.028397,4.825289
115.029602,4.818320
# Triangles
215,191,190
188,187,189
189,215,190
203,194,193
205,193,192
192,191,205
186,189,187
216,215,185
186,185,215
215,189,186
218,216,219
214,213,215
216,218,217
219,216,185
213,212,215
215,212,191
195,203,202
195,194,203
204,203,193
204,193,205
201,197,196
202,196,195
201,196,202
208,207,206
206,205,208
205,191,212
228,227,226
228,226,229
208,205,209
211,210,209
211,209,212
209,205,212
229,226,225
221,184,183
222,182,180
222,183,182
220,219,221
222,221,183
219,184,221
182,181,180
184,219,185
180,179,178
178,177,180
180,177,222
167,166,165
167,165,164
176,175,177
177,175,222
172,168,167
224,223,229
229,222,232
222,229,223
174,242,175
222,175,232
172,171,169
242,174,173
172,251,173
170,169,171
229,225,224
172,164,252
172,167,164
156,163,161
163,162,161
161,158,156
158,161,159
160,159,161
164,163,152
172,169,168
232,230,229
157,156,158
199,198,200
201,200,198
197,201,198
235,234,236
234,237,236
241,238,237
232,175,233
237,233,241
240,239,241
242,241,233
242,244,243
238,241,239
242,233,175
233,237,234
232,231,230
247,246,244
245,244,246
247,244,248
249,248,244
249,244,242
252,251,172
249,242,173
173,251,250
255,254,140
262,257,256
254,253,151
259,258,257
257,261,260
262,261,257
257,260,259
256,255,263
151,253,252
173,250,249
152,151,252
152,156,153
140,266,255
156,155,153
140,254,151
265,264,266
264,255,266
267,133,268
139,267,266
264,263,255
155,154,153
149,151,150
142,148,143
148,142,149
141,140,142
143,148,147
140,151,142
142,151,149
2,268,3
270,269,271
1,274,273
274,1,275
269,2,271
263,262,256
275,1,276
1,272,2
272,271,2
276,1,280
277,276,279
279,278,277
276,280,279
1,273,272
269,268,2
266,140,139
252,164,152
152,163,156
144,147,146
147,144,143
146,145,144
138,133,267
137,136,138
138,136,135
131,268,133
133,135,134
133,132,131
131,130,4
130,129,128
133,138,135
3,268,131
10,6,5
3,131,4
128,10,5
8,7,9
15,14,13
9,6,10
128,5,4
7,6,9
127,11,10
126,125,127
130,128,4
123,121,124
12,11,125
21,125,124
120,124,121
125,21,12
11,127,125
120,22,124
127,10,128
123,122,121
12,15,13
138,267,139
112,111,114
120,117,24
119,118,117
115,64,117
111,115,114
116,115,117
110,115,111
114,113,112
108,100,109
104,108,107
110,64,115
98,110,109
107,105,104
103,108,104
106,105,107
108,103,100
99,98,109
102,101,100
100,103,102
64,110,98
95,94,93
79,96,95
73,97,96
99,109,100
85,93,92
87,92,88
92,91,88
79,95,84
92,87,85
90,88,91
86,85,87
84,93,85
84,83,82
93,84,95
98,97,72
117,120,119
90,89,88
15,19,18
15,12,19
19,12,20
21,20,12
18,16,15
16,18,17
24,22,120
24,23,22
26,25,28
24,29,25
27,26,28
30,29,31
31,29,43
25,29,28
43,29,64
29,24,64
32,42,41
42,32,31
40,38,41
42,31,43
32,41,38
34,33,35
37,36,35
37,35,33
38,37,33
33,32,38
40,39,38
45,50,48
51,50,45
51,45,44
45,47,46
48,47,45
50,49,48
44,43,64
21,124,22
72,71,64
74,73,75
97,73,72
66,70,69
66,69,68
73,76,75
71,70,65
79,82,81
79,84,82
73,96,79
76,78,77
78,76,79
81,80,79
79,76,73
98,72,64
64,59,51
59,64,61
61,60,59
64,63,61
54,59,58
52,54,53
54,52,59
51,59,52
64,51,44
65,70,66
71,65,64
55,58,56
55,54,58
57,56,58
68,67,66
61,63,62
117,64,24
