# Brunei region 1
25 22
# Outer Vertices
115.013496,4.890994
114.979401,4.831665
114.848900,4.800831
114.777802,4.720832
114.840797,4.437499
114.876602,4.432775
114.868896,4.358609
114.803596,4.273054
114.848000,4.272221
114.796402,4.130553
114.669998,4.029720
114.610001,4.027776
114.444702,4.265832
114.375198,4.256943
114.323601,4.280276
114.327797,4.344721
114.235802,4.531942
114.091003,4.589903
114.209099,4.582499
114.469398,4.673332
114.855301,4.958610
115.069099,5.053054
115.104698,5.036665
114.981400,4.892499
115.013496,4.890994
# Triangles
15,14,13
15,13,12
11,10,9
12,11,7
4,19,12
17,16,18
18,16,19
12,19,15
3,19,4
19,3,20
15,19,16
7,11,9
4,7,6
8,7,9
5,4,6
2,20,3
2,23,20
23,2,1
23,1,24
20,23,21
22,21,23
12,7,4
