# Belize region 0
52 49
# Outer Vertices
-88.617691,18.216240
-88.492218,18.467770
-88.405273,18.489710
-88.281982,18.485210
-88.343063,18.409161
-88.386398,18.378880
-88.378616,18.351101
-88.316391,18.368891
-88.358612,18.295549
-88.208618,18.353050
-88.183327,18.336109
-88.096680,18.374439
-88.093903,18.349159
-88.082230,18.192780
-88.146118,17.973330
-88.202507,17.890270
-88.227509,17.710550
-88.281403,17.636110
-88.276947,17.574720
-88.171951,17.509720
-88.207497,17.489719
-88.243057,17.483049
-88.299454,17.204990
-88.280006,17.097771
-88.212227,16.982771
-88.279167,16.889999
-88.248901,16.815830
-88.299454,16.774990
-88.347504,16.602770
-88.391678,16.537491
-88.416397,16.437771
-88.557510,16.266380
-88.690842,16.245831
-88.741386,16.218330
-88.745827,16.146940
-88.924179,15.989170
-88.910957,15.892720
-88.980827,15.898050
-89.217773,15.889720
-89.202217,16.138611
-89.180557,16.474991
-89.158340,16.811390
-89.144173,17.147499
-89.142776,17.483330
-89.142441,17.818680
-89.143402,17.955900
-89.035828,18.005550
-88.848618,17.877489
-88.773392,17.988440
-88.710564,18.060551
-88.681107,18.185551
-88.617691,18.216240
# Triangles
37,36,35
38,37,39
40,39,33
35,39,37
33,39,35
40,32,41
34,33,35
30,29,32
30,32,31
32,40,33
41,32,29
18,47,43
47,44,43
45,44,46
47,46,44
42,41,25
47,17,48
22,43,42
0,50,49
5,2,1
0,49,15
17,49,48
0,6,1
29,27,41
27,25,41
25,27,26
25,23,42
47,18,17
22,42,23
43,22,18
23,25,24
49,17,15
22,21,18
20,19,18
18,21,20
17,16,15
6,8,7
6,0,8
4,3,2
4,2,5
5,1,6
13,8,14
8,13,10
9,8,10
12,11,10
10,13,12
14,8,15
0,15,8
29,28,27
