# Korea, Peoples Republic of region 0
243 240
# Outer Vertices
128.365402,38.622532
128.303604,38.583870
128.310501,38.501659
128.273300,38.423599
128.134094,38.328320
127.822701,38.299160
127.776398,38.333321
127.197502,38.311932
126.990501,38.218040
126.766602,37.968319
126.686600,37.948040
126.688599,37.827320
126.646599,37.788879
126.573898,37.774429
126.385002,37.887211
126.143600,37.823601
126.153297,37.733601
126.101601,37.742489
125.975502,37.898602
125.982803,37.822491
125.911400,37.838871
125.797798,37.989712
125.594398,38.026371
125.735802,37.923870
125.681099,37.890820
125.626099,37.917759
125.641098,37.849152
125.608902,37.755550
125.555801,37.785820
125.337196,37.680271
125.361900,37.758041
125.526604,37.826099
125.495796,37.896099
125.426399,37.906651
125.446602,37.843040
125.359398,37.867210
125.311401,37.804710
125.238602,37.823040
125.310799,37.881649
125.243599,37.931660
125.218002,37.885269
125.162498,37.862492
125.004402,37.908600
125.001602,37.958050
125.164703,37.960270
125.178299,37.981380
125.105301,37.991940
125.120499,38.043320
125.253304,38.020550
125.240799,38.082211
125.007500,38.063881
124.886398,38.129429
124.788902,38.095268
124.673897,38.114159
124.664703,38.135540
124.877998,38.226650
124.926903,38.181099
124.990799,38.226379
124.870796,38.247761
124.871597,38.289440
124.916603,38.396648
124.982201,38.440269
125.018600,38.509708
124.991096,38.536930
125.000298,38.589432
125.088898,38.553051
125.130203,38.665272
125.178299,38.620541
125.330803,38.670551
125.560303,38.669991
125.438599,38.777489
125.432198,38.722210
125.373299,38.704151
125.362999,38.732769
125.284698,38.695820
125.238899,38.725269
125.263603,38.749710
125.234200,38.793320
125.203903,38.737770
125.138901,38.801659
125.151901,38.875542
125.297798,39.101379
125.339699,39.203320
125.410797,39.219440
125.417801,39.343601
125.337997,39.429989
125.349998,39.464432
125.447701,39.553879
125.441704,39.578880
125.366096,39.551380
124.938004,39.644711
124.883904,39.700550
124.735298,39.769711
124.753899,39.664711
124.624199,39.594990
124.556602,39.812771
124.413597,39.823318
124.323601,39.917759
124.375298,39.946659
124.380203,40.044991
124.372299,40.094311
124.592201,40.261379
124.891403,40.475811
124.957703,40.452770
124.963203,40.453739
125.042702,40.468040
125.009399,40.509991
125.031601,40.527901
125.291496,40.639889
125.320999,40.648041
125.329300,40.645359
125.405800,40.620819
125.580002,40.784988
125.603897,40.755821
125.684402,40.769981
125.647202,40.810539
125.697998,40.859150
125.900002,40.896931
126.041603,40.937759
126.075500,40.997478
126.456100,41.357208
126.527199,41.357491
126.500801,41.431931
126.553802,41.496929
126.571404,41.620258
126.676903,41.669430
126.696899,41.714989
126.710297,41.740540
126.786903,41.692211
126.928299,41.796379
127.045197,41.724430
127.045197,41.651371
127.178596,41.587490
127.106102,41.545269
127.108902,41.532761
127.210800,41.521931
127.287498,41.471088
127.472702,41.472759
127.557198,41.429710
127.709396,41.413311
127.936897,41.446930
128.044098,41.389431
128.160507,41.386101
128.282196,41.530270
128.297195,41.593040
128.150497,41.720821
128.060806,41.910542
128.058807,42.003319
128.282394,42.039150
128.422501,42.028591
128.453796,42.003880
128.630493,42.029980
128.925797,42.024429
128.962708,42.084431
129.114395,42.139431
129.213303,42.223042
129.175797,42.234989
129.209396,42.286381
129.356598,42.446651
129.546906,42.364429
129.570496,42.405819
129.701294,42.438320
129.729095,42.478031
129.742706,42.640820
129.774704,42.646931
129.751099,42.704700
129.861893,42.965820
130.041901,42.957760
130.099396,42.980541
130.135803,42.962200
130.100800,42.911930
130.259094,42.884159
130.250198,42.709980
130.426102,42.574429
130.464905,42.546940
130.481598,42.607208
130.514694,42.602211
130.529099,42.523041
130.603897,42.420620
130.643799,42.399712
130.654907,42.313869
130.694794,42.288818
130.596893,42.253601
130.578003,42.306660
130.403000,42.319149
130.406601,42.246929
130.310196,42.184158
130.301300,42.224991
130.204102,42.163601
130.202194,42.094711
130.050797,42.046650
129.961105,41.888882
129.896301,41.887489
129.877701,41.790539
129.760498,41.730549
129.660507,41.525269
129.703003,41.430271
129.805801,41.376930
129.790802,41.346371
129.713806,41.112209
129.755798,40.931931
129.709396,40.829990
129.419098,40.760818
129.301102,40.671650
129.260803,40.697769
129.213806,40.681099
129.186600,40.603321
129.084106,40.463871
128.974899,40.449162
128.886398,40.371380
128.756897,40.327492
128.636597,40.278320
128.675797,40.204708
128.646103,40.175819
128.383896,40.083599
128.317398,40.023602
128.263901,40.061100
128.221603,40.023880
127.997803,40.041370
127.781601,39.847759
127.611900,39.811649
127.503899,39.719440
127.502502,39.684158
127.577202,39.596661
127.528000,39.481380
127.561401,39.317760
127.519402,39.310261
127.527199,39.395260
127.480003,39.429150
127.411102,39.392208
127.388000,39.361370
127.450798,39.371101
127.468300,39.336380
127.389397,39.341099
127.377197,39.227772
127.406403,39.189709
127.536400,39.141102
127.761597,39.119160
127.796097,39.071381
128.212494,38.723049
128.276901,38.754162
128.362198,38.679440
128.365402,38.622532
# Triangles
41,44,42
44,43,42
52,54,53
46,45,47
44,41,40
48,39,38
44,40,39
48,47,45
44,39,45
68,67,49
39,48,45
49,57,50
55,52,51
51,50,56
55,51,56
57,59,58
60,59,57
52,55,54
62,61,65
57,61,60
63,62,64
61,57,65
65,64,62
67,66,65
57,49,65
49,67,65
50,57,56
49,48,33
30,29,28
26,31,28
28,31,30
26,28,27
15,17,16
12,10,13
18,20,19
18,17,15
12,11,10
33,38,35
35,38,36
32,31,25
35,34,33
49,33,22
22,69,49
69,22,21
22,33,32
32,25,22
23,22,25
48,38,33
14,69,18
20,18,21
15,14,18
14,10,8
14,8,69
21,18,69
14,13,10
23,25,24
26,25,31
234,83,69
36,38,37
69,68,49
95,92,101
95,94,92
94,93,92
92,91,103
91,88,105
75,74,76
73,76,74
80,77,81
79,77,80
77,70,81
76,73,77
77,79,78
90,89,91
97,96,98
96,95,98
100,99,101
99,98,95
101,103,102
101,99,95
101,92,103
106,105,107
91,104,103
107,105,108
110,109,108
108,111,110
91,105,104
108,105,111
81,70,83
70,77,73
84,86,85
91,89,88
111,105,88
72,71,73
234,84,83
83,82,81
84,234,87
73,71,70
83,70,69
114,88,118
113,111,114
221,118,88
114,111,88
87,86,84
111,113,112
114,117,116
116,115,114
120,119,121
119,118,121
118,117,114
125,123,128
125,124,123
128,123,134
123,122,121
127,126,128
131,129,128
126,125,128
221,121,118
230,88,87
123,121,134
9,8,10
234,8,7
234,7,235
230,87,234
230,234,233
230,233,231
232,231,233
235,7,236
221,88,230
6,238,236
239,238,6
5,4,6
236,238,237
6,236,7
225,227,226
221,230,222
222,228,224
223,222,224
228,227,224
222,229,228
225,224,227
121,221,220
220,136,121
219,218,220
220,218,138
139,138,218
141,140,139
139,218,141
141,218,216
230,229,222
4,239,6
220,138,136
3,2,1
1,241,239
1,239,4
216,218,217
240,239,241
216,142,141
1,4,3
241,1,0
215,214,216
211,213,212
213,211,214
211,210,142
214,211,216
216,211,142
208,207,206
208,142,210
208,205,142
205,208,206
143,142,205
204,195,205
208,210,209
204,202,195
202,201,199
199,201,200
196,199,198
199,196,202
198,197,196
202,204,203
195,202,196
134,136,135
134,121,136
130,129,131
133,132,131
128,133,131
128,134,133
150,144,151
143,152,144
195,152,205
148,147,146
146,145,148
150,145,144
150,148,145
143,205,152
136,138,137
151,144,152
153,152,154
195,154,152
149,148,150
157,155,159
155,157,156
157,159,158
160,159,161
155,154,194
164,163,162
162,161,190
194,159,155
159,192,161
194,154,195
194,193,192
190,161,192
191,190,192
189,188,190
188,172,162
188,162,190
187,186,185
187,185,184
178,184,183
180,183,182
181,180,182
179,183,180
188,187,172
184,172,187
165,164,170
172,170,164
172,164,162
165,170,167
167,166,165
168,167,170
170,169,168
170,172,171
174,177,176
174,184,177
184,178,177
184,173,172
174,176,175
184,174,173
183,179,178
159,194,192
8,234,69
