# United States region 34
19 16
# Outer Vertices
-177.893906,51.596931
-177.945602,51.602211
-178.029404,51.662769
-178.100906,51.664711
-178.090607,51.698879
-177.964203,51.716381
-177.948303,51.733879
-177.960007,51.768879
-178.214203,51.861660
-178.189697,51.895260
-177.957199,51.918880
-177.924698,51.909161
-177.834198,51.832211
-177.619400,51.852211
-177.648605,51.813320
-177.797195,51.788879
-177.803101,51.698601
-177.911102,51.659431
-177.893906,51.596931
# Triangles
4,3,2
2,5,4
5,2,17
10,7,11
8,7,9
12,7,6
7,10,9
5,17,6
17,16,6
17,1,18
16,15,6
7,12,11
14,13,12
14,12,15
15,12,6
17,2,1
