# United States region 1
144 141
# Outer Vertices
-154.136093,56.739712
-154.149399,56.746101
-154.071396,56.843880
-153.839203,56.968880
-153.827194,57.010269
-153.854706,57.019711
-153.882004,56.968319
-153.963593,56.956661
-153.949203,57.009159
-153.782196,57.121101
-153.784195,57.153320
-154.007507,57.035259
-154.069199,56.968319
-154.133606,56.991379
-154.083893,57.064159
-153.962799,57.109440
-154.224503,57.154709
-154.466400,57.126930
-154.485001,57.103600
-154.453903,57.058319
-154.375595,57.046650
-154.283905,57.112209
-154.115799,57.121929
-154.100601,57.109440
-154.161102,56.956928
-154.256104,56.877769
-154.297806,56.848881
-154.300797,56.906940
-154.488297,56.988602
-154.529999,56.990551
-154.526093,57.141102
-154.598602,57.251381
-154.802505,57.335270
-154.783096,57.359150
-154.704697,57.335541
-154.727798,57.422211
-154.603394,57.525269
-154.356400,57.625820
-154.240799,57.666931
-154.029999,57.651371
-153.996094,57.635269
-153.974503,57.569710
-153.894699,57.414440
-153.748093,57.302761
-153.768295,57.373878
-153.808105,57.400539
-153.851395,57.567490
-153.832504,57.581661
-153.761093,57.546379
-153.681702,57.544708
-153.840607,57.608879
-153.880295,57.643040
-153.782501,57.650829
-153.587494,57.599152
-153.617493,57.641380
-153.827194,57.697491
-153.926407,57.724991
-153.930298,57.805538
-153.752197,57.897209
-153.641693,57.889992
-153.509506,57.664440
-153.503601,57.708321
-153.440002,57.689430
-153.439194,57.704430
-153.509506,57.742210
-153.498093,57.767769
-153.420807,57.767208
-153.378403,57.713039
-153.328094,57.712490
-153.317200,57.731659
-153.464798,57.797489
-153.465302,57.841930
-153.213104,57.788319
-153.161804,57.755581
-153.239700,57.896381
-153.056900,57.825260
-153.136703,57.896381
-153.261093,58.002491
-153.011398,57.926102
-152.949997,57.947208
-152.817001,57.916931
-152.826996,57.895550
-152.900604,57.849991
-152.924698,57.768879
-152.885605,57.728870
-152.857803,57.734989
-152.858093,57.818878
-152.813400,57.856098
-152.730804,57.822491
-152.691696,57.880550
-152.620300,57.856380
-152.628098,57.926380
-152.437195,57.873051
-152.421707,57.817211
-152.329697,57.824989
-152.337494,57.806660
-152.543900,57.711102
-152.533905,57.695541
-152.446106,57.722488
-152.492493,57.651932
-152.398605,57.685822
-152.436996,57.609440
-152.181107,57.628319
-152.150604,57.610538
-152.330597,57.429710
-152.482803,57.424160
-152.451996,57.454708
-152.494797,57.466930
-152.577194,57.445541
-152.610001,57.476101
-152.714798,57.478039
-152.729507,57.504990
-152.948898,57.504162
-152.910294,57.483879
-153.022797,57.473598
-153.043304,57.431381
-152.846695,57.472210
-152.612503,57.387211
-152.633896,57.317760
-152.704193,57.273880
-152.722000,57.304989
-152.886993,57.291660
-152.874695,57.343319
-153.162003,57.348598
-153.165298,57.297771
-152.959503,57.263321
-153.058105,57.218601
-153.388901,57.207211
-153.370605,57.174992
-153.455597,57.112492
-153.489502,57.176929
-153.522202,57.134430
-153.495605,57.068050
-153.598099,57.048038
-153.587204,57.028599
-153.603394,56.937771
-153.669495,56.932491
-153.774399,56.890270
-153.763901,56.861931
-153.694504,56.881100
-153.711899,56.855820
-153.899704,56.784431
-153.961395,56.742771
-154.136093,56.739712
# Triangles
26,25,27
27,24,21
24,27,25
1,0,2
0,142,2
29,28,19
19,18,29
28,20,19
29,18,30
27,21,20
20,28,27
24,23,22
21,24,22
13,12,14
12,11,14
141,137,3
141,3,2
141,138,137
140,138,141
4,137,136
138,140,139
134,136,135
8,5,9
11,15,14
8,6,5
8,7,6
3,137,4
5,4,9
9,4,136
131,133,132
134,133,136
133,9,136
2,142,141
32,31,34
34,33,32
34,31,36
31,16,37
31,17,16
31,30,17
42,16,15
17,30,18
16,42,41
36,31,37
38,37,16
36,35,34
41,40,39
55,57,56
41,39,38
38,16,41
9,133,10
43,42,10
46,45,48
49,43,130
131,43,10
44,49,48
49,44,43
46,48,47
44,48,45
49,130,53
133,131,10
49,52,50
55,58,57
51,50,52
60,59,54
52,49,53
55,54,59
55,59,58
54,53,60
130,43,131
15,10,42
10,15,11
53,127,60
127,130,129
129,128,127
127,53,130
126,124,127
125,124,126
123,127,124
68,62,123
60,62,61
60,127,62
123,115,114
62,127,123
116,122,120
114,113,112
68,123,114
73,114,112
115,122,116
115,123,122
121,120,122
120,119,118
118,117,120
105,104,106
101,107,106
108,107,109
106,104,101
110,109,111
112,85,84
97,111,109
109,99,97
104,102,101
99,107,101
101,100,99
97,99,98
99,109,107
103,102,104
116,120,117
97,96,111
65,64,63
63,66,65
67,63,62
69,72,71
73,69,68
72,69,73
114,73,68
67,66,63
68,67,62
70,69,71
74,73,75
78,76,75
82,79,78
78,77,76
78,75,82
73,83,75
112,111,85
85,88,86
83,73,112
88,96,90
96,95,93
93,95,94
90,96,93
88,85,111
84,83,112
86,88,87
80,79,81
81,79,82
93,92,90
88,90,89
91,90,92
83,82,75
111,96,88
