# United States region 41
48 45
# Outer Vertices
-152.771698,57.998322
-152.895294,58.007210
-153.032501,58.049709
-153.054504,58.110538
-153.148605,58.102211
-153.229507,58.163052
-153.219498,58.196098
-153.181107,58.216648
-152.904694,58.165272
-153.102798,58.258881
-153.047806,58.301929
-152.764999,58.256649
-152.759201,58.329708
-152.767197,58.366379
-152.876999,58.397491
-152.727203,58.455269
-152.692001,58.422489
-152.658096,58.477211
-152.496902,58.462769
-152.526398,58.413601
-152.468094,58.405270
-152.474701,58.351940
-152.429504,58.375271
-152.399200,58.315819
-152.302002,58.424160
-152.243301,58.387760
-152.221405,58.353321
-152.091095,58.360271
-152.147797,58.262489
-152.130295,58.232769
-152.099503,58.303322
-152.068893,58.314991
-152.063904,58.275269
-151.994995,58.347488
-151.966705,58.328041
-151.972794,58.233051
-152.080307,58.156380
-152.191696,58.174431
-152.270294,58.263050
-152.327499,58.219711
-152.329697,58.157490
-152.274399,58.127769
-152.542801,58.085270
-152.560303,58.181660
-152.601105,58.156940
-152.626404,58.078602
-152.751694,58.052761
-152.771698,57.998322
# Triangles
3,8,7
4,7,5
8,3,2
8,10,9
2,1,8
1,47,46
8,46,11
45,44,46
46,8,1
11,46,44
7,4,3
11,10,8
14,13,15
6,5,7
11,43,12
12,43,16
15,13,16
19,17,16
16,43,19
16,13,12
44,43,11
42,40,43
41,40,42
38,37,28
26,38,28
39,38,23
37,29,28
39,23,43
32,29,36
36,29,37
32,36,35
30,32,31
32,30,29
32,35,34
21,23,22
21,43,23
20,19,21
19,18,17
19,43,21
28,27,26
25,38,26
23,38,24
38,25,24
33,32,34
40,39,43
