# United States region 42
16 13
# Outer Vertices
-146.585007,60.243038
-146.667007,60.267769
-146.677505,60.287769
-146.485001,60.363880
-146.592194,60.373600
-146.639206,60.335819
-146.715897,60.358879
-146.708893,60.402210
-146.615295,60.473598
-146.386398,60.477211
-146.357498,60.425270
-146.339996,60.407211
-146.154694,60.435551
-146.135803,60.416660
-146.097000,60.392769
-146.585007,60.243038
# Triangles
1,0,2
6,5,7
8,4,3
4,8,7
5,4,7
3,2,0
3,0,11
11,14,13
14,11,0
3,11,10
10,9,3
11,13,12
3,9,8
