# United States region 15
122 119
# Outer Vertices
-132.003906,54.690540
-132.284195,54.711929
-132.297501,54.756649
-132.213593,54.788601
-132.231094,54.816380
-132.353394,54.799431
-132.265594,54.839432
-132.387497,54.964432
-132.395004,55.018879
-132.418594,54.921650
-132.475296,54.900829
-132.502808,54.918598
-132.450806,54.942490
-132.445297,54.977772
-132.488297,54.999149
-132.506393,54.947491
-132.540298,54.932770
-132.597504,54.968601
-132.532196,55.016102
-132.572800,55.037209
-132.458603,55.043598
-132.542007,55.060822
-132.511993,55.106380
-132.556702,55.121929
-132.609695,55.058319
-132.619797,55.087490
-132.559692,55.165539
-132.641403,55.250271
-132.647202,55.205818
-132.609207,55.168049
-132.648605,55.139431
-132.766693,55.175270
-132.807495,55.248051
-132.837494,55.271648
-132.865601,55.224152
-133.024200,55.204708
-133.005600,55.226650
-132.906403,55.264149
-132.900604,55.279709
-133.199493,55.273880
-133.262207,55.332489
-133.217499,55.379162
-132.847504,55.351650
-133.064499,55.422771
-133.128601,55.494709
-133.011703,55.605259
-132.912506,55.622211
-132.957199,55.638882
-133.253601,55.573601
-133.367798,55.616379
-133.384995,55.655540
-133.336105,55.680820
-133.309998,55.756939
-133.250595,55.741940
-133.144196,55.811939
-133.153900,55.872761
-133.187195,55.860538
-133.257004,55.944149
-133.243301,56.031651
-133.279694,56.087212
-133.255295,56.147770
-133.364700,56.171940
-133.569199,56.179710
-133.632797,56.271099
-133.565308,56.296940
-133.585602,56.349709
-133.323898,56.326382
-133.299500,56.288879
-133.266998,56.325821
-133.178101,56.328041
-133.023895,56.176659
-133.062805,56.118038
-133.138107,56.116940
-133.078094,56.052490
-132.836899,56.032490
-132.565903,55.879711
-132.452805,55.729431
-132.435898,55.623322
-132.399200,55.670818
-132.350006,55.645550
-132.294998,55.540821
-132.182297,55.512489
-132.137497,55.465820
-132.159195,55.444439
-132.519699,55.618320
-132.560104,55.573040
-132.509506,55.556099
-132.580307,55.488041
-132.669998,55.462212
-132.653107,55.418598
-132.504501,55.511379
-132.281403,55.457760
-132.283905,55.429150
-132.444702,55.421379
-132.483093,55.401100
-132.458298,55.382488
-132.426102,55.408600
-132.153397,55.363319
-132.085007,55.268040
-132.130905,55.239990
-132.239502,55.254711
-132.247498,55.201382
-132.222794,55.188320
-132.205597,55.221931
-132.109695,55.196098
-132.010605,55.272770
-131.968597,55.226379
-131.992203,55.105820
-132.050797,55.076649
-132.120605,55.065819
-132.072800,55.039150
-132.218597,54.992489
-132.088898,54.974709
-131.978607,55.031940
-131.975006,54.990822
-131.972000,54.894989
-132.038895,54.904430
-132.050797,54.884991
-131.955307,54.821930
-131.949493,54.788319
-132.006393,54.779709
-132.003906,54.690540
# Triangles
36,34,37
34,36,35
33,32,42
32,89,42
34,33,37
37,33,38
40,39,41
38,41,39
42,38,33
43,45,44
41,38,42
43,42,46
32,31,27
25,24,23
19,18,20
26,23,22
25,23,26
89,32,27
88,42,89
94,90,89
31,28,27
89,27,94
87,85,88
26,95,27
28,30,29
88,46,42
85,84,75
28,31,30
85,46,88
50,49,51
49,48,51
58,60,59
51,53,52
63,62,64
65,64,66
62,61,64
61,67,66
61,60,67
67,69,68
61,66,64
67,60,69
55,58,57
55,57,56
46,45,43
74,54,47
53,48,54
74,55,54
48,47,54
48,53,51
74,47,46
58,73,72
58,55,73
70,69,72
69,60,72
72,60,58
71,70,72
73,55,74
75,74,46
46,85,75
12,11,10
2,1,3
9,12,10
15,14,18
20,14,13
20,22,21
20,18,14
15,18,16
13,9,8
13,8,20
12,9,13
8,7,111
101,20,8
4,6,5
117,4,3
111,6,4
121,120,3
119,118,120
117,3,120
3,1,121
118,117,120
112,114,113
112,111,4
8,111,101
112,117,116
112,4,117
116,115,114
114,112,116
6,111,7
110,109,111
95,94,27
100,96,95
91,93,92
96,100,97
95,22,101
94,93,90
84,76,75
77,76,84
86,85,87
77,80,79
80,84,83
79,78,77
91,90,93
77,84,80
95,26,22
103,102,104
101,22,20
102,109,104
111,102,101
108,107,104
106,104,107
108,104,109
105,104,106
97,100,99
81,83,82
80,83,81
98,97,99
101,100,95
111,109,102
18,17,16
