# United States region 5
75 72
# Outer Vertices
-134.106705,55.999149
-134.162003,56.022209
-134.236404,56.112492
-134.192200,56.155819
-134.245804,56.165821
-134.266098,56.249989
-134.160004,56.296101
-134.199493,56.319149
-134.281097,56.291370
-134.231705,56.419159
-134.183594,56.406940
-134.155304,56.364429
-134.108093,56.405270
-134.049500,56.359440
-134.032806,56.420269
-134.069199,56.464710
-134.028595,56.472488
-134.068405,56.555271
-134.124207,56.486938
-134.227005,56.557491
-134.306396,56.560261
-134.094696,56.625542
-134.127502,56.649712
-134.248596,56.641930
-134.208099,56.670269
-134.223404,56.693321
-134.307297,56.657490
-134.374695,56.693600
-134.408905,56.829430
-134.393295,56.856380
-134.352005,56.856380
-134.291702,56.786098
-134.272003,56.801659
-134.333603,56.871658
-134.314697,56.897209
-134.115295,56.841381
-134.151398,56.890541
-134.263596,56.936939
-134.086899,56.898880
-133.987503,56.870819
-133.919693,56.727211
-133.967499,56.654991
-133.945908,56.646381
-133.862198,56.723598
-133.874695,56.804150
-133.728394,56.774429
-133.726105,56.627769
-133.691406,56.599709
-133.752808,56.554710
-133.822006,56.608318
-133.920593,56.614159
-133.845001,56.577209
-133.919205,56.506378
-133.828598,56.440540
-133.902496,56.394989
-133.914703,56.370541
-133.844498,56.348881
-133.849197,56.284161
-133.918900,56.321098
-133.968597,56.361099
-133.984207,56.268879
-133.922501,56.279430
-133.890793,56.233601
-133.947800,56.199711
-133.936401,56.116650
-133.955002,56.083321
-134.031403,56.101379
-134.026703,56.287209
-134.052505,56.312481
-134.094498,56.179710
-134.181396,56.183041
-134.156097,56.131100
-134.105606,56.142490
-134.087204,56.081100
-134.106705,55.999149
# Triangles
3,70,4
70,3,71
2,71,3
4,70,5
9,7,10
7,9,8
11,10,7
6,5,70
72,71,73
71,1,73
6,11,7
12,11,13
6,68,11
17,19,18
70,69,6
73,1,0
71,2,1
27,26,31
26,25,31
27,31,28
29,28,30
32,34,33
28,31,30
19,21,20
24,23,22
35,22,41
24,22,25
21,19,17
34,32,35
35,25,22
36,35,38
35,32,25
31,25,32
37,36,38
22,21,41
68,6,69
60,66,63
67,66,60
13,11,68
13,68,59
13,59,14
59,68,67
59,67,60
14,59,54
64,66,65
64,63,66
62,61,63
55,59,58
55,58,56
56,58,57
55,54,59
60,63,61
14,54,16
41,21,17
17,52,50
52,17,16
14,16,15
17,50,41
38,35,39
42,41,50
40,39,35
40,35,41
42,50,43
16,54,52
46,48,47
44,43,45
46,45,43
46,49,48
46,43,49
50,49,43
50,52,51
53,52,54
