# United States region 47
58 55
# Outer Vertices
-134.647202,56.181099
-134.675293,56.213600
-134.799500,56.260540
-135.038895,56.561649
-134.845901,56.681660
-134.887207,56.683319
-134.953293,56.623051
-134.982498,56.635818
-134.937195,56.709991
-134.995300,56.693600
-135.040894,56.615261
-135.099503,56.593880
-135.125305,56.658039
-135.042496,56.754990
-135.161407,56.678600
-135.194702,56.696930
-135.119995,56.827492
-135.336105,56.819149
-135.367203,56.828041
-135.365005,56.880260
-135.290298,56.880821
-135.308899,56.913319
-135.376404,56.940269
-135.158905,57.008041
-135.199203,57.044708
-135.243607,57.030540
-135.330002,57.052212
-135.378098,57.098598
-135.371704,57.132771
-135.264999,57.159161
-135.337494,57.177761
-135.371704,57.145550
-135.406097,57.149712
-135.333099,57.244431
-135.532196,57.229710
-135.672501,57.346371
-135.654999,57.363880
-135.475906,57.347488
-135.510803,57.369991
-135.603607,57.381649
-135.514206,57.507210
-135.407501,57.553322
-135.319199,57.536381
-135.280899,57.509430
-135.405899,57.447491
-135.186096,57.483318
-135.153595,57.448601
-135.104706,57.431381
-134.981995,57.389709
-134.905899,57.329708
-134.976395,57.304989
-134.819199,57.192760
-134.796997,57.160549
-134.792007,57.075821
-134.756699,57.070541
-134.610001,56.575550
-134.656403,56.580269
-134.647202,56.181099
# Triangles
19,18,17
28,27,26
32,31,30
20,23,21
21,23,22
29,26,25
26,29,28
17,16,20
19,17,20
29,25,24
37,36,34
37,34,33
35,34,36
44,40,38
38,40,39
38,37,44
30,29,33
45,44,33
33,44,37
41,44,42
44,41,40
43,42,44
46,45,33
46,33,29
32,30,33
29,24,50
11,10,12
8,7,6
10,9,12
56,4,2
2,1,56
5,4,8
4,56,54
56,1,57
54,56,55
4,3,2
6,5,8
14,13,16
13,12,9
13,53,16
23,16,53
50,24,23
46,29,47
29,50,47
13,9,8
23,20,16
51,53,52
23,53,51
53,8,4
4,54,53
48,50,49
48,47,50
23,51,50
13,8,53
15,14,16
