# United States region 14
53 50
# Outer Vertices
-131.211105,55.187771
-131.306702,55.234989
-131.196106,55.349152
-131.196106,55.393318
-131.261093,55.391380
-131.274704,55.359440
-131.253906,55.321659
-131.293106,55.273880
-131.388901,55.254990
-131.455002,55.277210
-131.457001,55.303051
-131.290894,55.411098
-131.281403,55.489159
-131.341904,55.641651
-131.367493,55.605820
-131.315308,55.462212
-131.394501,55.352772
-131.455597,55.325550
-131.419205,55.375820
-131.470001,55.476101
-131.418900,55.519711
-131.490601,55.507210
-131.520004,55.476379
-131.460602,55.367771
-131.515305,55.296101
-131.679993,55.351379
-131.818405,55.446098
-131.820007,55.467491
-131.616699,55.591381
-131.699997,55.615551
-131.700302,55.665272
-131.513107,55.726379
-131.629501,55.730820
-131.696106,55.698601
-131.715607,55.720268
-131.594193,55.770550
-131.490295,55.778599
-131.522003,55.818600
-131.679703,55.791370
-131.683899,55.833321
-131.458298,55.824162
-131.465302,55.844990
-131.546402,55.855259
-131.577194,55.901371
-131.231705,55.953880
-130.967804,55.698318
-130.936707,55.579151
-130.982193,55.474709
-130.964401,55.397491
-131.021698,55.410549
-131.042801,55.277210
-131.142807,55.196930
-131.211105,55.187771
# Triangles
27,26,25
27,25,28
30,29,28
30,28,31
25,22,28
22,21,28
22,24,23
31,21,14
24,22,25
31,28,21
34,33,32
32,35,34
40,39,37
32,31,35
38,37,39
36,31,13
37,36,40
43,42,41
41,40,44
43,41,44
36,13,40
31,36,35
52,2,1
10,8,5
16,18,17
7,5,8
16,15,18
18,20,19
5,11,10
2,52,51
2,51,50
7,6,5
2,50,49
4,11,5
15,20,18
11,4,12
14,20,15
13,44,40
13,31,14
12,45,13
2,49,3
49,48,47
3,49,47
45,44,13
12,47,45
46,45,47
12,3,47
4,3,12
14,21,20
9,8,10
