# United States region 45
26 23
# Outer Vertices
-147.860794,59.775829
-147.891693,59.806381
-147.895004,59.841930
-147.741104,59.893879
-147.801697,59.909161
-147.758102,59.948040
-147.667496,59.970268
-147.699997,59.994709
-147.404205,60.111370
-147.304199,60.225269
-147.206100,60.238319
-147.199493,60.349430
-147.112198,60.380821
-147.120804,60.344151
-147.015305,60.346100
-147.104996,60.274429
-146.937805,60.286381
-146.984695,60.241650
-147.297806,60.082760
-147.365601,60.026661
-147.352005,59.975269
-147.441696,59.968319
-147.487793,59.936378
-147.445007,59.904991
-147.483902,59.861931
-147.860794,59.775829
# Triangles
2,1,25
2,25,3
6,3,24
24,3,25
22,24,23
5,4,3
8,6,22
5,3,6
7,6,8
24,22,6
21,8,22
21,19,8
19,21,20
8,19,18
9,18,10
18,9,8
17,10,18
11,13,12
13,11,15
17,16,15
17,15,10
15,14,13
11,10,15
