# United States region 38
50 47
# Outer Vertices
-73.914459,40.563042
-73.902237,40.575260
-73.764450,40.615822
-73.767502,40.641651
-73.843903,40.659710
-73.900009,40.635818
-73.871948,40.608601
-74.007782,40.580269
-74.003891,40.691101
-73.922501,40.789711
-73.710007,40.809158
-73.715012,40.841099
-73.720840,40.870541
-73.684723,40.867489
-73.653633,40.819988
-73.643341,40.893318
-73.589737,40.920551
-73.470840,40.890820
-73.484734,40.946098
-73.428337,40.938599
-73.361954,40.903320
-73.357513,40.929989
-73.396957,40.958050
-73.226959,40.910549
-73.155838,40.934990
-73.121948,40.975552
-72.647507,40.979710
-72.285278,41.161930
-72.239731,41.160549
-72.262512,41.125271
-72.320007,41.133881
-72.411118,41.064709
-72.551682,40.953880
-72.621948,40.918320
-72.498337,40.904148
-72.327507,41.004429
-72.243347,41.047211
-72.065567,41.012760
-71.924179,41.081928
-71.859451,41.073601
-71.912231,41.048038
-72.446671,40.868320
-72.495827,40.887760
-72.492233,40.846661
-72.698624,40.789711
-72.658340,40.814709
-73.205002,40.715260
-73.682510,40.633598
-73.678070,40.603870
-73.914459,40.563042
# Triangles
1,0,2
8,5,9
5,8,7
9,5,4
5,7,6
2,0,48
2,48,47
10,4,3
47,3,2
4,10,9
10,3,47
11,10,14
14,10,47
11,14,13
13,12,11
14,16,15
17,16,14
17,14,47
19,17,20
19,18,17
17,46,20
47,46,17
45,44,43
24,46,45
21,20,23
24,23,46
45,33,26
23,20,46
43,42,33
42,41,34
34,33,42
45,26,25
34,41,35
43,33,45
32,26,33
24,45,25
26,32,31
30,27,26
29,27,30
30,26,31
37,36,35
40,37,41
38,37,40
29,28,27
40,39,38
41,37,35
22,21,23
