# United States region 46
49 46
# Outer Vertices
-169.666107,62.943321
-169.746902,62.960270
-169.758102,63.008881
-169.710297,63.020550
-169.710602,63.055271
-169.888306,63.150539
-169.931396,63.133320
-170.082504,63.198879
-170.251099,63.193878
-170.211700,63.247761
-170.237198,63.282490
-170.844696,63.459991
-171.080307,63.438042
-171.091904,63.432209
-171.538895,63.326649
-171.799698,63.414150
-171.850906,63.508598
-171.808304,63.635818
-171.744202,63.662209
-171.736404,63.789711
-171.666397,63.792488
-171.623398,63.757771
-171.639999,63.698879
-171.402802,63.643040
-171.520599,63.619991
-171.374695,63.604710
-171.365799,63.632488
-171.067200,63.598881
-171.090897,63.577209
-170.794998,63.611099
-170.485794,63.703320
-170.238907,63.666660
-170.037003,63.540821
-170.037796,63.483879
-169.760803,63.447208
-169.501099,63.369160
-169.271103,63.356098
-169.200302,63.302761
-169.110794,63.299160
-169.070297,63.315269
-169.218399,63.344711
-168.690308,63.303051
-168.780304,63.185261
-168.850006,63.155270
-169.197006,63.203880
-169.404205,63.150269
-169.568405,63.053322
-169.556900,62.999989
-169.666107,62.943321
# Triangles
14,24,15
25,14,13
16,15,18
25,13,28
26,25,28
25,24,14
13,12,28
9,8,7
31,10,33
29,28,11
11,28,12
11,10,30
26,28,27
18,24,22
18,17,16
18,22,19
22,20,19
20,22,21
24,23,22
29,11,30
10,31,30
15,24,18
10,9,33
2,1,3
3,1,48
34,5,4
6,5,7
3,46,4
48,47,46
48,46,3
45,35,46
4,46,35
42,39,43
45,36,35
34,4,35
34,33,5
33,7,5
32,31,33
33,9,7
37,44,38
44,43,38
40,39,41
38,43,39
42,41,39
37,36,44
44,36,45
