# United States region 4
41 38
# Outer Vertices
-133.632507,56.437210
-133.660904,56.518040
-133.645004,56.563599
-133.659195,56.631100
-133.707001,56.677761
-133.671402,56.848320
-133.773895,56.821381
-133.879700,56.878040
-133.862793,56.898319
-133.756393,56.873878
-134.018097,57.014709
-134.007797,57.057491
-133.883408,57.086102
-133.325302,56.996929
-133.280304,56.927212
-133.253403,56.946098
-133.296997,56.993599
-133.099701,56.996380
-133.051697,56.977489
-132.927795,56.860271
-132.989502,56.812771
-132.924698,56.659988
-132.936401,56.624981
-133.011398,56.599709
-133.187500,56.716648
-133.222000,56.788601
-133.342499,56.839432
-133.308594,56.735821
-133.233902,56.740822
-133.211700,56.708881
-133.242004,56.636379
-133.104996,56.618881
-133.113907,56.600552
-133.081100,56.528599
-133.129196,56.524151
-133.119400,56.488319
-133.148605,56.458599
-133.334702,56.470829
-133.429199,56.501930
-133.418900,56.454708
-133.632507,56.437210
# Triangles
2,1,40
3,5,4
2,38,3
40,39,38
27,38,30
30,38,37
27,3,38
38,2,40
27,26,3
7,6,8
10,12,11
9,12,10
5,26,13
26,5,3
13,12,5
5,12,9
14,13,26
8,6,9
6,5,9
36,35,34
30,34,32
30,37,34
33,32,34
30,32,31
34,37,36
23,20,24
21,23,22
21,20,23
28,27,29
14,25,15
14,26,25
15,25,17
18,25,20
18,17,25
18,20,19
20,25,24
15,17,16
27,30,29
