# United States region 23
32 29
# Outer Vertices
-164.758606,54.394989
-164.841095,54.418598
-164.948593,54.569988
-164.928299,54.601379
-164.753906,54.640541
-164.631393,54.746380
-164.544998,54.881100
-164.432800,54.930538
-164.219498,54.887489
-164.141693,54.962212
-163.999496,54.985271
-163.786407,55.054710
-163.545807,55.049992
-163.493301,54.991940
-163.422501,54.922211
-163.377808,54.796101
-163.320908,54.758041
-163.189499,54.779709
-163.120300,54.743599
-163.048599,54.668320
-163.159698,54.658871
-163.115295,54.686939
-163.347794,54.755550
-163.432495,54.709148
-163.436401,54.658329
-163.600006,54.610821
-164.008408,54.629990
-164.213898,54.592491
-164.321106,54.534431
-164.336395,54.475819
-164.437195,54.421379
-164.758606,54.394989
# Triangles
3,2,1
31,4,1
30,29,28
28,5,30
31,30,4
7,28,27
3,1,4
5,28,6
30,5,4
8,26,9
6,28,7
26,10,9
27,8,7
8,27,26
25,24,23
23,22,15
25,23,13
20,19,21
18,21,19
18,17,21
21,17,16
25,13,11
10,26,11
12,11,13
21,16,22
14,13,23
15,14,23
22,16,15
11,26,25
