# United States region 33
26 23
# Outer Vertices
-176.928894,51.585270
-176.975006,51.595829
-176.972198,51.657768
-176.817505,51.764431
-176.915894,51.787209
-176.861694,51.820541
-176.838898,51.787769
-176.702499,51.783329
-176.779205,51.824711
-176.772003,51.844711
-176.703598,51.847759
-176.776398,51.901661
-176.780304,51.936939
-176.724503,51.957211
-176.549194,51.971931
-176.546097,51.909988
-176.642197,51.857208
-176.426407,51.836380
-176.416702,51.749710
-176.466904,51.719151
-176.488098,51.752769
-176.707504,51.679150
-176.761093,51.622211
-176.798096,51.604160
-176.820908,51.712212
-176.928894,51.585270
# Triangles
1,0,2
2,0,24
24,7,3
3,2,24
3,6,4
4,6,5
12,11,13
3,7,6
24,23,22
21,7,24
7,21,20
7,10,8
20,19,18
7,20,16
17,20,18
10,13,11
8,10,9
13,10,16
17,16,20
16,10,7
15,14,16
16,14,13
21,24,22
