# United States region 37
26 23
# Outer Vertices
-155.660294,18.924721
-155.791397,19.029160
-155.861404,19.036381
-155.900803,19.088329
-155.914703,19.486940
-155.955002,19.563330
-156.050003,19.735830
-156.036697,19.788330
-155.819702,19.990271
-155.816696,20.054720
-155.867493,20.103050
-155.895004,20.171659
-155.881104,20.243330
-155.823303,20.272499
-155.336105,20.059990
-155.088303,19.884439
-155.075607,19.741940
-154.987503,19.745270
-154.930298,19.613050
-154.796402,19.542219
-154.813904,19.480000
-155.005600,19.328880
-155.377197,19.211941
-155.534195,19.111111
-155.588303,18.989719
-155.660294,18.924721
# Triangles
6,5,7
8,7,5
23,4,3
8,4,14
8,5,4
12,11,13
13,11,10
10,9,13
14,9,8
13,9,14
2,1,3
1,25,24
1,24,23
22,21,16
22,4,23
22,16,4
14,16,15
14,4,16
20,19,18
18,17,16
18,16,21
21,20,18
23,3,1
