# United States region 11
23 20
# Outer Vertices
-132.265594,55.918320
-132.425598,55.956100
-132.375595,56.022209
-132.594193,56.081379
-132.625595,56.047771
-132.695908,56.107769
-132.695908,56.179150
-132.694504,56.222210
-132.603394,56.231380
-132.529205,56.331928
-132.390305,56.336102
-132.386993,56.241379
-132.478394,56.189991
-132.396698,56.184719
-132.359497,56.216648
-132.123398,56.127491
-132.090302,56.099152
-132.178604,56.041100
-132.115601,55.955540
-132.127808,55.928322
-132.166702,55.931381
-132.179993,55.966099
-132.265594,55.918320
# Triangles
6,5,3
6,3,8
4,3,5
2,12,3
7,6,8
9,8,12
11,9,12
2,13,12
9,11,10
3,12,8
22,21,17
20,19,18
20,18,21
21,18,17
14,13,2
14,2,17
17,16,15
17,15,14
2,22,17
22,2,1
