# United States region 40
64 61
# Outer Vertices
-134.606705,57.008041
-134.635605,57.209431
-134.623596,57.224991
-134.526093,57.213039
-134.521103,57.236370
-134.578903,57.255550
-134.576706,57.275829
-134.452499,57.312481
-134.554504,57.340820
-134.555801,57.391651
-134.330597,57.328320
-134.336700,57.349991
-134.339798,57.374981
-134.509506,57.431099
-134.572495,57.489712
-134.360794,57.535549
-134.378403,57.549160
-134.562805,57.506100
-134.654404,57.598320
-134.803604,58.044159
-134.726395,58.176102
-134.743896,58.185261
-134.779205,58.105549
-134.912506,58.205269
-134.880005,58.254429
-134.927002,58.253880
-134.972000,58.364159
-134.956696,58.407768
-134.872192,58.362770
-134.697495,58.187210
-134.685898,58.162769
-134.201996,58.163879
-134.169205,58.159710
-134.160904,58.122761
-134.177795,58.083599
-134.003601,57.936100
-133.840302,57.610271
-133.988602,57.743038
-134.007507,57.805271
-134.095001,57.850269
-134.148102,57.963039
-134.303101,58.095268
-134.261703,58.028320
-134.223602,57.969440
-134.312500,57.992771
-134.288895,57.831661
-134.237000,57.858879
-134.043594,57.683601
-134.079193,57.649429
-133.949203,57.628319
-133.840302,57.460541
-134.089798,57.471100
-133.995300,57.408039
-133.910599,57.433319
-133.863297,57.376381
-133.867203,57.348320
-133.946396,57.301102
-134.167007,57.384991
-134.142502,57.300270
-134.076706,57.275539
-134.094696,57.246929
-134.129196,57.260540
-134.147507,57.202492
-134.606705,57.008041
# Triangles
1,3,2
4,6,5
3,1,63
7,6,4
4,3,7
10,7,3
10,3,62
7,9,8
7,10,9
57,12,11
15,14,13
12,57,15
3,63,62
15,13,12
19,30,20
21,24,23
27,26,28
28,26,25
21,28,24
25,24,28
21,23,22
18,17,16
45,18,16
44,19,18
21,20,29
31,30,41
30,29,20
21,29,28
45,16,15
30,19,44
57,11,10
62,61,58
60,59,61
61,59,58
57,10,58
48,15,51
49,48,51
57,52,51
48,45,15
15,57,51
53,52,56
52,57,56
53,56,55
53,55,54
50,49,51
45,44,18
40,34,41
48,46,45
44,43,42
42,41,44
31,34,33
34,31,41
44,41,30
37,36,38
39,38,35
32,31,33
35,40,39
40,35,34
36,35,38
48,47,46
10,62,58
