# United States region 22
24 21
# Outer Vertices
-132.757507,54.670269
-132.796997,54.696098
-132.863907,54.726101
-132.905304,54.836651
-133.025803,54.871101
-133.098602,54.921650
-133.213593,55.089432
-133.118607,55.098049
-133.214203,55.169991
-133.155594,55.193321
-133.197495,55.212769
-133.125305,55.248878
-133.102203,55.245541
-133.065308,55.144428
-132.981400,55.087212
-133.073105,55.100269
-133.033905,55.075260
-133.044998,55.042488
-132.944702,55.016651
-132.898605,54.910549
-132.723099,54.784710
-132.757202,54.739712
-132.667801,54.679150
-132.757507,54.670269
# Triangles
7,6,5
17,15,7
17,5,4
17,7,5
7,15,13
8,7,9
10,9,11
9,12,11
12,9,13
7,13,9
15,17,16
1,23,21
2,1,21
22,21,23
2,21,3
3,21,20
18,17,4
14,13,15
4,19,18
19,4,3
19,3,20
