# United States region 44
32 29
# Outer Vertices
-166.193100,59.754429
-166.284500,59.822491
-166.746902,59.892208
-167.069199,60.015270
-167.114700,59.995819
-167.315903,60.071659
-167.328903,60.127491
-167.450806,60.207489
-166.955002,60.224152
-166.839203,60.204708
-166.792206,60.238041
-166.808105,60.280270
-166.679703,60.324429
-166.582794,60.310822
-166.464798,60.384430
-166.405304,60.372490
-166.396393,60.340820
-166.191406,60.394161
-166.143600,60.380550
-166.109207,60.410259
-166.071701,60.331661
-165.926102,60.317490
-165.880295,60.343601
-165.687195,60.298321
-165.669205,60.042488
-165.553101,59.945271
-165.570908,59.914989
-166.266098,59.837769
-166.116699,59.811378
-166.083298,59.775829
-166.102493,59.758041
-166.193100,59.754429
# Triangles
6,5,4
8,7,6
3,8,6
9,3,2
2,10,9
3,6,4
9,8,3
12,11,10
10,13,12
13,16,14
13,10,2
15,14,16
13,27,16
13,2,1
31,28,27
28,31,30
20,16,27
27,1,31
30,29,28
20,27,21
25,24,26
18,20,19
20,18,17
16,20,17
24,23,21
22,21,23
26,24,27
21,27,24
27,13,1
