# United States region 0
70 67
# Outer Vertices
-135.688095,57.362770
-135.887802,57.428051
-136.010605,57.511929
-135.919693,57.500820
-135.788895,57.431381
-135.805801,57.466648
-136.060898,57.591648
-136.034698,57.611099
-135.953400,57.608879
-136.075302,57.647209
-136.109207,57.614712
-136.141403,57.632210
-136.088593,57.682770
-136.412201,57.815819
-136.376999,57.899712
-136.343597,57.987209
-136.270004,57.969990
-136.389694,58.064709
-136.432297,58.107769
-136.383102,58.135269
-136.270599,58.104710
-136.354507,58.207211
-136.275604,58.218880
-136.153900,58.085541
-136.181702,58.171650
-136.132004,58.221931
-135.965897,58.159988
-135.929993,58.224991
-135.804703,58.276371
-135.737793,58.248600
-135.507202,58.175819
-135.482498,58.155540
-135.603897,58.043880
-135.771698,58.047771
-135.751694,58.022491
-135.630295,58.012760
-135.636993,57.993320
-135.749496,57.976940
-135.610596,57.980259
-135.423096,58.085541
-135.457001,58.118881
-135.399200,58.139431
-134.965302,58.044991
-134.908905,57.995270
-134.905899,57.929150
-134.970001,57.885269
-135.086700,57.906380
-135.197495,57.943600
-135.144699,57.893879
-134.934998,57.811100
-135.052200,57.777760
-135.223404,57.778049
-135.360001,57.797211
-135.352493,57.740551
-135.216705,57.698318
-134.963303,57.761101
-134.915298,57.753319
-134.811096,57.486099
-134.988297,57.450550
-135.542206,57.657211
-135.730606,57.747761
-135.813904,57.762211
-135.703094,57.674160
-135.803894,57.645260
-135.646698,57.619991
-135.565598,57.584709
-135.656693,57.551380
-135.581406,57.553051
-135.552505,57.534161
-135.688095,57.362770
# Triangles
11,10,9
11,9,12
14,13,12
23,16,12
12,16,14
14,16,15
1,4,3
1,3,2
63,5,66
1,69,4
5,63,8
8,6,5
8,63,61
37,61,60
61,12,8
6,8,7
12,9,8
63,62,61
23,12,61
19,18,17
19,17,20
21,20,22
23,22,20
16,20,17
26,37,33
26,23,61
37,34,33
16,23,20
29,33,32
26,25,23
33,28,27
27,26,33
29,28,33
34,37,36
23,25,24
37,26,61
66,5,4
64,63,66
66,69,68
68,67,66
64,66,65
4,69,66
59,58,54
58,55,54
54,53,59
56,58,57
52,59,53
58,56,55
51,50,48
60,59,38
35,34,36
32,30,29
30,32,31
40,39,41
41,39,47
38,52,39
51,47,52
51,48,47
48,50,49
47,46,42
45,43,42
42,46,45
44,43,45
47,42,41
52,47,39
59,52,38
37,60,38
