# United States region 20
26 23
# Outer Vertices
-160.204498,54.872211
-160.225601,54.875271
-160.246902,54.919159
-160.099701,55.029148
-160.091400,55.043598
-160.171402,55.054710
-160.118607,55.068321
-160.194199,55.112209
-160.105804,55.156101
-160.013306,55.104431
-160.026093,55.151932
-160.062500,55.188881
-160.038605,55.199162
-159.960800,55.161652
-159.949493,55.247211
-159.871704,55.278049
-159.856400,55.242771
-159.908600,55.187771
-159.911407,55.148041
-159.832199,55.183041
-159.839401,55.136929
-159.883606,55.097210
-159.976395,55.101650
-159.947205,55.073601
-160.168304,54.934990
-160.204498,54.872211
# Triangles
2,1,25
2,25,24
23,3,24
4,3,23
3,2,24
5,4,6
7,6,8
6,9,8
11,10,12
4,9,6
9,23,22
23,9,4
10,9,22
18,21,20
18,22,21
20,19,18
13,22,18
13,10,22
14,13,17
13,12,10
17,13,18
15,14,16
16,14,17
