# United States region 39
1934 1931
# Outer Vertices
-76.434723,44.104710
-76.053329,44.346649
-75.879990,44.393318
-75.781738,44.475750
-75.485001,44.724701
-75.125267,44.920269
-74.850281,45.016651
-74.678047,45.007061
-73.694717,45.004711
-73.355453,45.009708
-73.335251,45.010021
-73.206161,45.011921
-73.090408,45.013630
-72.698334,45.019428
-71.708344,45.020260
-71.495003,45.020901
-71.496658,45.068878
-71.398643,45.199421
-71.440567,45.238590
-71.303047,45.303040
-71.170273,45.253880
-71.010567,45.355259
-70.955017,45.353870
-70.886124,45.238041
-70.825562,45.316662
-70.824173,45.416088
-70.769173,45.436649
-70.668877,45.391930
-70.639999,45.404980
-70.634171,45.428322
-70.718887,45.485821
-70.696663,45.565262
-70.466667,45.711929
-70.416946,45.718319
-70.388901,45.752769
-70.411392,45.804428
-70.246109,45.940819
-70.248627,45.964710
-70.309723,45.980808
-70.254028,46.122910
-70.234444,46.150822
-70.287216,46.197762
-70.139183,46.375820
-70.051147,46.439171
-70.009193,46.698040
-69.435272,47.271648
-69.232483,47.470890
-69.055557,47.438591
-69.047501,47.269711
-68.888443,47.188030
-68.504463,47.304150
-68.405006,47.293598
-68.368057,47.351101
-68.323334,47.365822
-68.118622,47.289711
-67.792862,47.070679
-67.779739,46.342480
-67.757233,45.833321
-67.790939,45.760529
-67.804443,45.731369
-67.796967,45.696091
-67.539200,45.608501
-67.483200,45.601662
-67.424042,45.594440
-67.410828,45.529980
-67.482788,45.500271
-67.450302,45.317490
-67.465012,45.281101
-67.359451,45.160542
-67.319168,45.148602
-67.281387,45.196930
-67.200760,45.192150
-67.034729,44.984989
-67.065842,44.941662
-67.106400,44.963871
-67.108337,44.915821
-67.195007,44.928322
-67.143623,44.835270
-67.092216,44.904148
-67.057510,44.836651
-67.039726,44.886379
-66.968903,44.831100
-67.186951,44.661930
-67.320282,44.671379
-67.297791,44.719440
-67.381958,44.715820
-67.396118,44.620541
-67.435562,44.680271
-67.433060,44.624981
-67.523064,44.634708
-67.545288,44.668049
-67.560837,44.554710
-67.628067,44.541100
-67.644737,44.581928
-67.732224,44.518600
-67.735001,44.612770
-67.781403,44.543880
-67.773071,44.594711
-67.866669,44.558880
-67.839737,44.498600
-67.884453,44.496101
-67.893890,44.416660
-67.916946,44.439991
-67.953339,44.437481
-67.956390,44.509991
-68.018066,44.486931
-67.964737,44.414989
-68.052551,44.345909
-68.136948,44.512772
-68.170563,44.475269
-68.184448,44.538879
-68.204727,44.534988
-68.213898,44.481098
-68.284180,44.522209
-68.265007,44.469990
-68.379730,44.444149
-68.418060,44.412769
-68.414169,44.498878
-68.471390,44.506378
-68.450562,44.403599
-68.559448,44.426380
-68.508621,44.258320
-68.529449,44.249439
-68.741669,44.359150
-68.811401,44.328320
-68.787231,44.389149
-68.691963,44.418880
-68.713058,44.457489
-68.799728,44.406380
-68.804733,44.441929
-68.729446,44.560551
-68.788910,44.580818
-68.803070,44.483879
-68.843903,44.484440
-68.980560,44.442760
-68.930283,44.351379
-69.082779,44.131649
-69.089447,44.098320
-69.063606,44.068878
-69.248611,43.938042
-69.237228,43.988880
-69.220291,44.026661
-69.352509,43.984711
-69.340561,44.070271
-69.397781,44.043049
-69.497787,43.851940
-69.527786,43.909988
-69.559723,43.948318
-69.583069,43.933319
-69.601959,43.852489
-69.672234,43.876099
-69.606949,44.034988
-69.630569,44.038319
-69.748901,43.912769
-69.698624,43.851650
-69.725853,43.780270
-69.753616,43.770821
-69.800003,43.996658
-69.759743,44.069988
-69.807510,44.051102
-69.871399,44.000820
-69.849167,43.972500
-69.817497,43.987492
-69.775284,43.751099
-69.831390,43.714161
-69.870293,43.854431
-69.878067,43.808601
-69.978897,43.740261
-69.915283,43.859711
-69.968063,43.805820
-69.994743,43.756649
-70.007233,43.775269
-69.943619,43.859711
-70.085861,43.829990
-70.227226,43.719151
-70.235291,43.668880
-70.189453,43.580818
-70.325844,43.563881
-70.366669,43.499710
-70.353897,43.461651
-70.375839,43.409161
-70.523064,43.350819
-70.583069,43.273602
-70.615280,43.156651
-70.667511,43.083881
-70.722229,43.123878
-70.751106,43.058319
-70.703903,43.060551
-70.860573,42.821659
-70.793060,42.781101
-70.763062,42.711380
-70.755280,42.659431
-70.669167,42.630821
-70.637787,42.683880
-70.580292,42.662769
-70.626106,42.597210
-70.658623,42.613602
-70.760277,42.566101
-70.868622,42.541931
-70.835281,42.502769
-70.956390,42.446381
-70.963623,42.374722
-71.043327,42.369991
-71.037231,42.301380
-70.889183,42.246658
-70.861954,42.265541
-70.904716,42.304150
-70.759743,42.247211
-70.587784,42.014431
-70.629730,42.004429
-70.639450,42.053879
-70.694458,42.014149
-70.617783,41.954430
-70.531403,41.932770
-70.535278,41.815819
-70.457497,41.757210
-70.293617,41.708881
-70.021667,41.789989
-69.988892,41.836391
-70.025848,41.933880
-70.063057,41.888599
-70.086403,42.008598
-70.128067,42.058041
-70.170288,42.058319
-70.184174,42.022770
-70.246399,42.064430
-70.232788,42.088600
-70.144180,42.087490
-70.039459,42.028599
-69.934723,41.856659
-69.936279,41.827831
-69.942780,41.678322
-70.457497,41.586651
-70.656403,41.526661
-70.648071,41.721100
-70.710564,41.746101
-70.765556,41.646931
-70.850571,41.630821
-70.851959,41.586651
-70.899727,41.639149
-70.985573,41.523041
-71.041397,41.497761
-71.093903,41.542210
-71.186111,41.466648
-71.207230,41.632210
-71.111397,41.794991
-71.295288,41.658329
-71.295288,41.710819
-71.385277,41.808880
-71.391953,41.740551
-71.364464,41.712769
-71.385277,41.673321
-71.421951,41.692760
-71.426392,41.670818
-71.414459,41.599430
-71.424454,41.517769
-71.481400,41.374710
-72.045288,41.329430
-72.085564,41.351101
-72.109734,41.305271
-72.308899,41.286098
-72.374184,41.363319
-72.366119,41.340549
-72.350014,41.284161
-72.878067,41.249710
-72.905289,41.302212
-73.104446,41.166660
-73.392227,41.092770
-73.741959,40.931099
-73.799454,40.823318
-73.921768,40.812061
-73.991783,40.730381
-73.996674,40.756378
-73.891953,40.943600
-73.872223,41.151100
-73.943893,41.302212
-73.980827,41.279991
-73.970291,41.215549
-73.915558,41.165539
-73.904167,40.959431
-74.082497,40.674160
-74.111954,40.715260
-74.281540,40.574810
-74.256439,40.509930
-74.269180,40.474709
-74.194458,40.435822
-74.121674,40.446659
-73.981117,40.398880
-73.956680,40.400829
-74.015007,40.132488
-74.045013,40.054710
-74.133621,39.931381
-74.091949,39.919159
-74.178070,39.760269
-74.148903,39.708881
-74.316963,39.565819
-74.288071,39.512489
-74.405289,39.551929
-74.392227,39.443878
-74.430283,39.458321
-74.470291,39.396931
-74.431122,39.393600
-74.413887,39.360538
-74.523064,39.308041
-74.484451,39.362492
-74.549454,39.338039
-74.567497,39.305820
-74.644447,39.304989
-74.628067,39.283329
-74.546677,39.286652
-74.738342,39.115822
-74.710854,39.090549
-74.876404,38.938320
-74.948898,38.923038
-74.958893,38.980820
-74.883904,39.131939
-74.892792,39.167759
-74.930008,39.191662
-75.135559,39.181099
-75.329727,39.339432
-75.413071,39.376099
-75.531677,39.494709
-75.510834,39.558880
-75.557510,39.618038
-75.333618,39.794979
-75.106949,39.897491
-75.120293,39.943050
-75.133904,39.945820
-75.136124,39.904709
-75.452507,39.792488
-75.603897,39.606098
-75.547501,39.556381
-75.578339,39.475269
-75.398903,39.254990
-75.390007,39.079990
-75.188606,38.816662
-75.077217,38.796650
-75.071121,38.669430
-75.088058,38.699162
-75.140007,38.694988
-75.095573,38.631649
-75.204727,38.566662
-75.064728,38.616650
-75.041397,38.452209
-75.060013,38.415272
-75.068336,38.456379
-75.114731,38.441380
-75.095840,38.404148
-75.130836,38.379162
-75.092789,38.336102
-75.158340,38.237770
-75.195557,38.223598
-75.190567,38.260540
-75.275558,38.138882
-75.428337,37.931099
-75.613892,37.578880
-75.591667,37.563881
-75.659729,37.495541
-75.702507,37.554989
-75.738892,37.527210
-75.696404,37.506649
-75.783340,37.479431
-75.869171,37.216648
-75.861389,37.175541
-75.893890,37.171650
-75.961937,37.152489
-76.018341,37.267208
-75.956390,37.492771
-75.881958,37.649712
-75.771957,37.761662
-75.797234,37.795551
-75.664169,37.839432
-75.695007,37.910549
-75.731949,37.917210
-75.636124,37.949711
-75.684448,37.977772
-75.782501,37.971661
-75.850281,37.927212
-75.882233,37.953320
-75.805557,38.048038
-75.745560,38.096371
-75.774170,38.094990
-75.845840,38.083599
-75.817230,38.135269
-75.890007,38.152210
-75.927513,38.121658
-75.940002,38.153049
-75.926964,38.196659
-75.821671,38.226101
-75.896118,38.250271
-75.849167,38.380550
-75.952507,38.269989
-75.999733,38.320820
-75.960564,38.333321
-75.962784,38.371101
-76.033340,38.314159
-76.021957,38.243881
-76.043327,38.228321
-76.208893,38.386379
-76.223068,38.386929
-76.212784,38.314709
-76.325287,38.483318
-76.291946,38.500820
-76.271118,38.456661
-76.166397,38.564430
-76.203339,38.580818
-76.263062,38.549709
-76.286957,38.574711
-76.165009,38.630821
-76.056953,38.575821
-75.977509,38.591648
-75.956680,38.648602
-76.013062,38.603600
-76.092506,38.629162
-76.148064,38.648602
-76.164726,38.721371
-76.198898,38.682491
-76.226387,38.718601
-76.214447,38.768318
-76.268066,38.721371
-76.272232,38.771931
-76.304169,38.753040
-76.310287,38.684711
-76.343613,38.684711
-76.301117,38.818321
-76.256958,38.843880
-76.167511,38.763882
-76.107788,38.790821
-76.164726,38.787491
-76.176392,38.837490
-76.152237,38.894989
-76.192230,38.900829
-76.216949,38.963329
-76.326134,38.915821
-76.310287,38.877769
-76.356400,38.851650
-76.342216,38.958321
-76.305557,39.027489
-76.235291,38.982208
-76.150009,39.021648
-76.133621,39.078880
-76.062233,39.142769
-76.186401,39.112209
-76.196121,39.037769
-76.224167,39.038319
-76.261398,39.150829
-76.166397,39.319710
-75.984734,39.367489
-75.847778,39.381378
-76.012512,39.413601
-75.918327,39.474709
-75.843613,39.456928
-75.896118,39.501099
-75.838348,39.557770
-75.841667,39.581100
-75.987793,39.469151
-75.989182,39.497761
-75.936401,39.601650
-76.079727,39.556099
-76.120010,39.489712
-76.059448,39.461651
-76.180557,39.375820
-76.214737,39.364990
-76.230011,39.396648
-76.214737,39.466648
-76.246674,39.457211
-76.268066,39.378880
-76.243057,39.345829
-76.281952,39.309990
-76.301117,39.388599
-76.338058,39.403599
-76.399727,39.388599
-76.333618,39.364159
-76.363068,39.306660
-76.416672,39.325550
-76.430557,39.306931
-76.414169,39.256939
-76.472778,39.304710
-76.451683,39.258598
-76.386673,39.227772
-76.470291,39.212212
-76.596390,39.260540
-76.433327,39.076099
-76.515007,39.098881
-76.499733,39.074429
-76.410278,39.041370
-76.392502,39.010818
-76.452217,38.989429
-76.555283,39.074429
-76.553337,39.037769
-76.446953,38.945541
-76.452507,38.913052
-76.528343,38.962769
-76.526398,38.928051
-76.496399,38.885540
-76.536118,38.838871
-76.487228,38.843319
-76.486389,38.819149
-76.539459,38.732769
-76.505280,38.635818
-76.504997,38.531101
-76.382233,38.389431
-76.380280,38.356930
-76.416122,38.334991
-76.631958,38.483601
-76.677231,38.675270
-76.666397,38.480549
-76.581947,38.395550
-76.370827,38.300270
-76.393341,38.243599
-76.317497,38.153049
-76.317497,38.047771
-76.416122,38.113319
-76.425568,38.188320
-76.450844,38.177212
-76.460564,38.134708
-76.568069,38.209709
-76.629997,38.239429
-76.767227,38.239159
-76.807243,38.289711
-76.823898,38.368599
-76.882782,38.391930
-76.832497,38.291100
-76.852226,38.269711
-76.968903,38.356380
-77.022507,38.480820
-77.075562,38.415821
-77.096390,38.418598
-77.190567,38.365551
-77.244743,38.398319
-77.250290,38.518318
-77.059448,38.696381
-77.021667,38.700550
-77.033623,38.884708
-77.057510,38.717209
-77.150558,38.668049
-77.192497,38.627209
-77.199173,38.658329
-77.226959,38.659988
-77.331680,38.434158
-77.283340,38.361370
-77.247467,38.331799
-77.023621,38.399151
-76.998611,38.357208
-77.046402,38.317211
-76.955292,38.258598
-76.949173,38.204151
-76.557510,38.093319
-76.519997,38.062210
-76.530006,38.020821
-76.290848,37.934990
-76.228348,37.886101
-76.248901,37.823601
-76.321404,37.850552
-76.316963,37.679150
-76.305847,37.626659
-76.413071,37.645821
-76.468903,37.703041
-76.490837,37.655540
-76.565842,37.743038
-76.641953,37.809711
-76.881958,38.002209
-76.960854,38.105549
-77.064178,38.146931
-76.811401,37.903881
-76.549454,37.644428
-76.288071,37.568321
-76.353897,37.546379
-76.398903,37.534161
-76.307793,37.488041
-76.289726,37.524429
-76.245293,37.495270
-76.275848,37.462212
-76.236679,37.429710
-76.263634,37.313049
-76.412231,37.409988
-76.444458,37.379162
-76.371399,37.290821
-76.381393,37.273880
-76.479446,37.268318
-76.702789,37.451099
-76.777237,37.529430
-76.798073,37.506649
-76.589737,37.294991
-76.457497,37.226101
-76.377502,37.233318
-76.378067,37.167488
-76.296951,37.142769
-76.339737,37.097488
-76.275558,37.105549
-76.287231,37.009708
-76.412514,36.966099
-76.654449,37.224152
-76.832497,37.243599
-76.860573,37.315819
-76.908073,37.238041
-76.938606,37.244709
-76.992783,37.314709
-77.228897,37.323040
-77.246948,37.343319
-77.278061,37.318600
-77.176682,37.285820
-77.004997,37.289711
-76.916397,37.210270
-76.793617,37.202492
-76.727226,37.147491
-76.676117,37.191380
-76.580292,37.001381
-76.480293,36.961102
-76.523064,36.863041
-76.445557,36.885540
-76.344177,36.890541
-76.319458,36.883320
-76.315842,36.945271
-76.114182,36.921379
-75.976387,36.891380
-75.850128,36.545849
-75.731949,36.164440
-75.523064,35.789989
-75.586403,35.846931
-75.662231,35.977489
-75.707779,36.011662
-75.676964,36.032490
-75.726959,36.057209
-75.841400,36.418880
-75.930283,36.706379
-75.952507,36.714432
-75.978058,36.576382
-75.959732,36.538879
-75.913887,36.574429
-75.899437,36.488602
-75.996948,36.531101
-76.038887,36.520550
-75.946404,36.382771
-75.930557,36.428879
-75.783890,36.080269
-75.791397,36.069149
-75.851959,36.108318
-75.962784,36.304150
-75.961121,36.202492
-75.936111,36.167210
-76.082230,36.238041
-76.190002,36.318878
-76.224731,36.293598
-76.058327,36.164150
-76.129997,36.126099
-76.180008,36.124981
-76.283073,36.210541
-76.251678,36.161652
-76.195557,36.105820
-76.218903,36.093040
-76.458618,36.203320
-76.382782,36.123600
-76.329727,36.088871
-76.497787,36.008320
-76.591133,36.014431
-76.710854,36.114159
-76.724731,36.188599
-76.670837,36.283600
-76.728897,36.317760
-76.698624,36.279991
-76.756958,36.209709
-76.732513,36.065819
-76.684723,36.003880
-76.729736,35.939159
-76.315567,35.929989
-76.180847,35.994709
-76.071121,35.991940
-76.023621,35.958321
-76.069458,35.924709
-76.019730,35.926659
-76.059723,35.834991
-76.053619,35.783039
-76.039169,35.685261
-76.138733,35.697159
-76.100571,35.659161
-76.031113,35.649712
-75.988892,35.770260
-75.986389,35.886662
-75.934448,35.922211
-75.838058,35.921940
-75.854736,35.971100
-75.791672,35.927212
-75.721680,35.818321
-75.721123,35.690269
-75.769180,35.700260
-75.782791,35.579990
-75.854172,35.583050
-75.884171,35.631378
-76.025848,35.416931
-76.061951,35.437771
-76.143890,35.338600
-76.287231,35.350552
-76.355293,35.412209
-76.354736,35.338329
-76.420837,35.366650
-76.378342,35.371380
-76.400848,35.455269
-76.422791,35.438042
-76.458618,35.372211
-76.522781,35.404148
-76.573334,35.507771
-76.479172,35.533600
-76.644180,35.519161
-76.594727,35.441101
-76.581680,35.393040
-76.635277,35.398880
-76.698624,35.429989
-76.920288,35.463039
-77.051117,35.530270
-76.978348,35.437481
-76.868057,35.427212
-76.533623,35.304710
-76.471947,35.275829
-76.488342,35.222210
-76.561684,35.236660
-76.620010,35.188042
-76.671951,35.168880
-76.567497,35.168880
-76.551392,35.143879
-76.650009,35.046650
-76.778343,34.981930
-76.850571,34.991650
-77.064178,35.153049
-77.049454,35.125542
-76.947777,34.980259
-76.753067,34.905270
-76.636673,34.982208
-76.545288,34.925541
-76.570007,34.981380
-76.533340,35.004711
-76.485840,34.970539
-76.464447,35.067760
-76.442497,35.061939
-76.421951,34.981930
-76.466949,34.955269
-76.458618,34.933880
-76.327507,34.968040
-76.353348,35.023319
-76.275848,34.969990
-76.296112,34.933601
-76.338623,34.936100
-76.333344,34.890541
-76.499733,34.773041
-76.498901,34.736370
-76.569458,34.728870
-76.606117,34.815269
-76.623337,34.710541
-76.658340,34.752769
-76.684448,34.799431
-76.759453,34.749989
-76.725571,34.759430
-76.699448,34.723049
-77.092216,34.675270
-77.124451,34.723881
-77.134171,34.682209
-77.314178,34.557491
-77.394180,34.584991
-77.330002,34.639709
-77.433197,34.751308
-77.373901,34.636662
-77.390839,34.611931
-77.440567,34.618881
-77.440567,34.592770
-77.370560,34.523602
-77.636673,34.398041
-77.844452,34.179150
-77.950844,33.997490
-78.013634,33.891930
-78.466400,33.895260
-78.775284,33.761662
-78.996948,33.573051
-79.140007,33.411930
-79.182510,33.214989
-79.269447,33.310822
-79.187500,33.434719
-79.271393,33.373322
-79.293900,33.280270
-79.188606,33.174160
-79.342033,33.151081
-79.289459,33.126381
-79.361679,33.064709
-79.386398,33.007771
-79.526123,33.035549
-79.594452,32.996109
-79.613617,32.918320
-79.736954,32.800282
-79.849731,32.757771
-79.900284,32.790539
-79.924179,32.848598
-79.970573,32.791939
-79.885559,32.728600
-79.870293,32.704990
-79.950562,32.643318
-80.024727,32.638882
-79.987793,32.618328
-80.167793,32.558319
-80.242783,32.532490
-80.326401,32.480259
-80.361679,32.526932
-80.384171,32.478600
-80.485001,32.501659
-80.543617,32.557209
-80.533890,32.516651
-80.678337,32.498878
-80.519447,32.490261
-80.509171,32.464161
-80.455566,32.422489
-80.467216,32.379162
-80.428337,32.405819
-80.459457,32.323318
-80.631668,32.256390
-80.641403,32.341099
-80.664459,32.388321
-80.648064,32.453320
-80.676392,32.426102
-80.663353,32.305271
-80.706947,32.316929
-80.796951,32.456661
-80.777237,32.492210
-80.837784,32.538879
-80.833618,32.506939
-80.773354,32.296940
-80.671677,32.228321
-80.718903,32.158329
-80.819733,32.101940
-80.787781,32.216381
-80.894730,32.055538
-80.857513,32.019711
-80.852783,31.976379
-80.904716,31.949711
-80.940292,31.975269
-80.966667,31.929159
-80.925568,31.904440
-80.982788,31.859159
-81.122787,31.869720
-81.047501,31.807220
-81.121948,31.728609
-81.268623,31.771111
-81.242783,31.741381
-81.189453,31.703880
-81.235573,31.662220
-81.129463,31.698610
-81.138062,31.608601
-81.169724,31.563049
-81.198059,31.623600
-81.224731,31.564720
-81.322243,31.558880
-81.297234,31.527491
-81.291122,31.490829
-81.184448,31.538879
-81.198898,31.482771
-81.267227,31.384159
-81.329727,31.436661
-81.303619,31.379160
-81.273903,31.341940
-81.289726,31.323050
-81.490914,31.362280
-81.280289,31.283600
-81.267227,31.259720
-81.385277,31.138880
-81.421677,31.144440
-81.408340,31.205549
-81.444733,31.208879
-81.496948,31.125549
-81.434723,31.072491
-81.401947,31.113609
-81.421677,31.024160
-81.506958,31.092489
-81.448624,31.014160
-81.517227,30.978880
-81.454727,30.965549
-81.515289,30.818050
-81.506119,30.710270
-81.438606,30.696659
-81.435837,30.529160
-81.464172,30.549999
-81.475281,30.614161
-81.495293,30.615271
-81.503342,30.551109
-81.413887,30.469440
-81.318336,30.028330
-81.182243,29.609440
-80.981117,29.195271
-80.761948,28.840269
-80.557243,28.534161
-80.529716,28.456659
-80.597229,28.402220
-80.560944,28.158630
-80.447510,27.864441
-80.581390,28.087219
-80.620293,28.305830
-80.616493,28.540079
-80.637451,28.586201
-80.745010,28.600281
-80.784729,28.640551
-80.742783,28.715269
-80.840012,28.788330
-80.759171,28.425550
-80.576683,28.034439
-80.371948,27.632219
-80.217789,27.225269
-80.260834,27.209440
-80.117508,27.068050
-80.073624,26.949169
-80.032227,26.579439
-80.106667,26.112770
-80.128891,25.901939
-80.176392,25.851669
-80.190002,25.745001
-80.303337,25.619440
-80.338058,25.403330
-80.315567,25.371670
-80.426117,25.241100
-80.399338,25.185659
-80.473343,25.215549
-80.501106,25.198330
-80.558899,25.241390
-80.716949,25.135550
-80.857788,25.179440
-81.088058,25.115549
-81.176392,25.228609
-81.132507,25.329161
-81.003342,25.211109
-80.946671,25.211941
-80.918617,25.231380
-80.977226,25.316940
-81.137512,25.378330
-81.275284,25.695829
-81.348618,25.746111
-81.322243,25.776110
-81.378891,25.836660
-81.621948,25.942490
-81.722229,25.901661
-81.736954,25.959440
-81.688606,25.939720
-81.664459,25.976110
-81.712784,25.974991
-81.805283,26.113050
-81.881760,26.446859
-82.009743,26.476940
-81.960564,26.517771
-81.903061,26.565550
-81.838348,26.675091
-81.916397,26.627220
-81.946671,26.542219
-82.059448,26.540001
-82.098068,26.897221
-82.059723,26.957500
-82.153900,26.920830
-82.264717,26.999720
-82.168327,26.883329
-82.161118,26.814440
-82.288620,26.828329
-82.458618,27.093880
-82.567230,27.379440
-82.662514,27.453051
-82.691391,27.445829
-82.732788,27.526661
-82.668900,27.513330
-82.593613,27.524441
-82.547501,27.640551
-82.392227,27.809719
-82.420288,27.912769
-82.449173,27.933050
-82.484734,27.903330
-82.478622,27.820000
-82.530563,27.825830
-82.532227,27.933050
-82.687790,28.032221
-82.691116,27.969160
-82.719177,27.928049
-82.561111,27.886379
-82.684448,27.719440
-82.805008,27.801109
-82.855560,27.861380
-82.769180,28.105270
-82.794724,28.181660
-82.704178,28.360270
-82.640839,28.577221
-82.631393,28.885000
-82.716667,28.942490
-82.800293,29.170830
-83.005280,29.164440
-83.068069,29.206381
-83.076401,29.259439
-83.154167,29.301109
-83.216667,29.415550
-83.394730,29.520830
-83.396118,29.650270
-83.576401,29.758051
-83.626106,29.869440
-83.855827,30.006941
-84.112228,30.091660
-84.329453,30.070829
-84.373901,29.995270
-84.416397,29.979160
-84.376106,29.953890
-84.333893,29.940269
-84.343903,29.896379
-84.509171,29.915279
-84.877502,29.725830
-84.870827,29.768049
-84.865837,29.803600
-85.014450,29.704439
-85.202507,29.699989
-85.354172,29.676661
-85.400558,29.751659
-85.411957,29.847219
-85.359451,29.693331
-85.314178,29.695000
-85.304733,29.802780
-85.399727,29.928881
-85.633621,30.089991
-85.656952,30.132771
-85.452217,30.015270
-85.393890,30.037769
-85.428070,30.070829
-85.460007,30.035000
-85.482513,30.048330
-85.495010,30.136101
-85.641678,30.140270
-85.721123,30.186939
-85.609734,30.279989
-85.736954,30.280550
-85.833344,30.291109
-85.848068,30.250000
-85.833618,30.226669
-85.762512,30.240829
-85.722778,30.130270
-86.206123,30.339439
-86.354736,30.394440
-86.249184,30.433050
-86.108063,30.375000
-86.120293,30.421671
-86.256958,30.495001
-86.410568,30.457491
-86.428070,30.499720
-86.453056,30.511940
-86.486389,30.520830
-86.485001,30.476940
-86.591400,30.415831
-87.168327,30.359159
-87.121948,30.393049
-86.892502,30.435829
-86.906403,30.459721
-87.010559,30.503880
-86.995560,30.545830
-86.996948,30.584721
-87.040009,30.544161
-87.071671,30.450830
-87.099167,30.450830
-87.099731,30.521379
-87.158340,30.579439
-87.181396,30.578609
-87.153343,30.483330
-87.204453,30.413891
-87.306671,30.321390
-87.485001,30.304440
-87.422234,30.333879
-87.410568,30.395000
-87.341667,30.429159
-87.353348,30.456100
-87.421402,30.481380
-87.394180,30.444160
-87.517227,30.326941
-87.580002,30.314720
-87.568893,30.279440
-87.843903,30.232220
-87.783340,30.260830
-87.757233,30.279989
-87.825287,30.410549
-87.849731,30.376659
-87.910278,30.410271
-87.942497,30.483879
-87.910568,30.578609
-87.967506,30.676661
-88.035278,30.694441
-88.129997,30.318331
-88.338348,30.403610
-88.406113,30.385830
-88.449173,30.322769
-88.562790,30.347771
-88.593903,30.392500
-88.684174,30.348049
-88.778061,30.372219
-88.857224,30.404440
-89.251106,30.317490
-89.298889,30.372490
-89.347504,30.361380
-89.324722,30.299721
-89.430557,30.217489
-89.488617,30.183611
-89.710281,30.176390
-89.946953,30.264160
-90.057793,30.356939
-90.199173,30.389160
-90.303886,30.302679
-90.420013,30.198330
-90.426682,30.129709
-90.366119,30.070000
-90.070007,30.031660
-89.973618,30.059441
-89.859734,30.154440
-89.793617,30.091940
-89.752502,30.113609
-89.659729,30.153049
-89.681122,30.076380
-89.826683,30.034161
-89.843903,30.008890
-89.819458,29.945000
-89.709732,29.956940
-89.729446,29.925550
-89.692230,29.882771
-89.623901,29.872780
-89.568336,29.955830
-89.571671,29.995550
-89.479736,30.076389
-89.365280,30.052219
-89.394447,30.026939
-89.438606,30.016661
-89.444168,29.964720
-89.375839,29.971109
-89.372223,29.933331
-89.416672,29.903330
-89.365837,29.912781
-89.344177,29.855270
-89.376106,29.826660
-89.347504,29.790001
-89.421951,29.786110
-89.470840,29.832491
-89.598068,29.731380
-89.597504,29.689720
-89.510834,29.661381
-89.610840,29.663330
-89.696671,29.706100
-89.615837,29.618891
-89.726959,29.600550
-89.606400,29.495831
-89.520279,29.465269
-89.545288,29.397770
-89.280006,29.353880
-89.249451,29.310551
-89.174454,29.319160
-89.111679,29.257219
-89.098892,29.213051
-89.011673,29.180830
-89.049454,29.162500
-89.051392,29.089720
-89.144997,29.046101
-89.132782,28.984440
-89.238617,29.103889
-89.410278,28.926941
-89.295288,29.127501
-89.359177,29.084721
-89.399437,29.096390
-89.460564,29.253889
-89.505836,29.253599
-89.599167,29.247219
-89.636124,29.295830
-89.618622,29.329439
-89.811401,29.319441
-89.753342,29.354719
-89.771393,29.413330
-89.829453,29.426380
-89.813339,29.468880
-89.950287,29.459721
-90.178337,29.572491
-90.201950,29.534719
-90.137787,29.469440
-90.059174,29.460831
-90.025848,29.425280
-90.055283,29.401661
-90.017227,29.297770
-90.093903,29.284161
-90.083069,29.221109
-90.087784,29.165550
-90.236954,29.090549
-90.297501,29.252220
-90.345291,29.309170
-90.392792,29.242220
-90.424454,29.351940
-90.519180,29.291389
-90.597778,29.306391
-90.638901,29.139999
-90.658340,29.163050
-90.749733,29.110830
-90.803619,29.129160
-90.774437,29.161940
-90.886948,29.136379
-90.996948,29.218889
-91.194733,29.226940
-91.273064,29.252769
-91.337784,29.334440
-91.317497,29.313610
-91.227783,29.378050
-91.195282,29.320829
-91.164169,29.334999
-91.154449,29.250549
-91.118057,29.260830
-91.115837,29.330271
-91.261673,29.452770
-91.254463,29.539160
-91.215561,29.568331
-91.222504,29.602770
-91.252228,29.611380
-91.281677,29.509439
-91.298889,29.483330
-91.417236,29.557770
-91.545288,29.528879
-91.558327,29.635550
-91.644180,29.631941
-91.625557,29.732500
-91.753067,29.750549
-91.855560,29.710550
-91.879997,29.760830
-91.858902,29.801941
-91.846680,29.828609
-92.023064,29.790831
-92.197510,29.761940
-92.172501,29.689989
-92.107788,29.710550
-92.140007,29.679159
-92.100281,29.620550
-92.032791,29.636940
-92.055557,29.586941
-92.534180,29.571939
-92.813606,29.643890
-93.099731,29.758051
-93.293060,29.786659
-93.832497,29.704439
-93.886612,29.745819
-93.901672,29.806660
-93.784180,29.883329
-93.763062,29.967489
-93.787781,29.994440
-93.855827,29.983061
-93.958893,29.819719
-93.853897,29.690550
-93.902237,29.674440
-94.036667,29.679159
-94.551682,29.485279
-94.726959,29.432779
-94.575012,29.528610
-94.503067,29.516670
-94.475853,29.561390
-94.783340,29.549721
-94.724731,29.625271
-94.708618,29.750549
-94.753616,29.787769
-94.837509,29.752501
-94.879997,29.674160
-94.926682,29.656940
-95.040848,29.717220
-94.983902,29.596939
-95.021118,29.556110
-95.003067,29.522770
-94.921112,29.502489
-94.948624,29.424721
-94.823624,29.372499
-94.892227,29.373051
-94.902786,29.314440
-95.011948,29.250549
-95.089447,29.180550
-95.166122,29.206659
-95.140556,29.061380
-95.488892,28.830549
-95.715286,28.734440
-95.925293,28.695829
-95.954727,28.631941
-95.916397,28.630550
-95.994171,28.605270
-95.980560,28.636379
-96.016678,28.646660
-96.186111,28.601940
-96.185562,28.692209
-96.265007,28.686110
-96.349731,28.627501
-96.438606,28.760281
-96.428619,28.708050
-96.370010,28.623329
-96.436111,28.599440
-96.448624,28.634439
-96.544449,28.642220
-96.580292,28.714439
-96.649727,28.722771
-96.597778,28.565281
-96.519997,28.553329
-96.490280,28.509439
-96.551392,28.486111
-96.527237,28.465269
-96.484734,28.493610
-96.408890,28.460550
-96.398354,28.436110
-96.650848,28.316111
-96.697510,28.331940
-96.786957,28.473881
-96.799728,28.474991
-96.763062,28.408600
-96.777237,28.396379
-96.837784,28.423050
-96.844452,28.401939
-96.781403,28.346109
-96.780289,28.233879
-96.882782,28.140270
-96.934448,28.154160
-96.906403,28.253330
-96.953613,28.218050
-96.965012,28.131660
-97.021393,28.136669
-97.000557,28.187771
-97.059448,28.174160
-97.208618,28.087219
-97.148903,28.002769
-97.037231,28.113609
-97.022781,28.039440
-97.216667,27.828329
-97.247223,27.873329
-97.492783,27.878050
-97.497223,27.844999
-97.415558,27.828609
-97.325562,27.719999
-97.254730,27.701660
-97.424454,27.323601
-97.517502,27.276100
-97.515007,27.298880
-97.456680,27.337500
-97.488068,27.396391
-97.602783,27.296110
-97.657227,27.348610
-97.764183,27.463610
-97.711937,27.321939
-97.667511,27.315550
-97.672234,27.294170
-97.639450,27.254721
-97.535278,27.234440
-97.433899,27.269991
-97.444168,27.185829
-97.474167,27.019171
-97.555557,27.008610
-97.560562,26.951111
-97.481117,26.877220
-97.516678,26.871111
-97.544449,26.899719
-97.561401,26.848049
-97.488068,26.769991
-97.417793,26.510559
-97.446671,26.454439
-97.446953,26.408051
-97.404167,26.386940
-97.343903,26.347219
-97.358337,26.282499
-97.314453,26.255550
-97.317497,26.161390
-97.293060,26.103609
-97.214172,26.087770
-97.266678,26.024441
-97.253067,25.984720
-97.188057,26.009159
-97.167526,26.077181
-97.136841,25.964710
-97.351936,25.912491
-97.343887,25.858610
-97.367493,25.839439
-97.479721,25.885830
-97.619720,26.007771
-97.713333,26.027500
-97.788597,26.064440
-98.066673,26.038330
-98.083328,26.069719
-98.147507,26.059160
-98.300278,26.106380
-98.523903,26.239441
-98.932220,26.392771
-99.005569,26.386660
-99.106659,26.422489
-99.089722,26.495270
-99.172501,26.563610
-99.271118,26.861389
-99.349167,26.881660
-99.380829,27.003880
-99.458618,27.046940
-99.440826,27.253611
-99.483887,27.282780
-99.503067,27.565830
-99.544159,27.610821
-99.707230,27.661659
-99.745003,27.721380
-99.835564,27.775270
-99.881943,27.906380
-99.994720,27.999439
-100.013100,28.068609
-100.196701,28.208891
-100.331703,28.405550
-100.327499,28.509159
-100.440002,28.616940
-100.495796,28.740271
-100.565598,28.839710
-100.668297,29.113331
-100.766098,29.174440
-100.775299,29.233049
-101.018097,29.388599
-101.034203,29.453039
-101.141998,29.491940
-101.235001,29.616100
-101.301903,29.576380
-101.306099,29.631109
-101.355797,29.660549
-101.404999,29.772770
-101.531403,29.764160
-101.541702,29.814720
-101.575600,29.773331
-101.833603,29.795830
-102.314697,29.883329
-102.385002,29.769711
-102.670303,29.742769
-102.761101,29.592770
-102.819504,29.396660
-102.886101,29.340549
-102.862503,29.224159
-102.904404,29.216101
-103.035301,29.098600
-103.077499,29.091101
-103.110497,29.003330
-103.154198,28.981380
-103.401100,29.036381
-103.543297,29.149160
-103.635803,29.158331
-103.761101,29.224720
-103.999199,29.313610
-104.442497,29.588051
-104.680298,29.945551
-104.682198,30.187490
-104.811401,30.349720
-104.867203,30.502220
-105.125000,30.749720
-105.266701,30.799721
-105.497498,30.954161
-105.871399,31.291941
-106.214401,31.475269
-106.335800,31.689440
-106.520302,31.780550
-108.208603,31.783331
-108.208298,31.333050
-111.045799,31.333050
-112.870003,31.914160
-114.809402,32.503880
-114.718597,32.718319
-115.162201,32.686649
-117.123596,32.536789
-117.213303,32.687771
-117.171700,32.672218
-117.152496,32.621101
-117.114700,32.614712
-117.132500,32.669991
-117.200302,32.728050
-117.231697,32.712769
-117.245796,32.659161
-117.268303,32.689430
-117.279602,32.999310
-117.400803,33.231098
-117.648102,33.456108
-118.105797,33.756100
-118.218903,33.784721
-118.270302,33.765820
-118.269699,33.724709
-118.305298,33.717209
-118.400299,33.749439
-118.421097,33.778599
-118.385002,33.831928
-118.429703,33.934990
-118.516701,34.038319
-118.646698,34.049709
-118.801399,34.011379
-119.214203,34.160549
-119.341904,34.306931
-119.541702,34.414150
-119.654701,34.423321
-119.709503,34.394428
-120.123299,34.478870
-120.446999,34.453602
-120.489700,34.526371
-120.609200,34.559429
-120.628304,34.623600
-120.591103,34.698601
-120.655602,34.930271
-120.604500,35.056381
-120.612000,35.131100
-120.703598,35.180820
-120.743301,35.164440
-120.851097,35.221371
-120.870003,35.260269
-120.841103,35.355259
-120.849503,35.419159
-121.044197,35.521099
-121.113098,35.620819
-121.290604,35.726662
-121.387199,35.854160
-121.444702,35.936378
-121.477501,36.003319
-121.567497,36.048321
-121.647797,36.166931
-121.851997,36.297771
-121.923103,36.523602
-121.893303,36.540539
-121.946701,36.579990
-121.908897,36.639431
-121.855003,36.613041
-121.813301,36.641651
-121.745003,36.730549
-121.774696,36.759159
-121.758400,36.821930
-121.854401,36.954430
-121.907799,36.981098
-122.034203,36.953041
-122.175301,37.014149
-122.376701,37.195541
-122.394699,37.248878
-122.372498,37.335541
-122.422203,37.477489
-122.485603,37.513599
-122.487801,37.778881
-122.456398,37.808041
-122.379997,37.815269
-122.334702,37.734150
-122.363098,37.674709
-122.356697,37.613319
-122.029701,37.479431
-122.227203,37.740551
-122.302002,37.795818
-122.293297,37.891651
-122.390800,37.952770
-122.345596,38.017208
-122.023598,38.065540
-121.685799,38.031651
-121.647202,38.062309
-121.575104,38.075230
-121.429199,38.003319
-121.449402,38.037209
-121.555801,38.111931
-121.653603,38.103600
-121.675598,38.064159
-121.726997,38.064590
-121.762199,38.064991
-121.838600,38.084148
-121.930801,38.085819
-121.981903,38.100552
-121.960899,38.142208
-121.998299,38.152760
-122.119003,38.082821
-122.383102,38.168880
-122.403900,38.129429
-122.481400,38.118599
-122.448097,37.846661
-122.475601,37.828880
-122.637199,37.912209
-122.678902,37.901661
-122.908897,38.085270
-122.949203,37.998878
-122.980797,38.023319
-122.926697,38.143879
-122.966103,38.240002
-123.022499,38.331928
-123.034401,38.307461
-123.098602,38.452770
-123.379997,38.644428
-123.703598,38.932491
-123.714699,38.968601
-123.666702,39.019161
-123.796097,39.353039
-123.776901,39.488041
-123.736397,39.553051
-123.822197,39.828602
-124.176102,40.159710
-124.324997,40.258041
-124.354202,40.515820
-124.243301,40.721931
-124.211700,40.695271
-124.161400,40.798321
-124.068901,40.838600
-124.065002,40.858318
-124.125000,40.861370
-124.199997,40.774151
-124.098900,40.991940
-124.139999,41.142769
-124.045799,41.394428
-124.087196,41.608051
-124.140800,41.743038
-124.240402,41.792751
-124.195000,41.853039
-124.183296,41.987209
-124.250000,42.054440
-124.323898,42.101940
-124.428596,42.340820
-124.382202,42.628880
-124.463600,42.747211
-124.545303,42.845829
-124.393303,43.171940
-124.361702,43.352489
-124.316101,43.360538
-124.306396,43.298870
-124.269997,43.352772
-124.254204,43.413319
-124.215302,43.430271
-124.201401,43.385818
-124.147003,43.363602
-124.180298,43.435551
-124.180603,43.478321
-124.061996,43.717209
-124.119202,43.757210
-124.167503,43.696930
-124.179703,43.708599
-124.095001,44.228039
-124.068298,44.424709
-124.056396,44.606659
-124.014702,44.617210
-124.056099,44.687210
-123.996696,44.920269
-123.993599,45.061378
-123.927200,45.285000
-123.946404,45.415821
-123.919403,45.396381
-123.904404,45.420269
-123.954498,45.474152
-123.943901,45.520821
-123.869499,45.485821
-123.868599,45.526371
-123.931099,45.591930
-123.896103,45.691929
-123.974998,45.776100
-123.937202,45.882210
-123.975304,45.956661
-123.917801,45.991940
-123.910599,46.059711
-123.970001,46.229988
-123.822800,46.188320
-123.759201,46.223320
-123.719498,46.189430
-123.561096,46.219440
-123.506104,46.250271
-123.433899,46.219440
-123.398598,46.174992
-123.259499,46.144428
-123.163597,46.195271
-123.266701,46.170551
-123.371696,46.222759
-123.414703,46.280270
-123.778603,46.297771
-123.853104,46.259991
-124.032204,46.286652
-124.070602,46.286930
-124.038101,46.500542
-124.033096,46.638599
-123.989998,46.397770
-123.941704,46.391102
-123.909203,46.456928
-123.831703,46.414440
-123.832199,46.435822
-123.921402,46.492210
-123.879700,46.554989
-123.916702,46.657768
-123.894203,46.697491
-123.833298,46.716381
-123.836403,46.725208
-123.955803,46.744709
-124.045601,46.733879
-124.077202,46.746380
-124.086899,46.895821
-124.016998,46.849991
-124.041100,46.891380
-123.796700,46.976101
-123.966904,46.988602
-124.043900,47.059990
-124.107498,47.061939
-124.135002,47.039440
-124.108902,46.976379
-124.154999,46.938881
-124.221397,47.304989
-124.300797,47.371101
-124.397797,47.748051
-124.616699,47.922211
-124.712799,48.160820
-124.664497,48.275539
-124.650803,48.336380
-124.710701,48.401520
-124.566101,48.379711
-124.040298,48.193050
-123.298302,48.132210
-123.223099,48.134708
-123.150299,48.161381
-123.086700,48.150269
-123.000603,48.048599
-122.996101,48.085270
-122.977203,48.111370
-122.862801,48.070271
-122.862000,48.008041
-122.827003,48.022491
-122.816704,48.056381
-122.871902,48.100819
-122.844498,48.137489
-122.759499,48.162491
-122.739998,48.135269
-122.781403,48.108318
-122.604401,47.899429
-122.716400,47.824711
-122.762802,47.709431
-122.804497,47.696930
-122.793098,47.854710
-122.849503,47.836380
-122.871696,47.711102
-123.104401,47.469440
-123.148399,47.374710
-123.122803,47.357208
-122.904701,47.403881
-122.832199,47.443321
-122.830803,47.454430
-123.095802,47.390541
-123.084198,47.443050
-122.909401,47.631649
-122.749702,47.677212
-122.724998,47.755550
-122.616402,47.856098
-122.556396,47.834148
-122.572197,47.926380
-122.526398,47.931099
-122.476997,47.823318
-122.454697,47.774429
-122.480797,47.749989
-122.539703,47.763599
-122.570000,47.713039
-122.645599,47.746658
-122.583603,47.619991
-122.588203,47.599541
-122.669701,47.663601
-122.680000,47.624981
-122.620003,47.587490
-122.666901,47.543320
-122.541901,47.602772
-122.487503,47.527760
-122.571404,47.351379
-122.541397,47.297771
-122.563103,47.277489
-122.674202,47.310551
-122.612801,47.397770
-122.675797,47.377491
-122.745796,47.299992
-122.727501,47.218319
-122.744499,47.188320
-122.787498,47.217770
-122.811699,47.273319
-122.765602,47.361660
-122.793900,47.413879
-122.939201,47.205818
-123.062500,47.122761
-123.025597,47.124149
-122.924500,47.192490
-122.950600,47.123322
-122.913597,47.094990
-122.878601,47.064159
-122.887802,47.156101
-122.831902,47.145550
-122.806702,47.184429
-122.710602,47.104160
-122.556702,47.233879
-122.523102,47.330540
-122.419998,47.276371
-122.386101,47.294159
-122.420303,47.319710
-122.312798,47.369991
-122.399399,47.592491
-122.349998,47.593601
-122.326103,47.610538
-122.418297,47.672211
-122.349503,47.728870
-122.377197,47.817211
-122.289497,47.960541
-122.184196,48.009571
-122.339203,48.087769
-122.367500,48.208321
-122.442001,48.227772
-122.471901,48.167210
-122.349197,48.057491
-122.394203,48.071098
-122.520798,48.165272
-122.529404,48.223049
-122.501404,48.249989
-122.391403,48.227772
-122.379204,48.291660
-122.497498,48.368038
-122.563904,48.408329
-122.587502,48.429150
-122.632202,48.401932
-122.677803,48.416100
-122.702202,48.494709
-122.615601,48.510818
-122.585899,48.454708
-122.569199,48.488602
-122.497498,48.449162
-122.474701,48.467770
-122.507500,48.550541
-122.442497,48.566662
-122.440002,48.603039
-122.523598,48.693321
-122.496101,48.736370
-122.556099,48.774151
-122.651901,48.713600
-122.698898,48.822769
-122.766701,48.866650
-122.763603,48.934429
-122.809998,48.932770
-122.780296,48.963039
-122.731903,48.957211
-122.757301,48.998661
-120.067802,48.999710
-116.800797,48.999432
-113.534401,48.999432
-110.268303,48.999710
-107.001404,48.999989
-103.735298,48.999432
-100.468903,48.999989
-97.202499,48.999710
-95.277077,48.999439
-95.154167,48.999432
-95.153519,49.180672
-95.152786,49.376652
-95.069092,49.360859
-94.831680,49.316090
-94.700562,48.899712
-94.704964,48.862720
-94.704773,48.861542
-94.690277,48.774700
-94.492767,48.695530
-94.278877,48.702480
-94.251106,48.671101
-93.885559,48.630260
-93.793327,48.517761
-93.650558,48.516102
-93.454453,48.559711
-93.456673,48.594990
-93.361656,48.608601
-93.357597,48.609699
-93.245003,48.640541
-92.626099,48.532200
-92.620270,48.498039
-92.702499,48.482479
-92.690552,48.444981
-92.498611,48.446651
-92.438919,48.352230
-92.363892,48.233601
-92.290283,48.246651
-92.300552,48.304989
-92.261124,48.345261
-92.051941,48.353870
-91.956390,48.235821
-91.734444,48.190540
-91.696663,48.100540
-91.440689,48.046471
-91.037216,48.189701
-90.881943,48.237209
-90.838058,48.208599
-90.778610,48.107491
-90.740829,48.090820
-90.389999,48.097240
-90.156387,48.122478
-90.065277,48.108318
-89.993057,48.022758
-89.904167,47.989151
-89.674438,48.015541
-89.589310,48.004108
-89.583328,48.003319
-89.356659,47.979710
-88.688599,48.257488
-88.368057,48.312199
-87.444717,47.955818
-86.531677,47.593319
-85.628883,47.225262
-84.863617,46.905258
-84.775284,46.653042
-84.565277,46.466381
-84.480003,46.460270
-84.435127,46.486389
-84.141953,46.535259
-84.118332,46.518040
-84.160278,46.424992
-84.099442,46.232761
-83.958893,46.071659
-83.712219,46.123871
-83.610550,46.119148
-83.448036,46.011929
-83.597748,45.826969
-82.735001,45.443039
-82.543327,45.355820
-82.374710,44.642761
-82.209442,43.930271
-82.130280,43.585258
-82.417969,43.019299
-82.420624,43.014069
-82.413330,42.964710
-82.481110,42.829430
-82.474716,42.751659
-82.521393,42.618870
-82.586403,42.558590
-82.645943,42.555359
-82.650726,42.555099
-82.923050,42.364990
-83.048393,42.311169
-83.073334,42.301201
-83.087769,42.292210
-83.098267,42.281239
-83.113243,42.251308
-83.137970,42.112339
-83.168610,42.046101
-83.071953,41.859711
-82.696663,41.683868
-82.425278,41.675541
-81.346390,42.180538
-81.249161,42.224979
-80.267227,42.368591
-80.097229,42.396381
-79.009453,42.811649
-78.942490,42.852489
-78.917068,42.916161
-78.979950,42.974060
-79.005051,43.022160
-79.031387,43.056091
-79.053383,43.084141
-79.065567,43.099720
-79.061661,43.270821
-79.062607,43.272301
-79.184723,43.465542
-78.702499,43.638039
-77.739990,43.638889
-76.793327,43.646099
-76.434723,44.104710
# Triangles
1344,1372,1371
1344,1371,1369
1367,1369,1368
1370,1369,1371
1373,1372,1331
1379,1378,1380
1382,1381,1380
1382,1380,1378
1374,1376,1375
1376,1374,1373
1376,1373,1378
1378,1377,1376
1373,1331,1378
1367,1344,1369
1344,1367,1347
1348,1366,1365
1344,1347,1345
1347,1367,1348
1347,1346,1345
1354,1365,1364
1351,1348,1365
1344,1343,1340
1344,1340,1331
1340,1343,1341
1344,1331,1372
1337,1339,1338
1343,1342,1341
1331,1340,1339
1348,1367,1366
1337,1335,1339
1387,1386,1385
1389,1387,1385
1383,1382,1384
1385,1384,1318
1330,1384,1382
1378,1330,1382
1318,1389,1385
1393,1392,1394
1395,1394,1396
1392,1391,1394
1389,1388,1387
1391,1390,1389
1389,1318,1391
1394,1391,1318
1318,1384,1330
1334,1333,1331
1336,1335,1337
1325,1324,1323
1339,1334,1331
1332,1331,1333
1330,1329,1327
1319,1330,1327
1319,1318,1330
1326,1323,1327
1327,1321,1319
1322,1327,1323
1327,1329,1328
1323,1326,1325
1330,1378,1331
1339,1335,1334
1312,1394,1318
1363,1362,1361
1364,1361,1354
1354,1361,1356
1365,1354,1353
1355,1354,1356
1356,1361,1357
1360,1357,1361
1365,1353,1351
1351,1350,1349
1320,1319,1321
1349,1348,1351
1321,1327,1322
1351,1353,1352
1317,1312,1318
1361,1364,1363
1360,1359,1358
1313,1315,1314
1313,1316,1315
1358,1357,1360
1313,1312,1317
1312,1311,1300
1310,1308,1307
1305,1304,1306
1308,1310,1309
1311,1310,1307
1313,1317,1316
1306,1303,1302
1301,1306,1302
1301,1307,1306
1295,1294,1289
1304,1303,1306
1300,1311,1301
1297,1300,1299
1285,1297,1296
1297,1299,1298
1300,1297,1312
1296,1295,1289
1296,1289,1286
1296,1286,1285
1286,1289,1287
1297,1285,1312
1294,1290,1289
1301,1311,1307
1288,1287,1289
1292,1291,1290
1292,1290,1293
1290,1294,1293
1280,1279,1282
1280,1282,1281
1271,1270,1269
1268,1272,1269
1269,1272,1271
1283,1282,1279
1394,1312,1285
1422,1425,1424
1422,1424,1423
1397,1396,1398
1425,1422,1426
1420,1422,1421
1427,1426,1428
1428,1415,1429
1416,1428,1426
1422,1418,1426
1418,1420,1419
1399,1398,1400
1422,1420,1418
1398,1285,1400
1278,1285,1284
1284,1283,1279
1279,1278,1284
1277,1276,1278
1278,1276,1275
1268,1275,1273
1272,1268,1273
1398,1394,1285
1268,1278,1275
1285,1278,1253
1268,1267,1264
1285,1402,1400
1268,1253,1278
1266,1264,1267
1264,1253,1268
1262,1264,1263
1265,1264,1266
1396,1394,1398
1273,1275,1274
1262,1256,1264
1428,1416,1415
1416,1426,1418
1416,1418,1417
1432,1429,1415
1429,1432,1430
1413,1415,1414
1431,1430,1432
1434,1433,1432
1415,1434,1432
1412,1411,1410
1434,1413,1435
1410,1413,1412
1415,1413,1434
1413,1410,1440
1409,1408,1410
1402,1401,1400
1404,1403,1402
1258,1257,1256
1258,1260,1259
1253,1264,1255
1255,1264,1256
1402,1285,1253
1406,1405,1404
1408,1407,1406
1406,1404,1408
1253,1408,1402
1253,1252,1250
1402,1408,1404
1254,1253,1255
1410,1408,1820
1258,1256,1262
1408,1253,1820
1262,1261,1258
1242,1241,1243
1244,1243,1241
1240,1245,1244
1245,1248,1247
1245,1247,1246
1220,1226,1223
1225,1224,1223
1225,1223,1226
1193,1192,1194
1194,1192,1196
1197,1196,1198
1196,1195,1194
1201,1200,1203
1196,1191,1198
1196,1192,1191
1208,1206,1205
1206,1208,1207
1203,1202,1201
1098,1212,1205
1204,1203,1183
1210,1209,1208
1210,1208,1205
1240,1237,1245
1248,1245,1237
1231,1230,1233
1237,1239,1238
1240,1244,1241
1240,1239,1237
1250,1249,1253
1248,1237,1236
1248,1236,1249
1234,1233,1229
1236,1835,1249
1234,1229,1235
1232,1231,1233
1820,1253,1249
1230,1229,1233
1251,1250,1252
1220,1219,1226
1223,1222,1220
1226,1219,1227
1221,1220,1222
1210,1212,1211
1210,1205,1212
1219,1218,1235
1228,1227,1219
1235,1218,1217
1228,1219,1235
1214,1216,1215
1217,1216,1213
1213,1212,1217
1216,1214,1213
1228,1235,1229
1217,1212,1098
1235,1217,1096
1205,1204,1099
1260,1258,1261
1235,1835,1236
1188,1187,1186
1189,1188,1190
1183,1185,1184
1186,1185,1188
1188,1185,1183
1198,1190,1199
1198,1191,1190
1200,1190,1183
1190,1200,1199
1188,1183,1190
1183,1182,1181
1179,1178,1169
1180,1179,1181
1177,1176,1178
1175,1174,1178
1155,1154,1153
1153,1151,1142
1152,1151,1153
1156,1155,1153
1172,1174,1173
1169,1178,1174
1158,1157,1160
1157,1156,1140
1142,1156,1153
1158,1160,1159
1142,1141,1156
1151,1144,1142
1175,1178,1176
1099,1204,1183
1174,1172,1169
1168,1179,1169
1137,1163,1138
1163,1165,1164
1100,1183,1181
1171,1170,1172
1170,1169,1172
1181,1168,1100
1168,1181,1179
1166,1165,1137
1166,1137,1110
1136,1135,1137
1165,1163,1137
1166,1110,1167
1100,1168,1167
1160,1163,1162
1137,1135,1110
1138,1160,1140
1138,1163,1160
1140,1160,1157
1139,1138,1140
1156,1141,1140
1132,1131,1135
1135,1131,1114
1134,1133,1132
1132,1135,1134
1129,1128,1127
1127,1124,1130
1127,1130,1129
1124,1127,1126
1162,1161,1160
1131,1130,1114
959,958,957
956,955,960
960,959,956
956,959,957
972,971,973
976,975,971
977,976,978
975,974,971
970,969,976
971,974,973
964,978,969
978,976,969
976,971,970
960,955,961
955,950,962
950,955,954
950,954,953
951,950,953
955,962,961
951,953,952
948,962,950
967,965,968
968,965,964
967,966,965
978,964,979
979,963,897
968,964,969
963,962,898
979,964,963
1151,1145,1144
1150,1149,1151
1142,1144,1143
1147,1145,1149
1146,1145,1147
1147,1149,1148
1007,1006,1009
1007,1009,1008
1010,1006,1005
1011,1005,1004
1005,1011,1010
1010,1009,1006
1145,1151,1149
984,983,985
987,986,985
983,982,985
883,980,979
982,981,980
879,989,982
987,985,982
1000,1003,1002
1002,1001,1000
1004,1003,1011
988,987,989
990,989,991
987,982,989
1016,1011,1003
989,873,991
982,980,882
1109,1102,1110
1110,1102,1101
1102,1109,1108
1113,1112,1110
1111,1110,1112
1104,1108,1107
1110,1101,1167
1101,1100,1167
1098,1205,1099
1100,1099,1183
1107,1105,1104
1103,1102,1108
1108,1104,1103
1110,1135,1113
1130,1121,1115
1115,1114,1130
1116,1115,1121
1124,1126,1125
1122,1121,1123
1123,1121,1124
1121,1130,1124
1107,1106,1105
1120,1119,1117
1118,1117,1119
1120,1117,1116
1116,1121,1120
1113,1135,1114
1089,1093,1092
1089,1092,1091
1089,1094,1093
1089,1091,1090
1083,1082,1080
1095,1089,1088
1095,1094,1089
1088,1077,1096
1088,1096,1095
1085,1084,1083
1077,1086,1083
1083,1086,1085
1086,1088,1087
1086,1077,1088
1082,1081,1080
1097,1096,1217
1069,1068,1067
1070,1067,1066
1067,1070,1069
1071,1070,1066
1083,1079,1077
1077,1079,1078
1075,1074,1071
1079,1083,1080
1073,1071,1074
1071,1073,1072
1071,1063,1075
1066,1063,1071
1065,1063,1066
1856,1235,1096
1098,1097,1217
1022,1021,1023
1019,1017,1020
1013,1015,1014
1023,1021,1020
1030,1029,1027
1057,1060,1059
1026,1030,1027
1034,1025,1024
1024,1023,1034
1029,1028,1027
1025,1033,1026
1020,994,1023
1057,1059,1058
1012,1011,1016
1003,1000,1016
996,1000,997
994,1000,996
1012,1015,1013
998,997,999
999,997,1000
1017,1016,994
1012,1016,1015
1018,1017,1019
993,1023,994
993,838,1023
994,1016,1000
995,994,996
994,1020,1017
993,992,857
1035,1023,820
1060,1057,1061
1064,1063,1065
1043,1042,1044
1061,1056,1062
1056,1061,1057
1063,1062,1054
1076,1063,1054
1062,1056,1054
1075,1063,1076
1054,1056,1055
1052,1049,1053
1049,1052,1050
1050,1052,1051
1048,1053,1049
1041,1045,1044
1041,1044,1042
1033,1030,1026
1032,1030,1033
1033,1025,1034
1030,1032,1031
1046,1045,1047
1045,1048,1047
1041,1039,1045
1037,1036,1035
1038,1037,1035
1035,1039,1038
1041,1040,1039
1039,1035,1912
1034,1023,1035
1039,1048,1045
1035,820,1913
1076,1054,1053
992,991,868
1203,1200,1183
1577,1576,1575
1592,1591,1593
1594,1591,1590
1575,1574,1573
1593,1591,1594
1595,1594,1597
1597,1596,1595
1597,1605,1600
1598,1600,1599
1600,1598,1597
1601,1600,1605
1594,1605,1597
1573,1577,1575
1579,1577,1573
1579,1578,1577
1581,1580,1583
1580,1579,1572
1579,1573,1572
1582,1581,1583
1589,1587,1590
1589,1588,1587
1605,1594,1590
1586,1605,1590
1590,1587,1586
1584,1583,1585
1605,1586,1608
1583,1580,1585
1539,1608,1586
1585,1580,1539
1604,1601,1605
1602,1604,1603
1604,1602,1601
1611,1610,1609
1606,1605,1607
1612,1609,1608
1667,1666,1668
1611,1609,1612
1614,1613,1615
1612,1615,1613
1615,1612,1608
1605,1608,1607
1616,1615,1617
1643,1615,1608
1619,1618,1617
1668,1666,1665
1653,1652,1651
1654,1653,1649
1670,1668,1664
1668,1665,1664
1651,1650,1653
1653,1650,1649
1669,1668,1670
1615,1643,1617
1585,1539,1586
1569,1571,1570
1571,1569,1568
1566,1565,1568
1568,1567,1566
1565,1571,1568
1548,1572,1571
1625,1624,1623
1620,1619,1621
1619,1622,1621
1642,1625,1619
1625,1623,1622
1622,1619,1625
1643,1619,1617
1572,1539,1580
1564,1571,1565
1557,1556,1555
1522,1521,1525
1553,1555,1554
1521,1520,1525
1555,1553,1552
1550,1564,1562
1562,1564,1563
1557,1552,1560
1557,1559,1558
1561,1560,1552
1552,1562,1561
1560,1559,1557
1555,1552,1557
1571,1564,1550
1552,1550,1562
1539,1643,1608
1637,1632,1630
1630,1629,1628
1628,1637,1630
1626,1628,1627
1654,1649,1648
1648,1656,1654
1632,1637,1633
1635,1634,1633
1656,1655,1654
1659,1658,1657
1660,1662,1661
1662,1660,1659
1670,1663,1662
1662,1659,1657
1642,1628,1626
1631,1630,1632
1636,1635,1637
1635,1633,1637
1637,1628,1638
1638,1641,1640
1626,1625,1642
1638,1628,1641
1642,1641,1628
1643,1645,1644
1656,1648,1647
1657,1656,1647
1646,1657,1647
1645,1643,1646
1638,1640,1639
1753,1662,1646
1662,1657,1646
1619,1643,1642
1663,1670,1664
1762,1643,1765
1643,1753,1646
1676,1675,1674
1674,1677,1676
1671,1670,1672
1673,1672,1677
1670,1677,1672
1674,1673,1677
1711,1753,1712
1711,1677,1670
1711,1687,1677
1678,1677,1679
1752,1713,1712
1752,1712,1753
1670,1753,1711
1710,1687,1711
1662,1753,1670
1754,1757,1756
1757,1754,1758
1754,1756,1755
1758,1760,1759
1760,1762,1761
1760,1758,1762
1754,1753,1758
1751,1714,1713
1719,1718,1715
1715,1714,1751
1751,1736,1715
1713,1752,1751
1716,1715,1717
1758,1753,1643
1717,1715,1718
1686,1680,1679
1688,1687,1710
1679,1677,1686
1688,1691,1690
1692,1691,1693
1691,1694,1693
1691,1688,1710
1677,1687,1686
1681,1680,1682
1684,1683,1685
1682,1685,1683
1685,1682,1680
1680,1686,1685
1690,1689,1688
1691,1708,1695
1691,1709,1708
1694,1691,1695
1703,1697,1696
1696,1695,1707
1707,1706,1705
1707,1695,1708
1699,1698,1697
1697,1702,1699
1702,1700,1699
1808,1810,1809
1702,1697,1703
1703,1696,1707
1691,1710,1709
1748,1745,1749
1749,1745,1750
1748,1747,1746
1748,1746,1745
1750,1745,1744
1736,1744,1743
1744,1736,1751
1707,1705,1704
1720,1730,1721
1719,1733,1720
1707,1704,1703
1736,1734,1719
1733,1730,1720
1730,1733,1731
1736,1735,1734
1734,1733,1719
1715,1736,1719
1742,1739,1743
1742,1741,1739
1739,1741,1740
1743,1739,1738
1764,1763,1765
1736,1738,1737
1732,1731,1733
1722,1730,1728
1725,1728,1727
1725,1727,1726
1729,1728,1730
1738,1736,1743
1763,1762,1765
1722,1728,1725
1702,1701,1700
1792,1791,1795
1790,1789,1795
1795,1791,1790
1808,1807,1811
1812,1811,1803
1806,1811,1807
1811,1810,1808
1794,1793,1792
1811,1806,1804
1792,1795,1794
1804,1806,1805
1723,1722,1724
1722,1725,1724
1780,1785,1784
1782,1780,1783
1788,1787,1798
1784,1783,1780
1795,1789,1797
1795,1797,1796
1798,1797,1788
1802,1801,1803
1799,1798,1800
1789,1788,1797
1804,1803,1811
1779,1785,1780
1721,1730,1722
1812,1803,1813
1744,1751,1750
1758,1643,1762
1506,1505,1507
1504,1502,1508
1502,1504,1503
1508,1507,1504
1502,1501,1508
1504,1507,1505
1517,1516,1518
1526,1519,1518
1518,1516,1527
1527,1516,1515
1513,1515,1514
1527,1515,1513
1527,1513,1512
1495,1494,1493
1496,1495,1497
1491,1490,1492
1493,1492,1488
1490,1488,1492
1537,1509,1495
1509,1499,1495
1511,1510,1509
1509,1501,1499
1509,1508,1501
1498,1497,1499
1500,1499,1501
1495,1499,1497
1509,1537,1511
1495,1493,1537
1512,1511,1537
1524,1522,1525
1522,1524,1523
1529,1528,1530
1527,1533,1528
1526,1518,1527
1548,1571,1550
1550,1552,1551
1530,1533,1532
1530,1532,1531
1550,1549,1548
1530,1528,1533
1527,1534,1533
1520,1526,1525
1540,1543,1542
1815,1538,1537
1536,1534,1537
1536,1535,1534
1534,1527,1537
1540,1542,1541
1546,1545,1547
1548,1547,1539
1545,1544,1547
1543,1540,1544
1540,1539,1547
1544,1540,1547
1643,1539,1538
1538,1814,1643
1527,1512,1537
1548,1539,1572
1493,1476,1537
1520,1519,1526
1450,1449,1452
1450,1452,1451
1453,1449,1448
1448,1454,1453
1453,1452,1449
1459,1458,1456
1461,1460,1448
1459,1448,1460
1454,1448,1459
1456,1455,1459
1459,1455,1454
1456,1458,1457
1461,1448,1447
1435,1438,1437
1435,1437,1436
1076,1048,1077
1435,1413,1438
1077,1911,1096
1048,1912,1077
1076,1053,1048
1440,1438,1413
1444,1442,1445
1442,1444,1443
1816,1447,1445
1445,1447,1446
1537,1447,1815
1440,1818,1441
1439,1438,1440
1445,1442,1816
1462,1461,1447
1249,1835,1831
1481,1480,1479
1484,1481,1479
1479,1477,1487
1471,1537,1476
1478,1477,1479
1476,1487,1477
1489,1488,1490
1484,1486,1485
1483,1481,1484
1487,1486,1479
1484,1479,1486
1482,1481,1483
1476,1493,1487
1476,1475,1471
1469,1467,1464
1469,1468,1467
1467,1466,1464
1464,1463,1469
1463,1470,1469
1465,1464,1466
1470,1463,1462
1472,1471,1475
1472,1474,1473
1471,1447,1537
1441,1817,1442
1039,1912,1048
1462,1447,1471
1462,1471,1470
1475,1474,1472
1913,1912,1035
1488,1487,1493
1913,820,1914
1911,1077,1912
1769,1768,1770
1771,1773,1772
1767,1766,1768
1643,1766,1765
1782,1781,1780
1786,1779,1778
1785,1779,1786
1787,1778,1776
1787,1786,1778
1787,1800,1798
1774,1773,1775
1773,1771,1776
1768,1771,1770
1776,1771,1768
1773,1776,1775
1768,1766,1643
1849,1848,1855
1813,1776,1768
1776,1801,1787
1819,1818,1440
1836,1845,1837
1836,1848,1845
1841,1845,1844
1836,1835,1848
1845,1848,1847
1846,1845,1847
1842,1844,1843
1849,1851,1850
1776,1778,1777
1816,1815,1447
1235,1848,1835
1800,1787,1801
1768,1814,1813
1776,1813,1801
1818,1817,1441
1643,1814,1768
1410,1819,1440
1821,1830,1822
1816,1442,1817
1820,1830,1821
1814,1538,1815
1825,1824,1823
1825,1823,1826
1831,1820,1249
1823,1822,1826
1801,1813,1803
1834,1833,1835
1838,1837,1839
1837,1840,1839
1845,1841,1837
1840,1837,1841
1827,1822,1828
1826,1822,1827
1822,1829,1828
1831,1833,1832
1831,1835,1833
1831,1830,1820
1822,1830,1829
1820,1819,1410
1842,1841,1844
1911,1910,1909
1878,1911,1909
1908,1907,1889
1895,1907,1906
1889,1907,1892
1909,1908,1885
1878,1885,1884
1879,1883,1880
1883,1879,1884
1909,1885,1878
1889,1888,1887
1887,1886,1889
1889,1886,1885
1885,1908,1889
1896,1906,1905
1884,1879,1878
1903,1902,1900
1904,1903,1898
1900,1899,1903
1898,1903,1899
1902,1901,1900
1904,1898,1896
1892,1890,1889
1892,1891,1890
1907,1895,1892
1896,1895,1906
1894,1893,1895
1892,1895,1893
1896,1898,1897
1905,1904,1896
1856,1855,1235
1860,1856,1861
1857,1856,1860
1862,1866,1865
1861,1866,1862
1865,1863,1862
1861,1856,1866
1864,1863,1865
1854,1853,1855
1851,1849,1852
1849,1853,1852
1860,1859,1857
1859,1858,1857
1849,1855,1853
1877,1876,1875
1875,1911,1877
1875,1874,1911
1881,1880,1883
1882,1881,1883
1870,1911,1874
1866,1869,1868
1869,1866,1870
1868,1867,1866
1870,1873,1871
1873,1870,1874
1872,1871,1873
1911,1870,1866
1866,1856,1911
1877,1911,1878
1235,1855,1848
1096,1911,1856
950,949,948
936,943,939
940,939,941
933,935,934
935,933,932
936,939,938
937,936,938
948,899,962
943,948,947
947,946,944
941,939,942
944,943,947
942,939,943
945,944,946
982,882,881
936,932,931
932,936,935
931,902,943
929,928,930
900,948,943
931,930,906
879,982,881
873,878,877
878,873,879
877,874,873
989,879,873
875,877,876
877,875,874
879,881,880
936,931,943
991,873,872
868,870,869
870,991,872
871,870,872
868,857,992
865,867,866
865,868,867
868,865,864
862,857,863
863,857,864
864,857,868
860,862,861
857,854,853
858,857,862
862,860,859
857,853,847
991,870,868
857,856,854
854,856,855
852,849,853
858,862,859
849,852,851
848,847,853
847,838,857
841,838,847
853,849,848
846,845,841
840,839,841
841,839,838
845,842,841
846,841,847
851,850,849
820,1023,838
908,930,928
838,993,857
920,924,923
924,920,919
920,923,921
917,919,918
924,919,925
915,917,916
923,922,921
948,900,899
926,928,927
926,910,928
917,925,919
889,888,890
910,926,917
926,925,917
899,898,962
917,915,913
911,913,912
914,913,915
911,910,917
909,908,910
906,930,908
910,908,928
943,902,900
901,900,902
931,906,905
908,907,906
904,902,905
903,902,904
902,931,905
913,911,917
844,843,845
845,843,842
883,882,980
837,836,835
835,834,832
838,837,835
833,832,834
828,831,830
832,831,835
835,831,827
891,887,892
891,888,887
886,892,887
888,891,890
885,892,886
884,897,896
884,893,885
884,883,897
892,885,893
894,896,895
896,894,893
893,884,896
883,979,897
963,898,897
828,830,829
838,835,820
828,827,831
826,824,823
824,826,825
823,822,826
827,826,821
821,826,822
819,818,815
818,817,815
817,816,815
814,804,815
815,804,819
804,820,819
821,820,835
812,806,814
812,814,813
810,812,811
808,810,809
810,808,812
806,812,808
806,808,807
805,814,806
799,802,801
797,799,798
800,799,801
802,804,803
805,804,814
796,799,797
804,802,820
799,796,790
802,799,790
789,820,802
795,794,796
794,793,790
790,796,794
793,792,791
790,789,802
788,786,789
791,790,793
785,789,786
784,789,785
786,788,787
820,789,776
776,789,784
783,782,781
783,781,779
780,779,781
778,777,779
783,779,777
1914,775,600
774,772,775
777,776,783
772,771,775
770,769,600
773,772,774
771,770,775
1914,776,775
783,776,784
600,775,770
821,835,827
769,767,766
766,765,769
763,765,764
756,758,757
765,759,769
762,759,765
760,759,762
762,761,760
763,762,765
758,754,759
755,754,758
755,758,756
759,754,724
769,759,600
725,724,754
725,753,750
724,723,759
717,723,722
717,722,721
726,725,750
750,753,752
711,723,717
723,710,709
662,709,664
710,723,711
709,759,723
662,661,709
659,600,661
661,600,709
664,709,708
759,709,600
753,725,754
605,604,603
599,598,597
541,600,599
602,601,603
564,563,599
582,599,597
601,600,659
563,544,541
541,540,600
544,542,541
541,599,563
545,544,563
543,542,544
545,563,546
563,562,546
539,1914,600
594,582,597
594,596,595
564,599,582
583,594,592
581,564,582
592,594,593
547,546,561
521,523,522
521,524,523
561,546,562
520,519,507
519,518,517
506,521,520
564,581,565
596,594,597
603,601,659
521,525,524
769,768,767
539,600,540
776,1914,820
752,751,750
746,726,749
748,746,749
748,747,746
727,746,728
746,727,726
719,718,717
715,712,716
717,720,719
717,721,720
711,717,712
743,746,745
717,716,712
746,743,728
743,745,744
728,743,736
736,742,741
742,736,743
736,741,737
741,740,737
736,735,728
728,735,731
731,730,728
731,733,732
734,731,735
734,733,731
728,730,729
715,714,712
703,707,704
704,707,706
703,664,708
705,704,706
664,703,702
659,661,660
658,657,651
609,603,659
657,656,651
656,655,651
658,609,659
707,703,708
698,700,699
695,694,696
693,696,694
693,697,696
698,702,700
654,651,655
652,651,654
697,702,698
664,702,665
697,674,702
652,654,653
674,665,702
697,693,674
702,701,700
712,714,713
651,609,658
737,739,738
750,749,726
693,692,690
675,693,690
676,690,689
676,688,677
690,692,691
675,690,676
671,674,672
674,693,675
669,671,670
671,666,665
671,665,674
673,672,674
669,668,667
669,666,671
676,689,688
688,687,686
677,688,685
677,685,680
684,683,685
686,685,688
677,679,678
677,680,679
680,682,681
619,618,620
683,682,680
685,683,680
618,622,620
648,650,649
648,647,651
667,666,669
646,643,647
648,651,650
645,644,643
645,643,646
609,643,642
641,638,642
647,643,651
642,633,632
627,632,631
633,642,638
639,638,641
651,643,609
636,635,637
622,621,620
617,623,622
617,624,623
618,617,622
635,634,633
631,630,628
637,633,638
616,625,624
624,617,616
630,629,628
635,633,637
631,628,627
639,641,640
632,612,642
737,740,739
605,607,606
605,603,607
609,642,610
584,592,591
609,608,607
609,607,603
584,583,592
579,576,580
583,582,594
579,578,576
575,568,576
569,568,575
580,576,565
565,576,568
588,586,591
612,611,610
591,586,584
589,588,590
588,591,590
613,612,614
588,587,586
585,584,586
569,572,571
569,575,572
571,570,569
575,574,572
577,576,578
612,610,642
560,559,549
559,553,549
560,549,561
557,559,558
565,568,567
547,549,548
507,516,509
517,507,519
507,517,516
516,514,509
512,510,513
515,514,516
513,509,514
553,559,557
547,561,549
557,554,553
549,553,550
555,554,556
550,553,551
509,508,507
502,501,503
501,500,503
512,511,510
509,513,510
551,553,552
556,554,557
567,566,565
503,500,504
572,574,573
581,580,565
615,614,626
612,632,626
614,612,626
365,364,362
625,616,615
615,626,625
361,367,362
362,367,366
361,368,367
366,365,362
364,363,362
360,359,361
358,369,368
358,368,359
357,355,358
356,355,357
358,355,369
370,369,371
372,371,374
374,354,353
354,374,371
369,355,371
372,374,373
354,371,355
361,359,368
397,396,395
384,387,386
387,384,388
384,386,385
397,395,398
403,399,398
398,395,409
403,401,399
392,391,393
393,390,394
394,409,395
391,390,393
379,378,376
383,388,384
381,383,382
376,375,380
376,378,377
381,380,383
374,380,375
380,379,376
383,380,388
390,353,352
390,388,353
390,389,388
353,388,380
352,350,349
350,352,351
349,348,352
390,352,341
390,410,394
374,353,380
399,401,400
627,626,632
352,348,341
663,662,664
506,520,507
530,529,527
527,525,530
525,527,526
521,505,525
527,529,528
531,530,525
537,536,535
533,538,535
535,538,537
525,532,531
533,532,505
525,505,532
533,535,534
539,538,1917
504,499,505
499,504,500
401,403,402
506,505,521
505,498,495
498,505,499
423,421,424
420,424,421
421,423,422
498,497,495
493,489,533
495,533,505
493,533,495
489,493,492
494,493,495
497,496,495
483,488,484
488,481,533
483,482,481
483,481,488
488,533,489
484,488,487
478,477,480
477,481,480
484,487,485
492,490,489
481,477,471
492,491,490
533,481,1919
436,435,433
486,485,487
438,436,433
434,433,435
438,437,436
479,478,480
477,476,475
477,475,474
420,425,424
538,533,1918
403,398,404
405,404,408
405,408,407
427,413,411
408,404,409
413,415,414
418,417,415
418,425,420
419,418,420
417,416,415
426,415,427
415,426,418
428,427,429
415,413,427
407,406,405
341,411,390
348,346,341
341,346,345
390,411,410
341,345,342
343,345,344
398,409,404
342,345,343
340,339,341
339,335,341
335,411,341
412,411,413
338,336,339
336,338,337
427,411,441
394,410,409
336,335,339
432,438,433
438,432,439
441,430,427
430,432,431
432,430,439
430,441,439
426,425,418
444,443,442
445,442,446
442,445,444
441,446,442
440,439,441
334,333,448
441,447,446
441,334,448
429,427,430
313,312,314
411,334,441
312,311,310
315,310,316
310,315,312
312,315,314
318,317,319
307,317,316
310,307,316
307,310,308
307,306,305
309,308,310
307,325,317
411,335,334
348,347,346
473,471,474
473,472,471
481,471,1920
469,468,466
466,468,467
461,463,462
466,465,469
465,458,471
465,470,469
461,464,463
461,459,464
459,458,464
464,458,465
461,460,459
465,471,470
471,458,1920
448,450,449
320,319,322
332,451,448
333,332,448
448,447,441
450,448,451
456,455,454
453,452,451
330,332,331
321,320,322
453,332,330
332,453,451
319,324,322
1915,1917,1916
538,1918,1917
533,1919,1918
1921,1920,1931
1920,1919,481
539,1917,1915
1927,1926,1925
1930,1929,1928
1928,1927,1930
1922,1921,1923
1925,1924,1927
1923,1927,1924
1927,1923,1930
1923,1921,1930
329,457,454
456,454,457
330,454,453
329,454,330
322,324,323
1932,329,327
457,329,1932
1930,1921,1931
1933,1932,2
1920,1932,1931
2,1,1933
275,3,2
3,7,4
2,1932,276
329,328,327
458,1932,1920
457,1932,458
324,319,325
474,471,477
305,304,300
300,304,301
305,300,299
302,301,304
299,298,297
303,302,304
305,299,297
284,326,291
325,307,297
327,326,282
291,326,325
293,297,295
296,295,297
282,284,283
282,326,284
297,291,325
276,327,282
325,319,317
291,293,292
294,293,295
285,284,291
290,285,291
290,289,285
287,289,288
286,289,287
285,289,286
272,271,270
279,281,280
291,297,293
277,282,281
273,270,269
273,268,274
279,277,281
274,267,275
267,274,268
268,273,269
5,4,7
275,2,276
7,6,5
275,7,3
278,277,279
8,7,275
275,9,8
277,276,282
275,267,266
273,272,270
262,264,263
261,264,262
264,261,265
265,9,275
260,259,258
10,265,11
12,11,265
10,9,265
202,13,261
258,261,260
188,14,13
248,261,258
13,12,265
265,261,13
258,257,253
265,275,266
276,1932,327
297,307,305
1915,1914,539
257,255,253
253,255,254
243,242,244
242,245,244
252,249,248
250,249,252
252,251,250
248,258,252
203,248,245
245,248,247
246,245,247
202,261,248
242,239,245
252,258,253
240,239,242
235,245,239
239,237,235
238,237,239
232,234,233
211,245,235
235,212,211
235,234,214
235,237,236
215,214,234
213,212,214
214,212,235
232,215,234
232,216,215
242,241,240
203,202,248
202,201,200
204,207,205
207,204,211
206,205,207
245,204,203
200,199,198
198,188,200
190,188,198
200,188,202
190,198,191
192,191,197
189,188,190
191,198,197
188,13,202
196,192,197
193,192,196
207,210,208
196,195,193
209,208,210
194,193,195
188,187,186
185,184,183
185,14,186
185,182,15
183,182,185
181,15,182
211,210,207
245,211,204
188,186,14
15,14,185
225,224,223
227,222,228
225,223,226
227,223,222
226,223,227
180,179,178
181,177,15
180,178,181
176,175,177
175,174,177
177,181,178
228,222,221
219,228,221
230,218,217
218,229,219
229,218,230
230,217,231
217,216,231
219,229,228
169,171,170
164,163,165
154,156,155
221,220,219
216,232,231
172,171,169
172,169,168
173,172,160
163,162,165
154,153,156
161,168,165
165,168,166
156,153,157
167,166,168
172,168,160
165,162,161
160,159,23
161,160,168
152,157,153
152,158,157
159,158,28
174,173,23
148,147,151
147,146,144
151,150,148
139,138,140
146,145,144
152,151,143
144,143,151
147,144,151
134,152,143
141,138,137
138,141,140
137,136,141
141,136,143
143,142,141
152,134,158
148,150,149
134,143,136
23,173,160
174,15,177
15,174,23
136,135,134
134,33,158
159,28,23
127,130,129
133,131,134
19,17,20
19,18,17
16,15,17
21,20,23
17,15,20
24,23,27
15,23,20
22,21,23
133,132,131
123,125,124
123,126,125
120,122,121
123,122,126
130,127,120
60,131,130
127,126,120
119,118,120
116,115,117
131,59,43
113,118,117
120,118,130
126,122,120
36,134,131
127,129,128
60,130,118
25,24,26
28,27,23
30,29,31
28,33,29
27,26,24
31,29,32
29,33,32
39,38,37
36,35,34
158,33,28
34,33,134
40,37,43
43,37,36
37,40,39
42,40,43
44,49,45
49,44,43
131,43,36
59,49,43
42,41,40
45,48,46
48,45,49
47,46,48
53,52,51
53,51,54
49,51,50
34,134,36
51,49,56
117,115,113
108,107,105
101,100,102
105,107,106
104,103,102
113,112,111
113,111,60
110,60,111
104,102,100
108,104,110
104,108,105
100,98,104
110,109,108
110,104,98
114,113,115
99,98,100
93,91,90
91,93,92
93,95,94
98,97,67
96,95,97
87,90,89
90,95,93
67,97,95
83,82,84
87,89,88
98,67,110
90,67,95
64,62,65
65,62,61
67,60,110
66,65,67
63,62,64
67,90,68
67,65,60
51,56,55
59,131,60
55,54,51
49,59,56
57,56,58
58,56,59
60,65,61
87,85,90
76,85,84
85,87,86
76,84,77
82,77,84
79,81,80
77,82,79
79,78,77
82,81,79
69,68,76
71,70,69
69,76,71
75,74,76
74,72,71
72,74,73
76,74,71
68,85,76
68,90,85
118,113,60
256,255,257
