# United States region 17
24 21
# Outer Vertices
-157.703598,21.266109
-157.773895,21.270550
-157.868896,21.296940
-157.902496,21.336941
-157.949203,21.319719
-157.967499,21.344440
-157.938599,21.366381
-157.980301,21.392490
-158.026093,21.374720
-157.978104,21.343330
-157.979996,21.301380
-158.103607,21.295271
-158.189194,21.443600
-158.235001,21.476940
-158.273300,21.580549
-158.118103,21.586941
-157.982803,21.707769
-157.967499,21.696659
-157.852005,21.557501
-157.805801,21.435829
-157.722000,21.464439
-157.708298,21.368610
-157.639694,21.313881
-157.703598,21.266109
# Triangles
11,8,12
8,11,10
10,9,8
15,14,13
15,13,12
16,15,17
15,12,8
7,18,15
8,7,15
19,3,2
4,3,6
21,1,0
19,2,1
22,21,0
15,18,17
6,19,7
7,19,18
19,21,20
19,6,3
1,21,19
6,5,4
