# United States region 18
18 15
# Outer Vertices
-160.811401,55.117489
-160.848404,55.330269
-160.731400,55.406380
-160.695602,55.399990
-160.661407,55.387211
-160.660004,55.340260
-160.696701,55.319439
-160.668594,55.297211
-160.574997,55.387489
-160.543900,55.385540
-160.533905,55.350269
-160.582794,55.316929
-160.572495,55.228321
-160.462204,55.193321
-160.613602,55.150539
-160.679199,55.163879
-160.681107,55.208599
-160.811401,55.117489
# Triangles
1,17,16
16,12,7
14,16,15
6,16,7
2,1,6
6,3,2
5,3,6
1,16,6
11,8,7
7,12,11
13,12,14
5,4,3
8,10,9
11,10,8
12,16,14
