# United States region 12
19 16
# Outer Vertices
-133.695297,55.896381
-133.785599,55.916931
-133.793106,55.948318
-133.685593,56.062210
-133.489700,56.081100
-133.581100,56.100269
-133.620300,56.114159
-133.610306,56.133320
-133.500595,56.115822
-133.314499,56.149151
-133.285599,56.128880
-133.313904,56.081379
-133.287796,56.033871
-133.304504,56.000271
-133.477203,56.022770
-133.585602,55.945271
-133.617004,55.959431
-133.643295,55.937210
-133.695297,55.896381
# Triangles
2,1,18
2,18,17
2,17,3
16,15,14
7,6,5
17,16,3
4,16,14
11,4,14
14,13,11
12,11,13
5,8,7
5,4,8
9,11,10
9,8,4
11,9,4
16,4,3
