# United States region 48
1822 1819
# Outer Vertices
-140.999100,69.644562
-141.000900,66.832474
-141.001404,63.566380
-140.996902,60.307590
-140.521393,60.222210
-140.450806,60.309711
-139.979401,60.187759
-139.676697,60.340542
-139.068100,60.352211
-139.065796,60.316929
-139.188904,60.088871
-139.047806,59.997478
-138.690308,59.906929
-138.654694,59.814701
-138.584396,59.756649
-137.999405,59.451580
-137.988800,59.446079
-137.590805,59.238590
-137.479706,58.998039
-137.507202,58.937759
-137.495804,58.911930
-137.427505,58.911369
-136.808899,59.165260
-136.583893,59.163311
-136.480804,59.261929
-136.463593,59.469700
-136.300003,59.471088
-136.233902,59.525822
-136.239197,59.561371
-136.343903,59.602772
-135.473602,59.801929
-135.014496,59.567490
-135.021103,59.471088
-135.091705,59.426929
-134.989197,59.389980
-135.016098,59.347759
-134.947495,59.278870
-134.688004,59.243320
-134.566406,59.130539
-134.461395,59.126652
-134.377502,59.043880
-134.395294,58.983040
-134.311401,58.964432
-134.332199,58.929710
-134.245499,58.856930
-133.826904,58.726089
-133.683304,58.595539
-133.366394,58.424160
-133.447205,58.377201
-133.136993,58.135818
-133.084396,58.029430
-132.648895,57.619148
-132.226700,57.204700
-132.336899,57.088322
-132.027496,57.036381
-132.103104,56.866650
-131.861404,56.799709
-131.816101,56.594990
-131.539505,56.596649
-131.125793,56.424160
-130.774399,56.366100
-130.627197,56.258598
-130.461899,56.235260
-130.414200,56.128868
-130.229202,56.090260
-130.088593,56.118038
-130.014206,56.023869
-130.016205,55.912411
-130.174194,55.759991
-130.143600,55.558041
-129.991394,55.286930
-130.209702,55.081928
-130.349503,54.917759
-130.579498,54.796101
-130.604507,54.800541
-130.575806,54.857769
-130.672195,54.767208
-130.712799,54.767769
-130.728394,54.790539
-130.682800,54.796940
-130.724197,54.944149
-130.747803,54.963329
-130.787003,54.794159
-130.819199,54.767769
-130.893906,54.780540
-130.932495,54.871929
-130.984695,55.045818
-130.839401,55.103039
-130.727798,55.076099
-130.753906,55.092770
-130.816406,55.142769
-130.912201,55.090549
-131.012207,55.086651
-131.070007,55.173599
-131.050003,55.204990
-130.937195,55.283039
-130.633102,55.287769
-130.636993,55.302212
-130.650299,55.333599
-130.843094,55.300819
-130.866699,55.313320
-130.885803,55.705269
-130.957001,55.776932
-131.198303,55.969151
-131.117203,56.022209
-131.010300,56.106380
-131.322495,55.964989
-131.373398,55.962490
-131.409698,56.005550
-131.852798,55.864990
-131.915604,55.858318
-131.753601,55.813042
-131.787003,55.743599
-131.863098,55.725269
-131.815308,55.669430
-131.879501,55.598598
-131.998596,55.664989
-131.922806,55.551380
-131.955002,55.501099
-132.143097,55.567490
-132.191101,55.613319
-132.266403,55.750542
-132.205002,55.736660
-132.168304,55.721931
-132.183304,55.789440
-132.047806,55.805820
-132.082794,55.844711
-132.032196,55.890820
-132.061096,55.937210
-131.943604,55.995541
-131.963104,56.160259
-131.769699,56.196930
-131.597504,56.169159
-131.490295,56.220829
-131.905594,56.228600
-131.970306,56.357208
-132.236099,56.484989
-132.331406,56.515541
-132.351395,56.542488
-132.304993,56.633881
-132.447495,56.603600
-132.547806,56.627769
-132.539200,56.658329
-132.455002,56.671940
-132.526093,56.708599
-132.494995,56.750820
-132.746399,56.834148
-132.923294,56.976940
-132.774200,56.958321
-132.766403,56.989712
-132.791397,57.088039
-132.972198,57.031940
-133.164505,57.083881
-133.114502,57.144428
-133.157196,57.164440
-133.203094,57.136379
-133.234497,57.174709
-133.260803,57.111370
-133.296402,57.096661
-133.546997,57.175541
-133.472000,57.279430
-133.058899,57.327770
-133.033401,57.348049
-133.341904,57.327770
-133.432297,57.346931
-133.451996,57.374439
-133.340897,57.406380
-133.356094,57.429710
-133.434402,57.419159
-133.495300,57.462769
-133.496704,57.531940
-133.446106,57.569439
-133.321106,57.579708
-133.357498,57.591930
-133.549194,57.565819
-133.648300,57.609440
-133.643600,57.700821
-133.562805,57.709709
-133.400299,57.714710
-133.517807,57.745819
-133.549698,57.809429
-133.556900,57.902489
-133.132797,57.850552
-133.166397,57.882771
-133.548096,57.924431
-133.588104,57.913052
-133.589401,57.859711
-133.638901,57.878319
-133.622192,57.810551
-133.647003,57.785820
-133.700607,57.790272
-133.855804,57.953880
-133.783600,57.991650
-133.699707,57.935551
-133.699997,57.971371
-133.669205,58.013882
-133.725601,58.007210
-133.766403,58.050541
-133.670807,58.141930
-133.742004,58.135818
-133.797806,58.009708
-133.898300,57.976379
-134.050293,58.067760
-134.069504,58.101101
-134.066406,58.276932
-133.979996,58.312210
-134.011398,58.391380
-133.920807,58.497761
-133.769501,58.517490
-133.959198,58.504711
-134.145294,58.294708
-134.096100,58.247761
-134.154205,58.197769
-134.240295,58.208599
-134.606995,58.364712
-134.633102,58.342491
-134.652298,58.380550
-134.737503,58.372761
-134.764999,58.386662
-134.775803,58.491100
-134.935593,58.607491
-134.988907,58.675541
-134.915298,58.652760
-134.947205,58.814709
-135.027298,58.787769
-135.022797,58.736931
-135.140594,58.831928
-135.158096,58.982769
-135.362503,59.263321
-135.322800,59.449711
-135.359695,59.453880
-135.399200,59.305271
-135.547501,59.321381
-135.307800,59.120270
-135.304703,59.083599
-135.426300,59.186508
-135.545593,59.233879
-135.541702,59.214710
-135.375595,59.081100
-135.391098,58.964161
-135.237503,58.780819
-135.201401,58.680820
-135.162796,58.636662
-135.223602,58.608879
-135.049500,58.340549
-135.053894,58.293598
-135.089996,58.269161
-135.085602,58.233051
-135.151901,58.206661
-135.329193,58.252769
-135.468597,58.418049
-135.460602,58.380550
-135.494797,58.372761
-135.609695,58.420269
-135.910599,58.379162
-135.872803,58.460541
-135.867203,58.489990
-135.836105,58.532490
-135.889496,58.571930
-135.820297,58.599709
-135.919998,58.648041
-136.069504,58.811649
-135.928101,58.874710
-135.925293,58.855549
-135.758896,58.883041
-135.769501,58.900269
-135.963593,58.916370
-135.966705,58.876381
-136.033905,58.851650
-136.097000,59.006939
-136.152298,59.034431
-136.135300,58.950550
-136.093399,58.868599
-136.158905,58.761379
-136.222000,58.749439
-136.383408,58.804440
-136.465607,58.827770
-136.508102,58.904709
-136.488907,58.965549
-136.539993,58.963039
-136.570908,58.913601
-136.699493,59.020260
-136.608307,58.907768
-136.649200,58.890270
-137.004700,59.020260
-136.912796,58.953041
-136.906693,58.920551
-137.098907,58.856930
-137.115799,58.819710
-136.852005,58.880260
-136.635300,58.808880
-136.498093,58.743599
-136.382004,58.720829
-136.337494,58.683880
-136.443405,58.607491
-136.386398,58.622490
-136.289703,58.625271
-136.296997,58.657211
-136.192505,58.616650
-136.154205,58.529430
-136.059692,58.468319
-136.027496,58.387211
-136.083298,58.338329
-136.254501,58.307770
-136.283401,58.318600
-136.260300,58.349430
-136.323593,58.401661
-136.328293,58.373051
-136.466095,58.408871
-136.553894,58.376381
-136.473907,58.382488
-136.376999,58.361660
-136.354706,58.340260
-136.362000,58.298599
-136.592499,58.359150
-136.632797,58.317490
-136.561096,58.272770
-136.587494,58.225552
-136.654205,58.215260
-136.705002,58.238041
-136.713303,58.264149
-136.732193,58.308319
-136.781403,58.294991
-136.772003,58.332760
-136.843094,58.317490
-136.831696,58.353870
-136.865005,58.381649
-136.892807,58.340820
-136.922501,58.388321
-137.276199,58.457760
-137.626404,58.598881
-137.658096,58.622211
-137.749207,58.708050
-137.910599,58.784988
-137.964996,58.904709
-138.287796,59.073601
-138.595001,59.114429
-138.578598,59.126099
-138.498398,59.119709
-138.435898,59.182491
-138.513306,59.186649
-138.625900,59.139431
-138.978607,59.269428
-139.227203,59.341648
-139.225296,59.377769
-139.298599,59.343880
-139.345596,59.380821
-139.345306,59.398880
-139.777802,59.512760
-139.852295,59.544460
-139.585297,59.603870
-139.537506,59.672489
-139.473099,59.701931
-139.606094,59.847759
-139.615601,59.896648
-139.493896,59.982208
-139.443100,59.976940
-139.292801,59.854988
-139.336395,59.814430
-139.338303,59.718601
-139.262207,59.622761
-139.337494,59.610821
-139.322800,59.587490
-139.265305,59.570541
-139.224503,59.616100
-139.294495,59.730820
-139.274200,59.831379
-139.055298,59.845829
-139.106400,59.861931
-139.222504,59.866650
-139.504501,60.049431
-139.585800,60.003319
-139.582199,59.953320
-139.681900,59.931660
-139.834503,59.823318
-140.239502,59.708599
-140.650803,59.714989
-141.430801,59.876099
-141.466095,59.898880
-141.282501,59.936378
-141.257202,59.989712
-141.279694,60.071659
-141.378906,60.137211
-141.469193,60.125820
-141.461700,60.086102
-141.382797,60.043320
-141.378601,60.028049
-141.705597,59.953880
-142.212204,60.056660
-142.743301,60.110538
-143.786697,60.017490
-143.886993,59.990551
-144.008606,60.032490
-144.004501,60.047771
-144.250595,60.145550
-144.183105,60.198601
-144.574203,60.185822
-144.831100,60.300541
-144.912506,60.286381
-144.936401,60.301659
-144.791107,60.481380
-144.824203,60.474991
-144.870605,60.464710
-144.876404,60.497490
-144.816696,60.549431
-144.761703,60.663319
-144.633606,60.665821
-144.611404,60.715549
-144.753906,60.678051
-145.237000,60.361931
-145.349503,60.352211
-145.644196,60.464989
-145.886703,60.486370
-145.763596,60.541100
-145.619400,60.658039
-145.636993,60.673870
-145.835602,60.622761
-145.843903,60.635818
-145.836105,60.694988
-145.952194,60.630821
-145.981400,60.654430
-145.920593,60.693321
-145.923096,60.706379
-146.174194,60.635269
-146.253601,60.638321
-146.261093,60.658039
-146.016693,60.743320
-146.032806,60.795818
-146.255005,60.723598
-146.303894,60.725552
-146.282806,60.774712
-146.485794,60.678600
-146.580002,60.701931
-146.633408,60.689159
-146.690903,60.742210
-146.199203,60.816101
-146.242203,60.833599
-146.207794,60.851101
-146.088593,60.834148
-146.231094,60.892769
-146.309692,60.834991
-146.515793,60.816380
-146.722794,60.911652
-146.756699,60.955269
-146.583298,60.937481
-146.702194,60.975269
-146.667801,61.033039
-146.573593,61.025829
-146.593903,61.051102
-146.642197,61.062481
-146.527802,61.083321
-146.243607,61.085541
-146.272797,61.116940
-146.423904,61.137489
-146.585007,61.131378
-146.935303,60.947208
-147.025604,60.950550
-146.974701,60.994991
-147.012207,61.003319
-147.155304,60.984711
-147.142502,60.952209
-147.186401,60.951099
-147.272507,61.001930
-147.248596,60.936649
-147.420807,60.901100
-147.435593,60.928879
-147.378601,60.984150
-147.454498,60.955540
-147.421997,61.009708
-147.472504,60.997490
-147.508606,60.914440
-147.539703,60.929989
-147.525803,61.055820
-147.479202,61.074162
-147.531403,61.129429
-147.555298,61.151932
-147.595001,61.023602
-147.634705,60.964989
-147.603104,60.914711
-147.598404,60.864990
-147.668106,60.853039
-147.666397,60.897491
-147.729202,60.887489
-147.703598,60.947769
-147.785904,60.923870
-147.746399,60.842770
-147.787201,60.821659
-147.865295,60.832489
-148.048294,60.944988
-147.791702,61.166660
-147.699493,61.204151
-147.734497,61.212212
-147.725601,61.277489
-148.034698,61.028599
-148.076401,61.018879
-148.138596,61.116650
-148.391098,61.061939
-148.356705,61.045818
-148.449707,60.994991
-148.417801,60.983051
-148.242493,61.062210
-148.165298,61.046650
-148.244202,60.951099
-148.325302,60.968319
-148.300797,60.870541
-148.312195,60.841381
-148.462799,60.810551
-148.472198,60.788052
-148.631104,60.750271
-148.699997,60.676659
-148.600006,60.695541
-148.524200,60.758598
-148.394196,60.777760
-148.357803,60.749439
-148.443405,60.658871
-148.421097,60.625271
-148.275803,60.754990
-148.252808,60.740551
-148.235001,60.681099
-148.197495,60.626099
-148.322495,60.536381
-148.435898,60.584709
-148.566101,60.539711
-148.676102,60.477489
-148.684204,60.448318
-148.463104,60.539989
-148.337799,60.506378
-148.266098,60.443600
-148.224701,60.461380
-148.196396,60.544991
-148.182800,60.492771
-148.094193,60.601379
-148.041702,60.568600
-147.956406,60.504711
-147.997498,60.469711
-147.936996,60.462212
-147.952805,60.429710
-148.179993,60.414440
-148.124496,60.367489
-148.154694,60.349430
-148.239197,60.347210
-148.213303,60.338600
-148.232193,60.299431
-148.313599,60.251930
-148.372498,60.289440
-148.379700,60.254162
-148.358597,60.231930
-148.435303,60.188042
-148.423599,60.176380
-148.234207,60.238041
-148.240601,60.220268
-148.183594,60.201931
-148.125305,60.234440
-148.112198,60.194149
-148.163406,60.143040
-148.259995,60.116379
-148.293900,60.126930
-148.320297,60.174431
-148.408600,60.000271
-148.435898,59.948879
-148.523895,60.028320
-148.547806,59.955540
-148.643600,59.921101
-148.746094,59.961651
-148.860596,59.931931
-148.929199,59.973320
-149.070602,59.961651
-149.101105,59.997761
-149.039505,60.042488
-149.077499,60.056381
-149.194199,60.005260
-149.261398,59.874149
-149.291397,59.873051
-149.292801,60.009991
-149.350296,60.077770
-149.368896,60.115822
-149.417007,60.118320
-149.439697,60.067760
-149.443100,59.958881
-149.461395,59.926929
-149.531097,59.926659
-149.628098,59.824711
-149.522797,59.736931
-149.525803,59.716648
-149.624695,59.739429
-149.597198,59.771931
-149.663605,59.804150
-149.643600,59.884708
-149.689499,59.954151
-149.731995,59.960541
-149.754700,59.840549
-149.859695,59.850819
-149.750000,59.727489
-149.743607,59.658600
-149.792496,59.669708
-149.915894,59.772770
-150.024704,59.798599
-150.028595,59.767769
-149.919998,59.719440
-149.956696,59.666931
-150.013596,59.627491
-150.108902,59.695541
-150.112793,59.675819
-150.086899,59.588039
-150.191101,59.588600
-150.175797,59.530540
-150.343094,59.504429
-150.359695,59.533039
-150.217499,59.704990
-150.232498,59.718040
-150.473602,59.464432
-150.545807,59.511101
-150.551697,59.533039
-150.491699,59.591099
-150.518906,59.600552
-150.654694,59.546101
-150.571106,59.488602
-150.606400,59.430538
-150.914703,59.321098
-150.879700,59.263321
-150.957199,59.202209
-151.001999,59.226940
-150.992493,59.269428
-151.242203,59.314159
-151.267197,59.298321
-151.096405,59.242489
-151.104706,59.217491
-151.301697,59.216930
-151.402496,59.259430
-151.513596,59.226940
-151.476395,59.202209
-151.723404,59.160820
-151.758606,59.169991
-151.758606,59.221661
-151.866394,59.209991
-151.884201,59.239712
-151.972000,59.271099
-151.983307,59.305820
-151.930603,59.347488
-151.812500,59.353321
-151.901093,59.396931
-151.869995,59.420551
-151.673599,59.479160
-151.389694,59.438042
-151.385605,59.468319
-151.446396,59.499710
-151.443604,59.528881
-151.177002,59.594151
-151.199997,59.635818
-150.996704,59.772209
-151.008102,59.790539
-151.111099,59.774712
-151.442200,59.653599
-151.454193,59.618038
-151.780899,59.692490
-151.869202,59.743881
-151.880905,59.779709
-151.670593,60.065269
-151.453293,60.189991
-151.386398,60.298870
-151.391693,60.360271
-151.303894,60.385540
-151.274994,60.532490
-151.416397,60.705540
-151.408905,60.727489
-151.052002,60.787769
-150.669495,60.963871
-150.409195,61.036381
-150.339798,61.031940
-150.271103,60.955818
-150.053604,60.905540
-149.836395,60.973598
-149.043594,60.844440
-149.042496,60.879711
-149.145294,60.939159
-149.615799,60.990261
-150.056900,61.150829
-150.031403,61.198601
-149.904694,61.223881
-149.826096,61.316380
-149.393600,61.463039
-149.246704,61.488041
-149.257797,61.499149
-149.606995,61.490822
-149.762207,61.442211
-149.905899,61.353870
-149.933105,61.264709
-149.995804,61.240261
-150.477493,61.249439
-150.546402,61.284710
-150.539200,61.364990
-150.576401,61.360821
-150.582199,61.288601
-151.001099,61.185551
-151.134506,61.093040
-151.154404,61.056931
-151.740799,60.915340
-151.802795,60.853039
-151.784500,60.801929
-151.709198,60.734989
-151.725296,60.716930
-151.920807,60.728600
-152.322006,60.498878
-152.340302,60.461102
-152.316101,60.417210
-152.244202,60.398602
-152.570908,60.229710
-152.790604,60.245819
-152.818604,60.264992
-152.886398,60.250542
-152.895294,60.303051
-153.006699,60.311378
-153.081100,60.279148
-152.999496,60.293880
-152.937805,60.284431
-152.929504,60.238880
-152.596100,60.094440
-152.574997,60.070271
-152.712204,59.918049
-152.927795,59.878880
-153.218094,59.868038
-153.281998,59.825550
-153.140305,59.814430
-153.019196,59.831100
-152.997192,59.801380
-153.044495,59.706928
-153.226105,59.643879
-153.301697,59.678322
-153.303894,59.634430
-153.426102,59.647770
-153.323105,59.716648
-153.443604,59.789440
-153.463303,59.664711
-153.555801,59.628601
-153.591400,59.693878
-153.702194,59.637760
-153.563095,59.608051
-153.588898,59.556099
-153.848602,59.553051
-153.828293,59.542488
-153.735001,59.494160
-153.739502,59.438599
-154.142502,59.377491
-154.100006,59.349430
-153.950806,59.362770
-154.112000,59.303879
-154.148895,59.243320
-154.126404,59.202492
-154.260803,59.142208
-154.175598,59.089710
-154.200607,59.055820
-154.177002,59.026100
-154.040604,59.079430
-153.712204,59.070820
-153.590897,58.995819
-153.331406,58.929150
-153.290604,58.878880
-153.257202,58.863319
-153.290894,58.839989
-153.348907,58.849991
-153.508408,58.698318
-153.648605,58.627491
-153.896393,58.579990
-153.929993,58.505260
-154.097000,58.485538
-154.066696,58.407211
-154.002502,58.395550
-154.046997,58.360821
-154.354507,58.287769
-154.354706,58.248051
-154.192200,58.317211
-154.115295,58.286930
-154.133606,58.265820
-154.243301,58.255821
-154.155594,58.229431
-154.189194,58.194988
-154.301697,58.189159
-154.226105,58.145821
-154.240799,58.128319
-154.336700,58.155819
-154.327194,58.080818
-154.426102,58.132771
-154.491394,58.196098
-154.460007,58.103600
-154.470306,58.082760
-154.600601,58.124439
-154.540604,58.063881
-154.568100,58.025269
-154.633606,58.031101
-154.656693,58.068600
-154.717194,58.055271
-154.749207,58.012489
-155.018097,58.025269
-155.119995,57.950550
-155.063095,57.897491
-155.181900,57.862492
-155.247498,57.878319
-155.219193,57.843880
-155.358307,57.798870
-155.295303,57.757771
-155.363602,57.723320
-155.561096,57.793598
-155.620804,57.763321
-155.634506,57.712769
-155.583893,57.684990
-155.587799,57.669159
-155.764206,57.647209
-155.734100,57.545151
-155.803299,57.541370
-155.820007,57.580269
-155.921097,57.526932
-156.075806,57.533039
-156.025604,57.455269
-156.044998,57.433880
-156.260803,57.433319
-156.545807,57.315819
-156.558105,57.271381
-156.368896,57.310551
-156.346695,57.270821
-156.446396,57.224991
-156.343094,57.179710
-156.368301,57.141930
-156.473404,57.121380
-156.501404,57.052761
-156.561707,57.043320
-156.640305,57.056931
-156.545593,56.982491
-156.684692,56.996929
-156.760300,57.042759
-156.794998,57.033329
-156.759201,56.997490
-156.798294,56.909431
-156.831696,56.893318
-156.947205,56.976650
-156.940002,56.912491
-157.022003,56.894161
-157.087494,56.823601
-157.188095,56.848049
-157.145599,56.811939
-157.168106,56.778320
-157.277496,56.791660
-157.366394,56.851650
-157.403021,56.849430
-157.465302,56.818878
-157.396393,56.765270
-157.511703,56.758320
-157.600296,56.718880
-157.460800,56.651371
-157.481094,56.615822
-157.684998,56.609150
-157.747803,56.674431
-157.903107,56.650829
-158.110306,56.568050
-158.112198,56.526100
-157.925293,56.574162
-157.848907,56.557209
-157.835297,56.510818
-157.876999,56.467491
-158.128403,56.492489
-158.134201,56.462490
-158.414993,56.446659
-158.650299,56.281651
-158.609497,56.255821
-158.537796,56.247211
-158.565308,56.284431
-158.501099,56.328880
-158.447800,56.340260
-158.408600,56.294159
-158.260803,56.300270
-158.211105,56.288601
-158.235306,56.258881
-158.387497,56.208050
-158.320602,56.202492
-158.329498,56.170818
-158.134201,56.239429
-158.203598,56.183880
-158.357498,56.124981
-158.395294,56.177212
-158.439499,56.126659
-158.404694,56.088329
-158.416107,56.062771
-158.492004,56.101650
-158.489502,56.043049
-158.428299,56.039989
-158.419998,56.009430
-158.440002,55.993599
-158.496704,56.031651
-158.496902,55.990261
-158.566406,56.023880
-158.604706,56.045269
-158.549698,56.143600
-158.471405,56.178879
-158.628601,56.199989
-158.563400,56.164711
-158.647202,56.111099
-158.689697,56.148602
-158.697800,56.104431
-158.659195,56.066101
-158.736099,56.036930
-158.647797,56.018600
-158.646103,55.989712
-158.735306,55.949989
-158.740295,56.002209
-158.854706,56.010818
-158.927505,55.914440
-158.956696,55.932770
-159.021393,55.920269
-159.359695,55.875271
-159.416397,55.826382
-159.411407,55.793049
-159.442001,55.787769
-159.475906,55.872211
-159.473099,55.899990
-159.553894,55.873322
-159.503906,55.765541
-159.623596,55.573318
-159.738602,55.565269
-159.696396,55.600552
-159.615005,55.634991
-159.707504,55.661652
-159.631699,55.694988
-159.679703,55.738041
-159.620605,55.803600
-159.704193,55.841099
-159.841095,55.851101
-159.850601,55.790272
-159.904694,55.781380
-159.965897,55.816380
-159.974503,55.775539
-160.032806,55.791370
-160.058105,55.765541
-160.023102,55.727211
-160.075806,55.696381
-160.154205,55.731098
-160.134201,55.671101
-160.289703,55.634708
-160.418106,55.651661
-160.412796,55.628040
-160.365295,55.607208
-160.463303,55.537491
-160.473099,55.493881
-160.529694,55.474152
-160.589401,55.551102
-160.592194,55.608318
-160.766403,55.541100
-160.708099,55.520821
-160.659500,55.509430
-160.666702,55.465820
-160.785599,55.446381
-160.841904,55.468319
-160.833099,55.513321
-160.920593,55.515541
-161.243607,55.348881
-161.503098,55.359440
-161.485596,55.481098
-161.373901,55.572769
-161.186996,55.518040
-161.141693,55.522209
-161.147797,55.542488
-161.412796,55.631939
-161.562500,55.622761
-161.711395,55.514149
-161.699203,55.405540
-161.918594,55.219151
-162.010605,55.236660
-162.044205,55.227489
-161.955307,55.120819
-162.046097,55.074429
-162.118607,55.095829
-162.096405,55.162209
-162.171097,55.149429
-162.226700,55.106659
-162.193604,55.053879
-162.224197,55.024712
-162.278900,55.017490
-162.320908,55.068050
-162.354996,55.035820
-162.454193,55.038319
-162.524994,55.090549
-162.513596,55.115261
-162.369400,55.094151
-162.562195,55.293320
-162.636993,55.297489
-162.706696,55.254429
-162.721695,55.219440
-162.596405,55.133598
-162.646393,55.072208
-162.597198,55.044991
-162.557800,54.959431
-162.656693,55.005550
-162.611404,55.011379
-162.643600,55.049431
-162.711899,54.985538
-162.749207,54.941662
-162.869995,54.929989
-162.974701,54.994991
-162.916702,55.013321
-163.065002,55.101101
-163.184402,55.139709
-163.220306,55.044159
-163.203903,55.011101
-163.061401,54.968319
-163.042801,54.942490
-163.325607,54.809158
-163.381699,54.851379
-163.274704,54.912769
-163.352203,54.919159
-163.331100,54.962769
-163.258408,54.941929
-163.239502,54.963871
-163.288605,54.999989
-163.325897,55.114040
-163.039703,55.214432
-163.078598,55.182770
-162.966095,55.164150
-162.839401,55.218040
-162.845596,55.242489
-162.884705,55.239429
-162.890305,55.266102
-162.663895,55.348320
-162.494202,55.371101
-162.498596,55.438881
-162.595901,55.436649
-162.384201,55.574429
-162.089203,55.759708
-161.645004,55.913319
-161.318405,55.950821
-161.068405,55.934990
-160.889496,55.995270
-160.862793,55.938320
-160.962494,55.936649
-161.021698,55.906940
-161.016998,55.878880
-160.697495,55.697208
-160.660294,55.726101
-160.797501,55.872211
-160.481400,55.849709
-160.471100,55.796650
-160.249695,55.770550
-160.314697,55.822208
-160.233597,55.836929
-160.516998,55.935822
-160.569504,55.929710
-160.533905,55.968880
-160.575302,55.992771
-160.367493,56.269989
-159.771698,56.562771
-159.239502,56.723598
-159.029694,56.806381
-158.981094,56.779148
-158.958298,56.833881
-158.640594,56.761101
-158.699997,56.977211
-158.540894,57.143600
-158.285294,57.324162
-158.043304,57.413601
-157.816101,57.538319
-157.678604,57.567490
-157.686707,57.538879
-157.657196,57.474709
-157.412003,57.484989
-157.405304,57.520260
-157.388901,57.559158
-157.444702,57.549431
-157.436203,57.503521
-157.584198,57.486931
-157.621399,57.618320
-157.682297,57.613319
-157.706696,57.643318
-157.642502,57.869160
-157.598602,58.109440
-157.541107,58.169159
-157.436401,58.169159
-157.391006,58.189610
-157.138596,58.162491
-157.232803,58.213329
-157.457001,58.209991
-157.565002,58.303600
-157.500595,58.465260
-157.106705,58.703320
-157.054993,58.722488
-157.074707,58.740551
-156.983902,58.939709
-156.860001,58.994160
-156.778595,59.151249
-156.860306,59.108051
-156.878906,59.013882
-157.184692,58.852489
-158.092499,58.621380
-158.198898,58.606930
-158.318405,58.645821
-158.350906,58.734440
-158.565598,58.832489
-158.517807,58.854710
-158.494797,58.949162
-158.419998,58.971931
-158.490799,58.987770
-158.438904,59.020821
-158.363907,59.037491
-158.145599,59.000542
-158.061401,58.946098
-158.077194,58.921650
-158.023605,58.870819
-157.992798,58.904991
-158.043594,58.910820
-158.061401,58.979160
-158.129501,59.028320
-158.423294,59.076931
-158.443100,59.059711
-158.692505,58.884430
-158.739700,58.896931
-158.730606,58.928600
-158.788605,58.961651
-158.790894,58.938881
-158.772003,58.861099
-158.786407,58.761662
-158.837494,58.727211
-158.884506,58.733601
-158.886993,58.763599
-158.806107,58.786652
-158.816696,58.811100
-158.881699,58.805271
-158.912201,58.768879
-158.808105,58.577209
-158.704193,58.492210
-158.795807,58.415821
-158.897507,58.395550
-159.056702,58.424992
-159.345596,58.719440
-159.542496,58.841930
-159.650604,58.836380
-159.602798,58.898602
-159.622498,58.949429
-159.768600,58.934429
-159.745804,58.916100
-159.849701,58.788879
-159.909500,58.769711
-159.998596,58.876659
-160.079498,58.887489
-160.105606,58.862770
-160.163101,58.871380
-160.161697,58.911381
-160.320007,58.950550
-160.253098,58.982208
-160.318893,59.056931
-160.385605,59.062481
-160.729507,58.922489
-160.841400,58.822491
-160.826996,58.852772
-160.866104,58.882771
-161.063095,58.831928
-161.250900,58.790539
-161.267197,58.815269
-161.313904,58.798038
-161.280899,58.775539
-161.368607,58.717770
-161.384995,58.670818
-161.693100,58.562481
-161.763107,58.552490
-161.710602,58.613319
-161.748901,58.643879
-161.758102,58.588329
-161.843094,58.626099
-162.076096,58.619431
-162.171402,58.649712
-161.994797,58.680538
-161.934402,58.645821
-161.853897,58.668598
-161.793900,58.757488
-161.704498,58.759430
-161.655594,58.800541
-161.698898,58.824429
-161.770599,58.783039
-161.753098,58.818050
-161.794693,58.895260
-161.788406,58.969151
-161.854202,59.022770
-161.833603,59.044708
-161.805801,59.016102
-161.569504,59.099152
-161.618607,59.138882
-161.943893,59.103600
-162.050293,59.255821
-162.009705,59.234711
-161.961395,59.304989
-161.962204,59.375542
-161.713303,59.487770
-161.796402,59.574989
-161.887207,59.678322
-162.058105,59.859440
-162.236099,60.060551
-162.197205,60.139709
-162.251404,60.197769
-162.162003,60.217770
-162.151398,60.245541
-162.290604,60.190540
-162.269699,60.161381
-162.324997,60.133320
-162.367004,60.162769
-162.332001,60.203320
-162.472198,60.297771
-162.374695,60.340820
-162.222000,60.581661
-161.879501,60.702209
-162.083603,60.658600
-162.131104,60.713039
-162.124496,60.649990
-162.268097,60.612770
-162.381104,60.434711
-162.436096,60.430820
-162.417007,60.381378
-162.458099,60.363602
-162.538101,60.347759
-162.597000,60.299992
-162.548294,60.283600
-162.556396,60.257210
-162.699997,60.261101
-162.472794,60.204708
-162.447006,60.180820
-162.498901,60.122490
-162.471100,60.069149
-162.509201,60.000271
-162.604996,59.981380
-162.751694,60.002769
-162.773102,59.950550
-163.303894,59.828602
-163.832001,59.799709
-164.091705,59.830269
-164.157501,59.859711
-164.218597,59.945820
-164.115295,59.998051
-164.410294,60.084431
-164.678101,60.295818
-164.651199,60.327320
-164.740799,60.291100
-164.974197,60.335541
-165.142807,60.439430
-164.971405,60.511929
-164.983597,60.544159
-165.350006,60.508881
-165.420303,60.544708
-165.375900,60.579990
-165.202194,60.621380
-165.004501,60.701099
-164.982498,60.721661
-165.033401,60.780270
-164.880905,60.829430
-164.869797,60.848881
-164.957001,60.899429
-164.945908,60.924431
-164.839203,60.866940
-164.703293,60.909710
-164.635605,60.907211
-164.697495,60.847488
-164.680801,60.827770
-164.285294,60.789989
-164.218399,60.688881
-164.440598,60.566101
-164.406097,60.553051
-164.268600,60.647209
-164.129700,60.663319
-164.042007,60.756378
-163.870605,60.774712
-163.809402,60.749710
-163.835297,60.631378
-163.799500,60.581379
-163.669495,60.587212
-163.451401,60.678600
-163.423096,60.709991
-163.469193,60.751381
-163.409698,60.756649
-163.723907,60.840549
-163.914505,60.845268
-163.870804,60.874149
-163.668594,60.865551
-163.575302,60.912491
-163.755905,60.933880
-163.698303,60.964161
-163.668900,60.989429
-163.801102,60.971100
-163.957794,60.855549
-164.557495,60.850819
-164.579498,60.895260
-164.609497,60.922771
-164.728104,60.932209
-164.801697,60.897491
-164.851105,60.944439
-164.948593,60.951931
-165.049500,60.908039
-165.135300,60.921379
-165.194702,60.966381
-165.131699,61.004429
-164.947495,61.013599
-164.939499,61.084991
-164.783401,61.099430
-164.778397,61.119431
-164.993301,61.112770
-165.012207,61.058041
-165.105804,61.077209
-165.184998,61.123600
-165.062500,61.211380
-165.125305,61.204990
-165.144196,61.159710
-165.211899,61.149151
-165.364700,61.195820
-165.284393,61.224831
-165.218597,61.255550
-165.197205,61.317490
-165.257004,61.328320
-165.154694,61.359150
-165.175598,61.396099
-164.695908,61.595539
-164.716095,61.625542
-164.860306,61.531940
-165.195007,61.408600
-165.289505,61.328880
-165.222000,61.274712
-165.398605,61.217209
-165.404999,61.197491
-165.341400,61.157211
-165.357193,61.076931
-165.493607,61.075260
-165.593094,61.108879
-165.638306,61.173038
-165.608902,61.280819
-165.842499,61.310551
-165.918594,61.389992
-165.891403,61.426102
-165.786697,61.443321
-165.760803,61.479988
-165.873596,61.549709
-166.078598,61.534161
-166.057297,61.498878
-166.114502,61.489159
-166.196106,61.582760
-166.162506,61.713871
-166.147507,61.688320
-166.143906,61.638882
-165.788895,61.679150
-165.999695,61.727211
-166.096695,61.809990
-165.849197,61.830818
-165.596405,61.847488
-165.612198,61.872211
-165.744995,61.973598
-165.756104,62.015270
-165.679703,62.135269
-165.335602,62.360271
-165.309204,62.403599
-165.080795,62.529709
-164.873901,62.536098
-164.858597,62.474709
-164.608307,62.431660
-164.573593,62.425270
-164.590302,62.456379
-164.673294,62.459148
-164.737793,62.491379
-164.833298,62.481659
-164.789703,62.534988
-164.852203,62.559990
-164.839996,62.578041
-164.570908,62.682770
-164.479202,62.745819
-164.658401,62.674431
-164.768097,62.614990
-164.808105,62.618320
-164.887497,62.781380
-164.764206,62.789440
-164.871902,62.823601
-164.767502,62.969151
-164.701096,63.018600
-164.537796,63.032490
-164.325806,63.003319
-164.313904,63.016930
-164.360794,63.066101
-164.583099,63.124149
-164.410599,63.211929
-164.159698,63.258881
-163.745605,63.218319
-163.636093,63.149151
-163.662003,63.111931
-163.552200,63.135540
-163.561401,63.111660
-163.550003,63.103600
-163.401398,63.068600
-163.341705,63.021931
-162.933304,63.119431
-162.799301,63.214809
-162.680298,63.230549
-162.273102,63.489429
-162.318100,63.536930
-162.091904,63.514709
-162.014496,63.481659
-162.163406,63.435551
-162.142197,63.425270
-161.117493,63.537209
-160.794495,63.732491
-160.764206,63.799160
-160.777496,63.868599
-160.956696,64.142761
-160.945908,64.222473
-161.250595,64.392761
-161.396103,64.428307
-161.538406,64.386368
-161.466705,64.507477
-161.388306,64.536926
-161.158401,64.501083
-161.018295,64.509407
-161.027298,64.532204
-161.002502,64.551361
-160.830597,64.607758
-160.783905,64.705261
-160.882202,64.812469
-161.138901,64.909973
-161.123596,64.920807
-161.070602,64.910812
-160.990295,64.938583
-161.182495,64.937469
-161.412201,64.775528
-161.547806,64.745529
-161.715897,64.816650
-161.801102,64.821907
-161.715302,64.788307
-161.878601,64.735527
-161.879501,64.714706
-162.168900,64.688583
-162.576401,64.520813
-162.641693,64.417213
-162.631699,64.387482
-162.790298,64.336090
-162.862793,64.478027
-162.943893,64.542213
-163.136993,64.615540
-163.154404,64.656647
-163.388107,64.593033
-163.154205,64.513870
-163.043900,64.520538
-163.043594,64.491364
-163.134705,64.413040
-163.197006,64.411087
-163.400299,64.523590
-163.731705,64.577759
-164.312805,64.584427
-164.889999,64.485809
-164.928299,64.533859
-164.962204,64.496094
-164.909698,64.455811
-164.972794,64.446091
-166.085602,64.571907
-166.348404,64.629150
-166.484695,64.729141
-166.477203,64.796921
-166.385605,64.821091
-166.422195,64.919144
-166.522797,64.951370
-166.697800,64.993027
-166.714996,65.051361
-166.854996,65.091637
-166.943100,65.152763
-166.958603,65.210533
-166.908600,65.265259
-166.855804,65.283859
-166.847000,65.269150
-166.919998,65.226639
-166.930801,65.157471
-166.809998,65.122192
-166.611694,65.121094
-166.478607,65.172760
-166.484497,65.234703
-166.260803,65.259697
-166.054199,65.236923
-166.051407,65.251923
-166.195602,65.302467
-166.701401,65.339417
-167.585800,65.451920
-167.863297,65.549973
-168.064697,65.580261
-168.129501,65.643044
-168.121704,65.674423
-167.846405,65.761368
-168.049194,65.676361
-168.041702,65.634697
-167.832504,65.689148
-167.817200,65.718033
-167.639694,65.714417
-167.508102,65.733582
-167.498596,65.769150
-167.571106,65.785248
-167.558105,65.804428
-167.301697,65.903030
-167.203293,65.860527
-167.058304,65.873581
-166.872803,65.934418
-166.969696,65.969971
-166.291702,66.173576
-166.211105,66.181091
-166.091904,66.150818
-166.152298,66.141922
-165.780304,66.102203
-165.500900,66.144974
-165.631393,66.189972
-165.867203,66.219147
-165.868103,66.257751
-165.652496,66.357758
-165.161102,66.443314
-165.074493,66.435257
-165.065002,66.406647
-164.975906,66.431091
-164.717499,66.549423
-163.995300,66.606087
-163.704697,66.589417
-163.625000,66.567200
-163.829697,66.567749
-163.767807,66.536362
-163.756104,66.501083
-163.894196,66.392471
-163.853897,66.282471
-163.953094,66.227753
-164.179703,66.199692
-164.134506,66.188873
-163.904404,66.201103
-163.844193,66.121643
-163.713898,66.078873
-162.880295,66.091919
-162.757507,66.107193
-162.681396,66.004433
-162.477005,66.063873
-162.385605,66.032471
-162.062500,66.068863
-161.916107,66.038589
-161.918594,65.982758
-161.816406,65.974983
-161.815002,65.994713
-161.838303,66.013031
-161.578293,66.251083
-161.368607,66.269974
-161.332001,66.232483
-161.087204,66.241638
-161.102203,66.203033
-161.107803,66.134697
-161.091095,66.122482
-161.015594,66.183868
-160.998596,66.238586
-161.119400,66.335251
-161.507507,66.400818
-161.886398,66.371643
-161.923294,66.334702
-161.858902,66.287201
-161.884705,66.272202
-161.961899,66.332748
-161.872498,66.437469
-161.871094,66.495796
-161.949493,66.561371
-162.223907,66.710533
-162.501099,66.738037
-162.636093,66.868874
-162.633606,66.903313
-162.336899,66.958313
-162.014694,66.776917
-162.077194,66.696373
-162.075302,66.658043
-161.884995,66.538040
-161.600601,66.447746
-161.342499,66.482758
-161.228104,66.534973
-160.662003,66.368591
-160.252502,66.394150
-160.215897,66.424149
-160.209702,66.524406
-160.317200,66.623306
-160.240295,66.644150
-160.334198,66.648590
-160.542206,66.586906
-160.838593,66.662750
-161.140305,66.647476
-161.234497,66.591087
-161.228607,66.560806
-161.306107,66.535248
-161.506699,66.533859
-161.875900,66.706650
-161.888306,66.799973
-161.798904,66.846077
-161.800293,66.899696
-161.651398,66.963867
-161.507004,66.952477
-161.501099,66.979141
-161.840607,67.050262
-162.234497,67.007202
-162.273102,67.065811
-162.317200,67.032471
-162.296402,67.003311
-162.452194,66.988861
-162.466904,67.004433
-162.331696,67.144699
-162.350601,67.161362
-162.618607,67.010529
-162.933594,67.045258
-162.844498,67.001648
-163.722000,67.110809
-163.763107,67.130814
-163.793304,67.300812
-163.987793,67.521637
-164.124207,67.609970
-164.756500,67.840027
-165.392807,68.047760
-165.919205,68.130814
-166.218094,68.269699
-166.819504,68.346649
-166.757004,68.363312
-166.589203,68.350250
-166.318604,68.395248
-166.366699,68.439148
-166.306702,68.482483
-166.306702,68.522202
-166.225906,68.572479
-166.236404,68.870247
-166.199203,68.883873
-165.089203,68.879700
-164.272003,68.935532
-163.702805,69.085533
-163.246094,69.333862
-163.184204,69.418869
-163.175003,69.398857
-163.271103,69.298576
-163.244995,69.297203
-163.120300,69.384697
-163.109695,69.489151
-163.070007,69.498306
-163.065308,69.568039
-163.143906,69.596359
-163.032501,69.654419
-162.935898,69.697479
-162.944199,69.719421
-163.026093,69.728592
-162.828598,69.840813
-162.575302,69.938026
-162.484695,69.999420
-162.486404,70.047203
-162.338593,70.088867
-162.354996,70.108307
-161.856705,70.289978
-161.701401,70.266373
-161.791702,70.250259
-161.895599,70.256363
-161.843597,70.216003
-161.893799,70.188660
-162.022507,70.190262
-162.120804,70.155533
-161.700302,70.193039
-161.651093,70.246918
-160.949203,70.289978
-160.981705,70.319702
-160.612198,70.427750
-160.630905,70.437187
-160.219696,70.568314
-160.150299,70.604713
-160.134705,70.578583
-159.937500,70.593307
-159.937195,70.550262
-159.933594,70.518860
-160.198593,70.471649
-160.096100,70.463593
-159.926697,70.488861
-160.128098,70.330261
-160.068893,70.328583
-159.981705,70.368317
-159.933594,70.359703
-159.769699,70.192200
-159.771103,70.233032
-159.847504,70.309143
-159.886703,70.391647
-159.820297,70.490807
-159.674194,70.466637
-159.294205,70.526642
-159.564697,70.524406
-159.676407,70.495529
-159.794205,70.529419
-159.918900,70.625259
-159.996704,70.635246
-160.117798,70.604980
-160.093597,70.638031
-159.332199,70.859154
-159.168594,70.851639
-159.158600,70.816650
-159.445007,70.779694
-159.217194,70.687759
-159.279694,70.751083
-159.249695,70.768044
-159.017197,70.770538
-158.991104,70.787201
-159.077499,70.813583
-158.556900,70.798027
-158.338898,70.817467
-158.513596,70.835251
-158.480606,70.844971
-158.235001,70.824692
-157.995300,70.835533
-157.397507,71.006363
-157.145599,71.115540
-156.816406,71.300262
-156.482193,71.406647
-156.472794,71.395813
-156.601395,71.349983
-156.447006,71.263603
-156.139206,71.249687
-156.043106,71.209702
-156.109497,71.171921
-155.806900,71.204971
-155.631699,71.183296
-155.546997,71.117752
-155.547806,71.088318
-155.823593,70.981369
-156.095306,70.967194
-156.013596,70.945251
-156.019501,70.929138
-156.175598,70.922760
-155.955795,70.866364
-155.941101,70.849426
-155.982803,70.829147
-155.981094,70.760529
-155.901398,70.767197
-155.924698,70.810532
-155.720001,70.839142
-155.650299,70.821640
-155.662796,70.864151
-155.595001,70.838028
-155.533600,70.870529
-155.535294,70.935806
-155.283096,71.032471
-155.236099,70.990250
-155.180603,70.998871
-155.191101,71.035538
-155.289993,71.079971
-155.186096,71.121368
-155.095001,71.084427
-155.121094,71.134979
-155.087494,71.151367
-155.039703,71.131363
-155.092194,71.016647
-155.016693,71.019150
-155.014999,71.113861
-154.845001,71.100540
-154.609695,71.019417
-154.592804,70.997482
-154.654404,70.917480
-154.728104,70.878593
-154.648102,70.866638
-154.617798,70.827477
-154.351105,70.830261
-154.212799,70.776642
-154.130005,70.789429
-153.914993,70.889137
-152.945007,70.902206
-152.919998,70.867477
-152.855301,70.855263
-152.810303,70.886642
-152.713898,70.813309
-152.662003,70.838318
-152.675293,70.866928
-152.740295,70.881927
-152.435303,70.869980
-152.216797,70.812012
-152.431396,70.739433
-152.409195,70.720261
-152.507507,70.693863
-152.498596,70.649406
-152.269501,70.598312
-152.189499,70.583313
-152.608902,70.571091
-152.610596,70.550262
-151.740799,70.559982
-151.784195,70.519974
-151.960602,70.470261
-151.948303,70.444427
-151.537796,70.440536
-151.220306,70.371094
-151.197495,70.394974
-151.209198,70.424698
-150.951096,70.466637
-150.793900,70.493317
-150.525604,70.505249
-150.368896,70.486076
-150.417496,70.411362
-150.116104,70.437759
-149.888107,70.514977
-149.579193,70.504700
-149.415298,70.490540
-149.059402,70.468033
-148.822205,70.411087
-148.607193,70.398590
-148.511703,70.362198
-148.505005,70.311371
-148.147507,70.355530
-147.985001,70.298309
-147.816101,70.297203
-147.802505,70.229980
-147.166107,70.163857
-146.216904,70.174973
-145.839401,70.170532
-145.607803,70.064972
-145.533401,70.093307
-145.425293,70.041092
-145.305603,69.998581
-144.707504,69.972198
-144.114197,70.064423
-144.065002,70.016373
-144.027496,70.032471
-144.065002,70.079147
-143.348602,70.108871
-143.305603,70.044983
-143.294693,70.062187
-143.300293,70.111359
-143.017807,70.085457
-142.431396,69.941933
-142.269196,69.848587
-142.111404,69.850250
-141.866104,69.792763
-141.565903,69.728317
-141.388306,69.641083
-141.260300,69.634407
-141.218597,69.668030
-140.999100,69.644562
# Triangles
1006,1005,1007
1005,1004,1003
1005,1003,1002
1002,1008,1005
1005,1008,1007
1009,1008,1002
999,1010,1000
1000,1010,1009
1010,999,1011
996,995,994
1001,1000,1009
1009,1002,1001
1014,997,996
993,992,996
1015,996,992
989,988,990
988,987,990
987,986,991
987,991,990
971,973,972
974,973,971
977,976,980
971,975,974
991,986,992
996,994,993
980,976,975
1012,1011,998
1011,999,998
1013,998,997
1012,998,1013
996,1015,1014
1014,1013,997
992,986,984
1018,1017,1016
1018,1016,1019
984,983,1016
1015,992,984
1019,1016,983
983,982,1019
1016,1015,984
985,984,986
978,977,979
975,971,980
971,970,980
979,977,980
970,1020,980
1020,1019,981
981,1019,982
970,1023,1020
1020,981,980
1021,1023,1022
1023,1021,1020
970,969,965
965,1023,970
968,967,969
965,969,966
1024,965,964
965,1024,1023
953,952,954
964,963,961
962,961,963
952,956,955
957,951,958
955,954,952
952,957,956
952,951,957
1024,964,961
949,948,950
944,950,948
939,941,940
948,947,945
946,945,947
951,950,1033
944,948,945
944,1033,950
942,939,943
937,939,938
939,937,943
941,939,942
951,1032,958
943,1033,944
961,1025,1024
1025,961,960
1025,960,959
959,958,1026
1032,1027,958
1031,1027,1032
1025,959,1026
1026,958,1027
1163,1162,1166
1159,1158,1157
1162,1161,1160
1159,1157,1156
1027,1031,1030
1033,943,1034
1035,1034,1036
1037,1034,943
1037,1036,1034
935,1038,936
943,936,1037
1030,1029,1028
1030,1028,1027
1042,1041,1043
1045,1044,1043
1045,1043,1041
951,1033,1032
943,937,936
969,967,966
1229,1228,1230
1230,1228,1227
1226,1265,1230
1230,1227,1226
1226,1225,1266
1223,1225,1224
1234,1237,1235
1231,1230,1258
1216,1225,1223
1225,1216,1267
1258,1233,1231
1223,1222,1216
1231,1233,1232
1233,1237,1234
1219,1217,1216
1219,1222,1221
1215,1213,1216
1220,1219,1221
1218,1217,1219
1214,1213,1215
1216,1212,1270
1210,1209,1211
1211,1209,1212
1212,1216,1213
1216,1222,1219
1212,1209,1270
1239,1241,1240
1254,1238,1237
1254,1257,1255
1254,1233,1257
1236,1235,1237
1242,1239,1238
1257,1233,1258
1254,1237,1233
1242,1241,1239
1244,1246,1245
1243,1238,1244
1246,1254,1253
1254,1246,1244
1242,1238,1243
1254,1244,1238
1260,1265,1264
1260,1259,1258
1261,1260,1264
1226,1266,1265
1230,1265,1260
1266,1225,1267
1268,1267,1216
1230,1260,1258
1261,1264,1262
1255,1257,1256
1264,1263,1262
1270,1269,1268
1216,1270,1268
1209,1208,1207
1209,1207,1270
1270,1275,1274
1163,1165,1164
1165,1163,1166
1167,1160,1168
1167,1166,1162
1169,1168,1160
1159,1169,1160
1162,1160,1167
1176,1178,1177
1178,1176,1175
1171,1175,1174
1171,1174,1173
1179,1178,1175
1173,1172,1171
1170,1156,1155
1170,1169,1159
1170,1155,1153
1171,1170,1179
1151,1150,1152
1154,1153,1155
1153,1179,1170
1153,1152,1179
1179,1152,1150
1179,1150,1149
1148,1147,1146
1186,1149,1146
1148,1146,1149
1171,1179,1175
1156,1170,1159
1199,1198,1197
1195,1197,1196
1199,1197,1195
1191,1190,1189
1191,1193,1192
1201,1200,1199
1194,1201,1195
1201,1194,1202
1194,1193,1189
1207,1206,1205
1194,1203,1202
1201,1199,1195
1207,1205,1270
1191,1189,1193
1183,1182,1181
1184,1183,1181
1180,1179,1186
1180,1184,1181
1180,1186,1184
1146,1145,1186
1186,1179,1149
1204,1203,1205
1189,1203,1194
1187,1186,1203
1188,1203,1189
1203,1188,1187
1186,1145,1203
1185,1184,1186
1145,1144,1203
1275,1270,1205
1394,1205,1203
935,933,1038
933,935,934
1040,1038,933
932,930,933
931,930,932
1040,933,930
1038,1040,1039
930,929,1040
1040,929,927
927,1045,1040
924,926,925
926,924,927
928,927,929
927,924,1045
936,1038,1037
917,916,915
920,919,918
918,915,914
921,920,922
918,914,920
918,917,915
913,923,922
1046,924,923
909,908,910
922,914,913
920,914,922
911,910,908
1045,924,1046
911,908,912
913,912,1046
907,906,1047
904,903,905
907,1047,912
908,907,912
903,906,905
1046,912,1047
1048,1047,1049
861,1047,903
1051,1050,1049
898,903,902
1047,861,1049
906,903,1047
913,1046,923
900,902,901
902,900,899
898,897,896
899,898,902
861,1051,1049
892,861,895
895,894,892
903,895,861
892,894,893
862,861,892
903,896,895
890,889,888
903,898,896
882,881,888
881,890,888
888,886,882
885,884,883
883,882,885
885,882,886
878,881,880
892,863,862
892,891,863
867,863,891
891,890,881
866,865,867
877,891,878
863,867,865
881,878,891
863,865,864
888,887,886
871,891,877
877,873,871
873,876,875
873,875,874
873,877,876
871,873,872
867,891,871
871,868,867
869,868,870
868,871,870
880,879,878
860,1051,861
858,857,853
858,853,852
859,858,860
857,856,855
854,857,855
853,857,854
858,852,860
850,1055,851
849,848,846
1059,850,846
846,848,847
849,846,850
845,843,846
852,1053,1051
845,844,843
837,840,839
837,839,838
841,840,837
1060,842,841
841,837,1060
836,835,837
835,833,837
833,832,829
834,833,835
832,831,829
842,1059,843
843,1059,846
852,851,1054
852,1051,860
837,833,1060
1127,1122,1128
1123,1127,1126
1119,1118,1116
1118,1117,1116
1127,1123,1122
1126,1125,1123
1136,1135,1137
1128,1112,1129
1120,1113,1121
1112,1128,1121
1122,1121,1128
1130,1129,1131
1054,1053,852
1091,1089,1101
1101,1088,1102
1052,1051,1053
1119,1115,1114
1119,1116,1115
1119,1114,1120
1091,1090,1089
1093,1092,1091
1093,1091,1095
1101,1089,1088
1123,1125,1124
1114,1113,1120
1140,1139,1141
1141,1139,1138
1141,1143,1142
1143,1138,1137
1135,1134,1133
1138,1143,1141
1121,1113,1112
1144,1143,1133
1143,1137,1133
1144,1133,1132
1112,1132,1129
1203,1132,1396
1131,1129,1132
1135,1133,1137
1107,1132,1112
1109,1111,1110
1095,1094,1093
1099,1101,1100
1099,1095,1091
1099,1091,1101
1096,1095,1097
1107,1112,1108
1112,1111,1108
1097,1095,1098
1105,1085,1106
1095,1099,1098
1107,1106,1084
1104,1103,1105
1109,1108,1111
1396,1132,1107
1054,851,1055
829,828,816
826,825,827
816,828,825
822,816,825
825,824,822
825,828,827
829,1062,1060
1055,1059,1056
850,1059,1055
1058,1056,1059
1059,842,1060
1065,1064,1063
1061,1060,1062
829,816,815
833,829,1060
823,822,824
816,822,819
821,820,819
819,818,817
821,819,822
819,817,816
1074,815,814
813,812,811
811,810,809
813,811,814
829,815,1062
831,830,829
811,1074,814
1068,1067,1066
1069,1066,1063
1069,1068,1066
1070,1069,1072
1063,1066,1065
1087,1103,1088
1078,1077,1076
1072,1071,1070
1088,1103,1102
1069,1063,1062
1056,1058,1057
1073,1072,1074
1062,1072,1069
1074,1072,1062
1078,1076,1075
1079,1074,1080
1074,1062,815
1079,1078,1075
1079,1075,1074
811,1080,1074
1081,1080,1082
1080,1083,1082
1084,1106,1085
1084,1083,801
1085,1087,1086
811,1083,1080
1085,1105,1087
712,1397,1084
811,802,1083
1105,1103,1087
1203,1144,1132
1045,1041,1040
1396,1107,1084
1322,1324,1323
1318,1322,1321
1320,1319,1318
1304,1303,1305
1320,1318,1321
1324,1322,1318
1324,1318,1317
1315,1324,1317
1328,1325,1324
1303,1306,1305
1316,1315,1317
1290,1289,1291
1291,1289,1288
1292,1291,1288
1298,1297,1296
1288,1287,1292
1306,1301,1307
1301,1306,1303
1299,1298,1300
1307,1301,1309
1300,1311,1309
1302,1301,1303
1296,1300,1298
1309,1301,1300
1300,1296,1295
1309,1308,1307
1334,1333,1331
1331,1333,1332
1337,1334,1331
1326,1325,1327
1330,1329,1338
1330,1338,1337
1334,1336,1335
1336,1334,1337
1339,1338,1341
1337,1331,1330
1341,1340,1339
1342,1341,1338
1342,1338,1329
1328,1324,1329
1342,1329,1315
1347,1342,1313
1315,1314,1342
1325,1328,1327
1342,1314,1313
1345,1344,1346
1346,1344,1343
1343,1347,1346
1343,1342,1347
1349,1348,1347
1347,1351,1349
1300,1295,1311
1315,1329,1324
1249,1247,1250
1247,1249,1248
1247,1246,1250
1251,1250,1253
1283,1294,1284
1253,1252,1251
1246,1253,1250
1286,1285,1284
1292,1294,1293
1286,1292,1287
1294,1286,1284
1310,1309,1311
1295,1294,1283
1294,1292,1286
1347,1313,1312
1283,1280,1311
1280,1282,1281
1274,1273,1271
1283,1282,1280
1280,1279,1311
1278,1277,1275
1353,1278,1385
1277,1276,1275
1283,1311,1295
1274,1271,1270
1272,1271,1273
1311,1279,1278
1349,1351,1350
1356,1355,1361
1356,1358,1357
1351,1312,1352
1312,1351,1347
1359,1358,1360
1365,1364,1367
1354,1361,1355
1370,1369,1367
1369,1368,1367
1367,1364,1363
1367,1366,1365
1360,1358,1361
1358,1356,1361
1352,1312,1353
1362,1361,1354
1354,1353,1362
1278,1353,1311
1367,1363,1362
1370,1362,1371
1370,1367,1362
1371,1362,1372
1375,1374,1376
1380,1373,1372
1362,1380,1372
1362,1353,1380
1374,1373,1377
1385,1383,1380
1384,1383,1385
1380,1353,1385
1311,1353,1312
1278,1275,1386
1459,1458,1464
1464,1458,1457
1459,1464,1463
1465,1457,1456
1463,1460,1459
1462,1460,1463
1465,1464,1457
1477,1476,1481
1481,1476,1475
1477,1481,1480
1474,1484,1475
1482,1481,1475
1461,1460,1462
1455,1454,1466
1450,1452,1451
1452,1450,1449
1469,1453,1470
1470,1453,1452
1454,1453,1467
1456,1455,1466
1466,1465,1456
1468,1467,1469
1454,1467,1466
1453,1469,1467
1490,1473,1491
1452,1449,1448
1494,1473,1472
1478,1480,1479
1480,1478,1477
1482,1484,1483
1484,1482,1475
1484,1474,1485
1487,1486,1488
1488,1486,1489
1490,1486,1485
1490,1489,1486
1474,1490,1485
1473,1490,1474
1607,1609,1608
1494,1493,1492
1494,1497,1495
1494,1492,1473
1614,1606,1605
1606,1609,1607
1491,1473,1492
1609,1606,1610
1612,1611,1610
1606,1612,1610
1614,1613,1612
1616,1615,1614
1616,1614,1617
1606,1614,1612
1496,1495,1497
1494,1472,1497
1498,1497,1472
1446,1445,1447
1445,1444,1470
1447,1445,1448
1444,1443,1442
1499,1444,1518
1470,1452,1448
1448,1445,1470
1471,1498,1472
1498,1471,1499
1503,1500,1499
1470,1444,1471
1499,1471,1444
1373,1378,1377
1376,1374,1377
1378,1380,1379
1381,1380,1382
1380,1383,1382
1442,1519,1518
1519,1442,1521
1442,1518,1444
1441,1434,1522
1434,1441,1440
1521,1442,1522
1522,1442,1441
1520,1519,1521
1440,1435,1434
1380,1378,1373
1506,1499,1518
1501,1500,1502
1500,1503,1502
1506,1518,1507
1505,1504,1506
1504,1503,1499
1504,1499,1506
1605,1604,1617
1617,1604,1603
1605,1617,1614
1603,1618,1617
1618,1603,1602
1602,1619,1618
1518,1508,1507
1515,1517,1516
1518,1517,1515
1515,1509,1518
1515,1514,1512
1511,1510,1512
1512,1514,1513
1512,1509,1515
1619,1601,1596
1512,1510,1509
1598,1600,1599
1596,1601,1600
1600,1598,1596
1601,1619,1602
1509,1508,1518
1433,1522,1434
1439,1438,1435
1440,1439,1435
1387,1386,1388
1388,1386,1205
1278,1386,1385
1433,1432,1431
1430,1426,1431
1437,1436,1435
1435,1438,1437
1433,1431,1426
1429,1427,1430
1522,1433,1523
1391,1390,1389
1394,1393,1388
1391,1393,1392
1395,1394,1203
1393,1391,1389
1389,1388,1393
1525,1426,1425
1426,1525,1433
1424,1423,1425
1421,1423,1422
1532,1531,1534
1421,1530,1425
1421,1425,1423
1426,1430,1427
1428,1427,1429
1275,1205,1386
1531,1530,1421
1523,1525,1524
1525,1523,1433
1527,1526,1525
1527,1530,1528
1425,1527,1525
1555,1554,1556
1556,1554,1557
1560,1559,1553
1557,1554,1553
1558,1553,1559
1553,1552,1560
1549,1546,1545
1549,1548,1546
1548,1547,1546
1544,1562,1545
1552,1551,1561
1560,1552,1561
1549,1545,1550
1551,1550,1562
1579,1581,1580
1562,1561,1551
1532,1534,1533
1528,1530,1529
1425,1530,1527
1420,1531,1421
1403,1402,1404
1404,1402,1405
1406,1401,1400
1401,1405,1402
1406,1405,1401
1531,1420,1417
1420,1419,1418
1414,1413,1415
1418,1417,1420
1540,1531,1417
1406,1400,1407
1408,1407,1409
1396,1084,1397
1407,1400,1410
1400,1399,1398
1397,1411,1398
1410,1400,1398
1540,1417,1416
1415,1413,1412
1411,1410,1398
1566,1416,1412
1416,1415,1412
1541,1540,1416
1409,1407,1410
1566,1412,1411
1397,1567,1411
1540,1539,1531
1562,1550,1545
1544,1563,1562
1544,1543,1563
1536,1535,1534
1563,1543,1564
1536,1534,1531
1578,1581,1579
1578,1584,1581
1578,1577,1575
1578,1575,1584
1582,1581,1583
1576,1575,1577
1575,1574,1584
1542,1565,1543
1585,1584,1574
1538,1537,1536
1538,1536,1539
1542,1541,1565
1565,1564,1543
1541,1416,1565
1585,1574,1573
1571,1573,1572
1567,1566,1411
1570,1568,1719
1570,1569,1568
1567,1719,1568
1585,1573,1571
1566,1565,1416
1539,1536,1531
1667,1571,1570
1397,712,1567
1205,1394,1388
1584,1583,1581
1623,1619,1624
1625,1635,1627
1620,1623,1622
1621,1620,1622
1625,1624,1594
1596,1624,1619
1627,1626,1625
1628,1630,1629
1630,1628,1631
1634,1632,1631
1628,1627,1631
1631,1627,1635
1594,1624,1596
1620,1619,1623
1589,1592,1591
1558,1557,1553
1589,1591,1590
1594,1593,1586
1594,1596,1595
1592,1589,1593
1588,1586,1593
1586,1588,1587
1589,1588,1593
1586,1635,1594
1635,1625,1594
1597,1596,1598
1585,1648,1586
1632,1634,1633
1637,1636,1638
1639,1638,1647
1638,1636,1647
1647,1636,1648
1640,1647,1646
1643,1646,1645
1640,1646,1643
1640,1642,1641
1640,1643,1642
1644,1643,1645
1635,1648,1636
1647,1640,1639
1631,1635,1634
1649,1648,1650
1651,1650,1652
1652,1663,1660
1663,1652,1650
1586,1648,1635
1650,1648,1585
1652,1654,1653
1652,1660,1654
1656,1655,1654
1654,1660,1656
1660,1659,1656
1678,1680,1679
1663,1661,1660
1650,1667,1663
1650,1585,1667
1664,1666,1665
1664,1667,1666
1661,1663,1662
1670,1669,1671
1672,1671,1669
1658,1657,1656
1677,1676,1684
1658,1656,1659
1678,1677,1684
1672,1669,1668
1673,1668,1667
1672,1668,1673
1684,1674,1673
1686,1685,1687
1673,1688,1685
1674,1684,1676
1673,1692,1691
1684,1673,1685
1685,1688,1687
1585,1571,1667
1696,1695,1570
1689,1688,1691
1688,1673,1691
1673,1667,1695
1719,1696,1570
1674,1676,1675
1664,1663,1667
1678,1684,1681
1689,1691,1690
1692,1695,1694
1692,1673,1695
1695,1667,1570
1693,1692,1694
1681,1684,1683
1702,1699,1703
1702,1700,1699
1700,1702,1701
1715,1699,1698
1698,1697,1715
1719,1697,1696
1681,1683,1682
1712,1715,1714
1715,1718,1716
1712,1714,1713
1719,1718,1715
1717,1716,1718
1697,1719,1715
1704,1706,1705
1706,1704,1703
1703,1715,1706
1711,1707,1706
1712,1711,1706
1707,1711,1708
1715,1712,1706
1715,1703,1699
1722,1721,1720
1678,1681,1680
1567,1720,1719
1749,1720,1567
1203,1396,1395
806,811,809
807,806,809
811,806,802
805,804,803
805,803,806
806,803,802
800,798,801
801,798,796
792,1084,801
797,796,798
796,795,793
799,798,800
801,796,793
1083,802,801
794,793,795
793,792,801
788,787,785
791,790,792
792,790,785
788,785,789
785,787,786
789,785,790
783,785,784
782,785,783
748,792,785
1084,792,748
769,782,781
781,780,779
779,769,781
776,779,778
776,775,773
769,779,776
776,778,777
774,773,775
773,770,769
773,769,776
769,768,782
772,771,770
767,765,768
772,770,773
782,768,748
785,782,748
765,767,766
768,765,764
762,764,763
753,762,761
759,758,756
761,760,754
334,333,332
757,756,758
759,754,760
332,331,20
762,751,764
764,751,768
756,755,759
323,322,321
320,318,315
320,319,318
320,315,321
317,315,318
328,327,326
328,326,289
321,314,323
325,324,323
323,326,325
326,323,314
315,314,321
314,290,326
315,317,316
309,313,310
311,313,312
304,303,305
299,305,302
302,305,303
309,314,313
310,313,311
305,299,306
301,300,302
306,308,307
294,314,309
330,329,21
309,308,294
289,288,328
294,308,306
290,314,294
306,295,294
292,294,293
329,328,288
289,326,290
288,21,329
290,294,291
278,276,275
294,292,291
330,20,331
296,299,298
295,306,296
299,302,300
263,260,264
306,299,296
271,274,273
275,274,271
261,263,262
268,266,269
260,263,261
271,273,272
298,297,296
288,287,21
254,253,255
268,267,266
751,750,768
750,749,748
752,751,762
752,762,753
754,753,761
759,755,754
748,747,746
742,748,746
635,634,633
636,635,638
742,746,745
750,748,768
632,631,633
629,633,631
629,631,630
624,627,626
627,624,628
643,629,628
633,629,642
626,625,624
623,622,647
622,621,620
620,619,622
618,622,619
635,633,639
624,643,628
743,742,745
743,745,744
637,636,638
640,639,641
639,638,635
742,741,739
742,739,738
739,741,740
735,738,737
736,735,737
639,642,641
742,738,712
629,643,642
639,633,642
644,643,623
647,622,618
618,617,615
623,647,644
617,616,615
645,644,646
615,649,618
646,644,647
618,649,647
612,611,613
609,614,613
611,610,613
623,643,624
615,614,649
742,1084,748
332,19,334
20,330,21
17,334,19
21,287,284
287,286,284
285,284,286
22,21,284
332,20,19
335,334,16
337,336,338
335,15,339
18,17,19
339,338,335
335,338,336
281,22,284
282,281,283
275,271,270
277,276,278
281,280,279
22,281,23
281,284,283
23,281,279
23,278,24
270,269,27
278,275,270
278,23,279
24,278,270
269,232,27
606,605,604
346,345,347
348,347,350
347,363,362
606,604,607
603,602,604
610,609,613
348,350,349
350,347,362
361,350,362
350,361,351
347,345,344
343,342,344
364,344,342
344,363,347
16,15,335
334,17,16
364,342,367
339,14,340
339,15,14
363,344,364
341,340,14
26,24,270
30,29,28
236,269,266
24,26,25
270,27,26
342,341,14
608,607,604
27,232,28
712,1084,742
121,120,122
122,120,123
125,124,123
123,120,119
142,141,140
137,139,138
139,137,136
139,136,55
143,140,139
116,123,119
123,116,125
116,119,118
116,118,117
125,116,113
115,113,116
113,112,110
110,125,113
115,114,113
125,110,127
127,129,128
131,130,129
129,127,110
57,134,133
131,129,109
110,109,129
135,57,136
111,110,112
127,126,125
55,136,57
158,157,156
161,160,156
154,153,161
152,151,153
155,154,156
156,154,161
159,158,160
158,156,160
166,165,164
163,166,164
162,161,151
172,166,162
161,153,151
143,139,145
143,145,144
145,139,55
57,56,55
146,145,149
142,140,143
53,145,55
148,147,146
151,150,162
146,149,148
145,53,149
53,51,150
53,150,149
55,54,53
162,150,51
52,51,53
81,87,85
84,83,82
87,86,85
82,85,84
92,91,94
91,95,94
94,93,92
88,87,81
95,90,96
90,89,96
95,91,90
85,82,81
78,77,79
79,77,76
79,76,75
75,74,73
73,72,75
80,79,75
81,80,88
80,75,88
72,71,96
71,69,96
72,96,88
75,72,88
88,96,89
70,69,71
107,106,108
106,133,108
132,131,109
132,109,108
133,58,57
135,134,57
105,59,133
105,104,102
133,59,58
106,105,133
105,60,59
133,132,108
103,102,104
101,100,98
61,102,101
98,97,69
98,100,99
69,68,98
97,96,69
98,68,101
63,101,68
63,62,61
60,105,61
63,61,101
67,66,64
65,64,66
64,63,68
68,67,64
61,105,102
253,252,250
250,252,251
264,253,250
249,248,246
243,250,249
248,247,246
255,253,257
244,243,249
257,259,258
255,257,256
257,253,259
264,260,259
243,242,241
241,240,243
253,264,259
240,250,243
240,239,250
244,249,246
245,244,246
215,214,216
217,216,219
214,219,216
219,218,217
220,222,221
222,220,219
219,41,222
43,219,214
224,226,225
239,237,265
239,265,264
237,239,238
233,235,234
250,239,264
232,236,235
232,269,236
237,236,265
232,235,233
30,230,229
229,228,33
231,230,232
28,232,30
236,266,265
226,224,227
36,227,223
41,223,222
40,39,41
41,43,42
223,41,38
219,43,41
39,38,41
33,228,35
32,31,33
34,33,35
33,31,229
37,36,223
37,223,38
35,228,227
227,36,35
223,227,224
30,232,230
214,44,43
188,190,189
175,177,176
177,175,174
190,187,193
193,191,190
193,187,185
192,191,193
186,185,187
188,187,190
194,193,185
178,181,180
170,169,171
171,169,168
174,173,178
172,171,167
172,167,166
166,163,162
167,171,168
181,178,182
180,179,178
177,174,178
182,178,172
172,162,182
50,183,182
182,51,50
178,173,172
184,183,49
51,182,162
184,195,185
210,213,212
211,210,212
205,203,202
205,204,203
205,202,199
214,210,44
44,210,209
206,205,207
44,209,45
207,205,208
199,202,201
214,213,210
199,201,200
197,195,198
195,194,185
50,49,183
196,195,197
49,48,184
46,208,48
209,208,45
46,45,208
208,199,198
205,199,208
184,48,198
48,47,46
198,48,208
184,198,195
229,31,30
734,733,732
727,729,728
726,721,727
730,729,727
732,731,734
731,730,721
735,734,712
722,725,723
721,730,727
721,720,731
726,722,721
725,722,726
731,720,712
712,734,731
654,653,652
657,656,654
604,602,608
601,609,608
666,650,609
650,614,609
724,723,725
654,652,657
647,649,648
652,651,658
614,650,649
656,655,654
661,650,665
650,659,651
715,719,718
719,715,712
718,716,715
718,717,716
707,706,708
712,715,713
1567,711,1749
709,708,710
710,708,703
714,713,715
711,710,702
708,706,703
712,720,719
706,705,704
658,651,659
661,660,659
650,661,659
657,652,658
703,702,710
698,701,700
711,702,696
663,662,664
665,664,662
698,700,699
662,661,665
704,703,706
697,702,701
602,601,608
712,711,1567
597,601,600
599,597,600
594,593,592
595,594,592
597,599,598
596,595,591
597,596,601
591,595,592
596,591,589
590,589,591
601,596,609
586,585,581
581,587,586
585,584,583
581,585,582
583,582,585
581,580,587
580,579,578
587,580,588
571,573,572
580,577,588
561,560,562
588,577,576
577,580,578
571,570,573
565,568,566
566,568,567
568,565,524
563,565,564
672,576,575
576,589,588
575,570,569
570,575,574
574,573,570
569,568,524
672,575,569
524,565,563
576,671,589
560,524,563
547,524,560
524,523,509
548,547,560
524,547,544
546,545,547
548,560,558
563,562,560
525,524,544
509,522,510
522,509,523
522,514,510
509,672,524
521,514,522
512,514,513
515,514,521
515,521,520
511,510,514
672,569,524
559,558,560
670,596,589
609,596,669
508,673,509
1725,1723,1747
1720,1747,1723
1748,1747,1749
1749,1769,1750
696,1769,1749
1750,1769,1751
1756,1764,1757
1749,1747,1720
1768,1756,1754
1724,1723,1725
1754,1756,1755
1754,1753,1769
1758,1757,1760
1747,1745,1725
1746,1745,1747
1768,1754,1769
1720,1723,1722
1768,1767,1766
1772,1769,1773
1772,1770,1769
702,697,696
693,1773,696
1769,696,1773
696,1749,711
1762,1764,1763
1765,1764,1768
1757,1764,1760
1768,1766,1765
1762,1760,1764
1772,1771,1770
1768,1764,1756
701,698,697
1760,1762,1761
1727,1726,1728
1728,1726,1729
1745,1730,1729
1731,1738,1734
1738,1731,1730
1738,1730,1745
1745,1729,1726
1708,1710,1709
1711,1710,1708
1731,1733,1732
1733,1731,1734
1734,1736,1735
1752,1751,1753
1759,1758,1760
1726,1725,1745
1734,1738,1737
1740,1739,1741
1736,1734,1737
1744,1743,1742
1742,1741,1744
1741,1739,1745
1745,1744,1741
1745,1739,1738
1753,1751,1769
665,650,666
666,609,669
668,667,669
669,667,666
670,669,596
691,1773,693
689,688,690
678,677,676
687,690,688
696,694,693
672,509,673
673,681,674
512,511,514
506,508,507
506,505,499
508,498,673
576,672,671
498,508,506
676,675,678
679,678,675
681,673,498
670,589,671
675,674,680
498,497,496
499,498,506
496,681,498
685,687,686
1778,1776,1775
1778,1777,1776
690,1775,691
683,1782,1775
1783,1782,683
691,1775,1773
1775,1774,1773
1782,1778,1775
1779,1778,1782
1779,1782,1780
1781,1780,1782
683,1775,690
691,693,692
690,687,685
683,690,684
683,682,1791
681,492,682
679,675,680
674,681,680
1783,683,1791
1788,1787,1786
1784,1783,1785
1783,1786,1785
1791,1790,1789
1789,1788,1791
1791,1788,1786
1791,1786,1783
682,1795,1791
684,690,685
496,495,681
694,696,695
544,547,545
712,738,735
549,557,550
548,558,557
557,556,550
555,551,550
551,555,554
549,548,557
555,550,556
527,544,540
540,544,543
544,527,526
542,541,540
527,537,528
540,537,527
542,540,543
551,553,552
537,540,539
397,399,398
397,400,399
538,537,539
530,537,534
414,410,409
528,537,530
554,553,551
535,534,536
518,515,520
530,534,532
528,530,529
533,532,534
537,536,534
532,531,530
519,518,520
425,424,423
516,515,518
412,411,413
414,413,411
401,400,404
410,414,411
404,403,401
404,406,405
402,401,403
419,421,420
425,423,426
415,418,416
414,408,415
417,416,418
404,400,406
414,409,408
397,396,400
376,379,377
376,375,4
351,361,352
375,374,6
353,356,355
378,377,379
376,380,379
373,372,371
354,353,355
374,373,6
353,352,358
358,356,353
13,367,342
342,14,13
352,361,359
358,357,356
11,368,367
364,367,365
10,370,369
368,11,369
367,13,12
367,366,365
367,12,11
358,352,359
392,391,393
393,391,390
393,395,394
383,387,384
385,384,386
390,395,393
388,387,383
406,400,396
406,396,395
407,390,389
389,388,2
406,395,407
407,395,390
388,383,2
387,386,384
3,381,380
371,7,373
7,371,370
376,4,3
10,369,11
7,370,10
381,3,382
376,3,380
4,6,5
382,3,383
7,6,373
10,9,8
7,10,8
6,4,375
383,3,2
451,415,408
505,504,499
486,484,487
518,517,516
485,484,486
483,482,481
484,489,488
484,488,487
484,483,489
499,504,503
481,479,478
479,481,480
481,478,477
471,470,469
465,464,466
464,463,466
457,456,455
459,461,460
481,477,483
499,503,500
503,502,500
494,493,495
500,502,501
492,681,495
1792,1791,1793
1794,1793,1795
682,1796,1795
1793,1791,1795
491,490,492
682,492,1796
493,492,495
472,471,469
466,468,467
462,458,475
458,462,459
457,454,458
462,466,463
459,462,461
468,466,462
475,454,492
475,490,476
462,475,474
490,489,476
469,473,472
474,473,462
473,468,462
458,454,475
468,473,469
492,490,475
492,1799,1796
489,483,476
483,477,476
432,431,430
430,429,428
442,441,444
430,435,434
434,432,430
444,441,440
444,446,445
455,454,457
447,444,450
448,450,449
450,448,447
444,440,450
447,446,444
440,451,450
435,428,427
427,426,422
435,427,438
421,418,422
419,418,421
418,427,422
427,418,415
452,408,407
426,423,422
415,451,427
440,439,451
451,408,452
435,438,437
438,451,439
437,436,435
451,438,427
407,2,452
430,428,435
453,1802,1799
1799,492,453
1799,1802,1801
1,1803,1802
1803,1805,1804
1809,1808,1806
1805,1803,1
1809,1806,1805
1797,1799,1798
1797,1796,1799
1806,1808,1807
1800,1799,1801
452,1802,453
454,453,492
1,1818,1816
1819,1818,1
0,1819,1
1820,1819,0
1,1809,1805
1816,1818,1817
1810,1809,1812
1812,1811,1810
1809,1813,1812
1814,1816,1815
1816,1814,1
1814,1813,1809
1809,1,1814
452,1,1802
452,2,1
407,389,2
443,442,444
432,434,433
525,544,526
359,361,360
809,808,807
