# United States region 26
65 62
# Outer Vertices
-167.542801,53.271648
-167.830307,53.297771
-167.718094,53.373600
-167.292206,53.450821
-167.160904,53.466099
-167.182297,53.519711
-166.969696,53.523880
-166.982193,53.544991
-167.070908,53.526661
-167.150299,53.574429
-167.152298,53.617489
-167.098099,53.631378
-166.996094,53.615551
-167.066406,53.674431
-167.022507,53.704151
-166.908096,53.710541
-166.801407,53.625542
-166.825607,53.700550
-166.716095,53.710819
-166.718903,53.724152
-167.089996,53.785549
-167.159698,53.848049
-167.024200,53.955540
-166.676407,54.010818
-166.615295,53.991650
-166.589996,53.960541
-166.627197,53.942760
-166.636398,53.874981
-166.581100,53.876659
-166.607498,53.829708
-166.419998,53.941929
-166.380295,53.999439
-166.375305,53.948318
-166.258102,53.967491
-166.239700,53.886101
-166.310898,53.863880
-166.343094,53.884708
-166.380905,53.835270
-166.544693,53.746101
-166.550003,53.685551
-166.509705,53.723049
-166.483902,53.689709
-166.446396,53.748600
-166.387802,53.736099
-166.350601,53.777760
-166.317001,53.767208
-166.273605,53.683880
-166.531998,53.630550
-166.530594,53.602211
-166.578598,53.575821
-166.590897,53.535259
-166.663895,53.593319
-166.632202,53.531101
-166.658600,53.482769
-166.789200,53.563599
-166.788895,53.515270
-166.744202,53.468601
-166.760300,53.444149
-166.885605,53.477489
-166.913406,53.436939
-166.942505,53.466381
-166.975006,53.419708
-166.989197,53.448601
-167.471405,53.300270
-167.542801,53.271648
# Triangles
2,1,64
64,63,2
2,63,3
4,62,6
4,3,63
63,62,4
4,6,5
60,6,62
60,59,58
54,6,58
58,6,60
55,58,57
57,56,55
54,58,55
60,62,61
10,9,11
8,11,9
21,20,22
12,11,8
12,7,16
12,14,13
18,17,16
16,7,6
12,16,15
14,12,15
20,19,22
51,16,54
12,8,7
54,16,6
22,27,23
53,52,51
49,51,50
18,51,39
18,16,51
39,38,18
51,49,39
38,29,19
49,47,39
53,51,54
48,47,49
41,46,43
41,47,46
41,40,39
45,43,46
41,43,42
29,38,37
41,39,47
45,44,43
27,29,28
27,19,29
23,26,24
26,23,27
25,24,26
27,22,19
37,30,29
36,35,33
36,32,30
31,30,32
33,32,36
35,34,33
30,37,36
18,38,19
