# Uzbekistan region 0
516 513
# Outer Vertices
58.560618,45.568287
58.571381,45.570660
58.569074,45.564281
58.675716,45.513766
60.973065,44.292584
60.973320,44.297211
60.951649,44.322208
60.979710,44.333599
61.008640,44.273674
61.063432,44.244548
61.027210,44.343319
61.049709,44.381649
61.114698,44.217297
61.134539,44.206751
61.136711,44.226280
61.205034,44.169278
62.023899,43.486099
63.211399,43.636398
63.997200,43.570599
64.458099,43.548100
64.931396,43.737801
65.268303,43.432499
65.526901,43.317200
65.821899,42.877201
66.123901,42.996899
66.070801,42.424198
66.036697,42.423302
66.029198,42.003101
66.526398,42.003101
66.558601,41.732800
66.720001,41.174999
66.875801,41.150002
67.071404,41.143600
67.455803,41.153301
67.754997,41.192501
67.861099,41.162800
67.934402,41.194401
67.996902,41.119999
68.028099,41.043598
68.059196,41.053600
68.082497,41.043598
68.105598,41.065601
68.143898,41.051399
68.151100,41.030800
68.122498,41.020000
68.144402,40.997799
68.135002,40.935600
68.087799,40.862499
68.015602,40.813900
68.074997,40.801102
68.233299,40.691399
68.455299,40.597801
68.484398,40.591099
68.537498,40.625599
68.608101,40.599701
68.631699,40.607498
68.648300,40.626099
68.623901,40.636398
68.651901,40.671700
68.632202,40.722198
68.589699,40.730301
68.568100,40.861401
68.593597,40.873901
68.593597,40.919998
68.611900,40.913101
68.616699,40.936901
68.724403,40.978901
68.774399,41.077202
68.868301,41.109200
68.898300,41.161400
68.983902,41.175800
69.063103,41.216099
69.080597,41.350800
69.056396,41.379398
69.123100,41.408298
69.150803,41.401699
69.156700,41.425800
69.247803,41.470600
69.292503,41.458599
69.346397,41.484200
69.419403,41.474998
69.403603,41.525299
69.443100,41.567799
69.506699,41.582802
69.642197,41.673302
69.845299,41.706402
69.930801,41.711700
70.009201,41.780300
70.058098,41.780300
70.086899,41.808899
70.140297,41.828098
70.225601,41.941399
70.302200,41.977200
70.333099,42.039398
70.373299,42.064201
70.488297,42.099998
70.531097,42.068901
70.539200,42.038101
70.624397,42.019699
70.668900,42.101700
70.752800,42.201099
70.856903,42.196400
70.969398,42.252800
71.027802,42.296398
71.067200,42.302799
71.276100,42.204201
71.259697,42.170300
71.216904,42.139400
71.146698,42.131901
70.986900,42.044399
70.871101,42.040001
70.853302,42.016399
70.844200,41.925301
70.685303,41.904999
70.526100,41.796700
70.470001,41.713100
70.181099,41.577499
70.191704,41.525002
70.376701,41.496899
70.421700,41.473099
70.474197,41.412201
70.540298,41.421902
70.669403,41.476398
70.711899,41.470798
70.792801,41.357498
70.784698,41.243301
70.847198,41.256401
70.933098,41.199402
71.054703,41.194698
71.107498,41.164398
71.151398,41.164200
71.195602,41.116699
71.213303,41.136902
71.202499,41.182201
71.243301,41.196400
71.271400,41.175598
71.285301,41.119202
71.311096,41.122501
71.349998,41.165798
71.418098,41.118599
71.440002,41.137199
71.438103,41.348900
71.550301,41.300800
71.603600,41.319199
71.660004,41.428902
71.620598,41.507500
71.646103,41.556400
71.691399,41.556400
71.716400,41.522499
71.695000,41.431900
71.725304,41.455601
71.748299,41.431400
71.763901,41.461700
71.887199,41.333302
71.893303,41.194401
71.999397,41.201900
72.052803,41.158901
72.121902,41.201900
72.183601,41.192501
72.216698,41.060001
72.194504,41.004295
72.319199,41.032200
72.351402,41.082802
72.404999,41.033600
72.506104,41.015301
72.507500,40.975601
72.566704,40.964699
72.631699,40.885300
72.725601,40.869202
72.881897,40.876701
72.899399,40.867802
72.895302,40.822800
73.027802,40.878899
73.046898,40.873100
73.054703,40.842800
73.145599,40.848598
73.168900,40.832199
73.170303,40.817200
73.096100,40.771400
72.916702,40.700001
72.804497,40.674702
72.768097,40.570000
72.690002,40.583302
72.672501,40.532799
72.648598,40.516899
72.597198,40.518600
72.522499,40.557201
72.473602,40.557800
72.384399,40.615002
72.369400,40.598598
72.395798,40.560001
72.381104,40.521099
72.453003,40.464401
72.423599,40.388901
72.295601,40.431099
72.240601,40.426399
72.237503,40.439701
72.276398,40.445801
72.282501,40.462502
72.173599,40.460300
72.110298,40.430801
72.098297,40.372501
71.974403,40.318298
71.980301,40.292500
72.049400,40.263302
72.041901,40.246899
71.983101,40.252800
71.957199,40.238899
71.863297,40.264198
71.797203,40.183899
71.710602,40.145802
71.687500,40.168900
71.688103,40.220798
71.665604,40.261101
71.634697,40.255299
71.621696,40.206402
71.562798,40.206100
71.490303,40.232800
71.464401,40.275299
71.421097,40.272800
71.389999,40.301899
71.308899,40.303299
71.273598,40.331902
71.217201,40.269199
71.064201,40.277500
70.999199,40.270302
70.982162,40.244663
70.870598,40.242802
70.716103,40.203899
70.625801,40.210300
70.589401,40.255299
70.558098,40.342499
70.515800,40.360298
70.456703,40.351101
70.375000,40.376701
70.378304,40.402199
70.346397,40.429699
70.350800,40.461700
70.485001,40.506699
70.514999,40.549702
70.579697,40.574699
70.795456,40.725510
70.776703,40.755600
70.692200,40.772202
70.649399,40.786098
70.645798,40.822498
70.667198,40.827499
70.701103,40.798100
70.728897,40.800598
70.728104,40.813900
70.544197,40.981098
70.471901,41.037201
70.430496,41.050301
70.381699,41.027802
70.374702,40.958302
70.316704,40.894199
70.248100,40.855801
70.122200,40.826698
70.050301,40.770000
69.823097,40.715599
69.732498,40.638599
69.680298,40.646702
69.534401,40.782200
69.489197,40.785599
69.459198,40.811100
69.400299,40.800301
69.351700,40.768902
69.334999,40.738098
69.332199,40.602200
69.251404,40.589699
69.210602,40.558899
69.259697,40.502800
69.339203,40.327801
69.307503,40.286400
69.239998,40.311699
69.231697,40.281700
69.321404,40.211899
69.235298,40.189701
69.097801,40.224400
69.032204,40.238602
68.876099,40.218601
68.835800,40.194698
68.768303,40.208099
68.644440,40.183277
68.600800,40.178299
68.601402,40.162800
68.705803,40.116901
68.863602,40.141701
68.987198,40.149200
69.009399,40.101101
68.997498,40.070000
68.900597,40.077499
68.838600,40.040798
68.808601,40.083099
68.785301,40.070599
68.808296,40.043301
68.815300,39.993900
68.909203,39.891399
68.853302,39.874199
68.805801,39.971699
68.775299,39.986900
68.815598,39.900299
68.812500,39.878300
68.774399,39.861900
68.779404,39.838902
68.760803,39.827499
68.722198,39.871399
68.673897,39.849998
68.639702,39.855801
68.629997,39.656101
68.592499,39.613602
68.536697,39.587200
68.540298,39.554699
68.473297,39.537498
68.353302,39.536701
68.082497,39.567200
67.827499,39.621399
67.709702,39.625801
67.604698,39.566399
67.509697,39.554699
67.513603,39.495602
67.442497,39.485600
67.410599,39.299198
67.366699,39.294201
67.367500,39.225300
67.381897,39.209702
67.517799,39.167801
67.617500,39.171902
67.653900,39.139999
67.694702,39.134701
67.687202,39.049400
67.709396,38.996700
67.863297,38.976700
67.968903,39.008900
68.036903,38.984200
68.113297,38.997501
68.183899,38.900799
68.196404,38.854401
68.154999,38.808601
68.083099,38.794399
68.100800,38.739201
68.057800,38.696899
68.080597,38.609200
68.071899,38.541401
68.111099,38.498299
68.127197,38.424400
68.169403,38.395000
68.215599,38.332199
68.331398,38.273300
68.384201,38.195599
68.368599,38.112202
68.296402,38.018101
68.273903,37.954399
68.150597,37.928101
68.073097,37.765301
67.917198,37.617199
67.856400,37.535301
67.817497,37.446098
67.843903,37.330601
67.838097,37.261902
67.777153,37.185799
67.774139,37.206089
67.649406,37.246090
67.557457,37.215542
67.521637,37.272480
67.424408,37.234989
67.266373,37.185261
67.229424,37.191929
67.200256,37.246651
67.021637,37.377201
66.744423,37.361370
66.665253,37.338322
66.586906,37.368038
66.538765,37.360512
66.516701,37.404701
66.571701,37.468601
66.516899,37.521702
66.547798,37.663898
66.538300,37.772800
66.557800,37.823898
66.666397,37.936699
66.670303,37.973301
66.643898,38.003101
66.555603,38.038300
66.423897,38.043598
66.319397,38.084702
66.253601,38.154999
66.162804,38.173901
66.071701,38.236099
65.989998,38.242802
65.895302,38.280800
65.840302,38.273602
65.748596,38.226398
65.597198,38.253899
65.292198,38.410801
64.987198,38.626701
64.665298,38.741901
64.497200,38.854198
64.340302,38.991100
64.214699,38.953602
64.173897,38.955002
63.712799,39.206100
63.526402,39.393600
63.038601,39.644402
62.819401,39.784401
62.584400,39.909698
62.441101,40.031101
62.418098,40.104698
62.440800,40.183899
62.406700,40.229198
62.393902,40.324200
62.353298,40.372501
62.355301,40.420300
62.275002,40.469200
62.201401,40.486099
62.123100,40.584202
62.097198,40.653900
62.042500,40.723598
61.995800,40.849201
61.974998,40.999699
61.893299,41.111698
61.611401,41.267502
61.424702,41.302502
61.403301,41.292198
61.385319,41.234257
61.355301,41.187199
61.273300,41.161400
61.167198,41.198898
61.141899,41.231899
61.085800,41.237202
61.046902,41.221401
61.033100,41.245800
61.001701,41.208302
60.955799,41.248600
60.811901,41.257801
60.705002,41.258099
60.488300,41.219398
60.338600,41.308601
60.091099,41.410301
60.076900,41.442501
60.099400,41.537498
60.186401,41.594398
60.080299,41.724201
60.069698,41.757801
60.122501,41.805000
60.256901,41.772499
60.275002,41.797798
60.256100,41.822800
60.177799,41.862202
60.122799,41.921700
59.934200,41.962200
59.925598,41.980301
59.937199,41.994701
60.024700,42.014999
59.992199,42.131901
60.064400,42.188301
59.956699,42.243301
59.916100,42.297798
59.843899,42.314999
59.735802,42.322498
59.457199,42.292801
59.371399,42.338100
59.284698,42.347801
59.263901,42.372200
59.258598,42.451698
59.155800,42.541100
59.047199,42.523899
58.951698,42.540798
58.801899,42.639400
58.617500,42.797501
58.597801,42.784199
58.562801,42.662498
58.422501,42.660801
58.293900,42.697498
58.164398,42.651901
58.143101,42.630798
58.164200,42.601101
58.314999,42.548302
58.446899,42.377800
58.514198,42.318100
58.510601,42.301102
58.411900,42.296700
58.411400,42.389400
58.338100,42.441399
58.225601,42.476101
58.146702,42.462200
58.101700,42.503899
58.033600,42.505299
57.970001,42.450001
57.923901,42.441898
57.963600,42.367199
57.904701,42.260601
57.847801,42.237801
57.875000,42.206402
57.869202,42.190601
57.752201,42.184200
57.664398,42.153599
57.473900,42.175301
57.386902,42.162498
57.245800,42.095299
57.119701,41.941700
56.978298,41.884998
56.969398,41.843300
56.994701,41.749699
56.976101,41.664700
57.035801,41.575001
57.042801,41.466900
57.095798,41.401402
57.188301,41.371101
57.092201,41.321899
57.049999,41.262798
56.827499,41.299400
56.666901,41.288101
55.998451,41.325474
55.997200,45.003101
58.560618,45.568287
# Triangles
386,385,384
386,388,387
386,384,383
395,394,390
396,395,397
394,393,391
389,388,390
391,390,394
390,323,395
391,393,392
323,390,388
388,386,324
375,371,370
371,375,372
372,375,374
367,366,368
365,368,366
369,368,365
379,377,380
377,376,375
377,375,370
378,377,379
380,369,381
369,380,377
331,325,382
381,369,356
370,369,377
324,386,383
331,382,381
373,372,374
325,383,382
410,409,408
412,411,410
412,410,404
406,405,408
408,407,406
408,404,410
405,404,408
419,418,416
17,420,419
418,417,416
414,413,415
416,415,413
412,416,413
416,412,419
419,412,18
400,399,398
402,401,398
398,401,400
324,323,388
324,383,325
323,30,395
397,395,398
30,398,395
27,403,402
403,412,404
412,403,27
402,398,27
319,31,321
319,321,320
33,32,319
32,31,319
30,323,321
323,322,321
30,321,31
365,364,369
364,362,357
362,364,363
361,358,362
359,358,361
357,362,358
361,360,359
364,357,356
381,355,343
341,332,331
381,343,331
381,356,355
353,355,354
343,341,331
341,339,332
339,334,332
341,343,342
343,355,345
333,332,334
331,326,325
347,353,351
353,347,345
353,352,351
345,347,346
351,350,348
349,348,350
351,348,347
339,341,340
337,336,338
338,336,339
345,344,343
339,336,334
355,353,345
334,336,335
327,326,328
317,319,318
329,328,330
330,328,326
326,331,330
317,316,48
38,35,48
317,48,33
48,50,49
33,319,317
284,50,316
48,47,38
40,39,38
316,50,48
316,315,285
51,50,284
308,315,314
51,284,52
54,53,52
311,308,314
311,314,313
313,312,311
40,46,44
40,38,46
41,40,44
44,42,41
38,47,46
42,44,43
45,44,46
356,369,364
38,37,35
504,512,511
506,505,511
512,502,513
511,510,506
509,507,506
508,507,509
509,506,510
504,503,502
502,501,513
504,502,512
499,498,514
500,499,501
504,511,505
513,501,514
514,501,499
497,496,495
497,495,489
492,495,494
492,489,495
494,493,492
480,479,481
478,481,479
459,458,465
469,4,3
461,460,459
451,450,452
498,497,489
491,489,492
489,514,498
489,488,487
483,482,477
486,485,476
483,477,484
476,485,484
486,475,487
486,476,475
514,475,474
514,489,475
475,489,487
0,474,473
482,478,477
514,474,0
484,477,476
470,473,472
489,491,490
467,465,468
465,467,466
462,461,463
464,463,461
459,464,461
481,478,482
464,459,465
473,2,0
1,0,2
470,469,473
472,471,470
2,473,3
469,468,465
4,469,465
469,3,473
465,458,4
458,457,4
436,435,437
441,438,437
446,437,435
432,431,433
446,434,433
434,446,435
446,433,431
439,438,440
443,442,444
445,444,442
441,437,445
437,446,445
445,442,441
438,441,440
431,422,446
27,398,30
425,424,426
426,428,427
48,34,33
34,48,35
35,37,36
423,428,424
428,423,429
426,424,428
430,429,431
422,16,446
421,16,422
422,431,423
27,18,412
423,431,429
30,29,27
452,450,453
453,455,454
448,447,449
455,449,447
449,455,453
12,9,457
450,449,453
455,15,457
7,5,8
7,6,5
5,4,8
4,457,8
11,10,9
12,11,9
9,8,457
455,447,16
455,457,456
23,27,26
19,27,23
22,21,23
19,23,21
24,23,25
25,23,26
17,419,18
13,15,14
13,457,15
12,457,13
420,17,16
18,27,19
447,446,16
19,21,20
16,15,455
420,16,421
29,28,27
309,311,310
308,311,309
308,285,315
305,304,303
308,307,306
306,303,301
303,306,305
285,308,286
54,284,283
284,316,285
300,294,286
301,300,306
293,286,294
286,293,287
294,300,295
308,300,286
306,300,308
54,283,282
54,52,284
296,299,297
301,303,302
295,300,296
297,299,298
293,291,287
293,292,291
287,291,288
290,289,288
290,288,291
282,281,280
300,299,296
280,279,56
274,270,279
279,278,274
56,279,270
271,270,274
272,271,274
274,278,275
278,277,275
282,55,54
270,58,56
56,55,280
59,58,66
270,269,267
58,57,56
270,66,58
62,60,59
272,274,273
55,282,280
268,267,269
235,234,233
237,236,235
235,238,237
68,270,267
70,267,266
261,259,262
261,260,259
264,263,262
259,80,262
259,258,257
276,275,277
265,71,266
229,228,230
227,231,228
228,231,230
226,225,227
240,231,227
238,232,231
233,232,238
224,241,225
225,241,227
139,220,218
222,221,220
222,224,223
241,222,131
218,220,219
224,222,241
215,214,216
216,214,217
210,209,212
209,208,212
210,212,211
213,218,214
208,202,213
202,208,203
208,213,212
139,218,213
206,205,204
207,206,203
204,203,206
203,208,207
218,217,214
154,213,202
231,240,238
154,202,200
222,220,139
201,200,202
196,195,197
198,197,194
195,194,197
160,200,199
240,239,238
244,243,247
131,242,241
248,243,242
247,246,244
247,243,248
249,248,242
227,241,240
199,198,189
194,193,191
192,191,193
191,189,198
182,185,184
183,182,184
185,182,186
199,189,160
186,188,187
190,189,191
182,181,180
167,188,186
171,180,179
168,182,180
167,186,182
160,189,188
191,198,194
179,178,174
233,238,235
61,60,62
64,63,62
62,66,64
66,65,64
68,67,66
267,70,68
68,66,270
70,69,68
70,266,71
72,75,74
75,72,71
76,75,77
72,74,73
71,78,75
62,59,66
264,80,78
259,257,80
253,257,256
256,255,253
244,246,245
255,254,253
252,120,253
262,80,264
252,251,120
253,117,257
125,121,251
125,250,249
120,118,253
120,251,121
121,124,122
251,250,125
249,127,125
264,78,71
264,71,265
77,75,78
78,80,79
80,82,81
80,83,82
83,80,117
86,117,116
117,85,83
90,116,115
257,117,80
84,83,85
87,86,88
117,86,85
89,88,90
115,91,90
88,116,90
86,116,88
118,117,253
92,115,114
92,91,115
92,114,97
111,98,113
118,120,119
98,114,113
97,95,94
97,96,95
93,92,94
94,92,97
111,99,98
99,110,100
114,98,97
124,123,122
125,124,121
131,136,132
242,131,129
136,135,132
222,137,136
160,188,161
138,137,139
139,154,140
131,222,136
139,137,222
159,156,160
129,131,130
135,134,132
132,134,133
213,154,139
154,160,156
157,156,159
157,159,158
127,249,242
168,171,169
174,173,172
171,170,169
172,171,174
168,167,182
177,176,175
174,178,175
174,171,179
171,168,180
165,164,163
163,162,161
163,161,165
167,166,165
165,161,188
160,154,200
165,188,167
110,99,111
111,113,112
128,127,129
126,125,127
110,101,100
101,109,102
109,101,110
108,103,102
102,109,108
104,108,105
105,107,106
108,107,105
108,104,103
142,140,143
144,143,149
154,156,155
154,153,143
140,142,141
151,143,153
147,146,148
146,145,148
149,151,150
151,149,143
151,153,152
149,148,145
145,144,149
143,140,154
242,129,127
178,177,175
