# Dominican Republic region 0
91 88
# Outer Vertices
-71.678329,19.098881
-71.629440,19.219709
-71.696381,19.241659
-71.766953,19.331940
-71.739723,19.345551
-71.692207,19.498329
-71.751480,19.700171
-71.719727,19.697491
-71.740570,19.767490
-71.777252,19.772770
-71.605560,19.902220
-71.485840,19.904720
-71.261124,19.823050
-71.029167,19.928329
-70.960281,19.900270
-70.848618,19.904989
-70.635010,19.760830
-70.455002,19.783600
-70.303337,19.654989
-70.125000,19.620831
-69.980560,19.678600
-69.898621,19.637211
-69.881668,19.600269
-69.878067,19.445000
-69.758621,19.292219
-69.268890,19.348881
-69.232788,19.365271
-69.240837,19.289989
-69.162514,19.301109
-69.216667,19.188049
-69.609734,19.226660
-69.637222,19.116100
-69.623611,19.089161
-69.415558,19.105829
-69.198624,19.013330
-69.138634,19.011660
-68.999184,19.015270
-68.926682,19.030830
-68.644180,18.874161
-68.346390,18.644440
-68.322243,18.606661
-68.450012,18.355829
-68.519180,18.344160
-68.595306,18.378330
-68.638062,18.213329
-68.747787,18.198879
-68.829727,18.353609
-68.954453,18.418051
-69.059723,18.390551
-69.315002,18.444719
-69.325562,18.426380
-69.626106,18.406380
-69.690842,18.455549
-69.881958,18.469440
-70.013901,18.415550
-70.154167,18.233061
-70.557510,18.205830
-70.586121,18.401661
-70.664459,18.434990
-70.712509,18.413601
-70.712784,18.376381
-70.753067,18.346100
-70.850014,18.344440
-70.913887,18.266380
-70.948624,18.253050
-71.026123,18.305269
-71.075562,18.304159
-71.103348,18.245831
-71.055008,18.151100
-71.267227,17.846661
-71.396667,17.618330
-71.442780,17.629169
-71.511398,17.740549
-71.676682,17.759159
-71.628067,17.818050
-71.661667,17.959999
-71.771477,18.054230
-71.748894,18.095551
-71.769173,18.202209
-71.694717,18.322220
-71.910278,18.441940
-71.885010,18.477209
-71.946350,18.542459
-71.991524,18.608589
-71.970840,18.624161
-71.887512,18.611380
-71.726387,18.716101
-71.710007,18.798889
-71.779167,18.957769
-71.853882,18.968880
-71.678329,19.098881
# Triangles
75,74,72
72,74,73
79,75,67
76,75,77
81,80,79
81,85,82
78,77,79
79,77,75
79,86,81
75,72,69
70,69,72
69,68,67
67,75,69
67,66,79
65,64,63
66,65,62
1,66,62
63,62,65
66,86,79
71,70,72
62,59,1
83,82,84
86,85,81
88,0,89
82,85,84
3,2,4
9,8,10
1,4,2
88,87,0
6,5,7
1,5,4
0,87,66
7,5,12
1,0,66
12,5,1
7,11,10
11,7,12
14,13,12
16,14,12
14,16,15
86,66,87
7,10,8
12,1,16
62,61,59
57,55,54
55,57,56
18,58,57
54,24,57
58,16,1
49,51,50
32,53,52
52,51,49
53,24,54
60,59,61
46,45,44
46,44,43
43,42,41
35,49,48
47,35,48
41,39,43
39,41,40
38,46,43
47,46,38
52,49,32
39,38,43
23,22,19
53,31,24
24,23,57
24,30,25
23,18,57
24,31,30
16,18,17
16,58,18
22,20,19
20,22,21
18,23,19
32,31,53
33,32,49
34,49,35
36,38,37
36,35,47
49,34,33
30,29,27
25,27,26
28,27,29
27,25,30
36,47,38
58,1,59
