# Myanmar (Burma) region 5
639 636
# Outer Vertices
93.935066,19.170860
93.985260,18.953051
93.932213,18.849440
93.773590,18.960550
93.479980,19.341391
93.483307,19.386391
93.520538,19.427219
93.557213,19.423880
93.737198,19.246941
93.842194,19.240549
93.868301,19.261230
93.948868,19.324989
93.988586,19.460831
93.870796,19.507771
93.730263,19.642220
93.808868,19.688330
93.806923,19.739161
93.759407,19.670271
93.721649,19.678049
93.709427,19.721939
93.748871,19.765270
93.599136,19.719721
93.601089,19.790831
93.672203,19.884439
93.734421,19.881660
93.716919,19.933331
93.577187,19.878880
93.516083,19.932779
93.523590,19.993610
93.447479,19.948879
93.414429,19.971380
93.376923,20.086941
93.363037,20.024719
93.336090,20.100269
93.256363,20.042219
93.128311,20.085550
93.246643,19.829990
93.217484,19.830830
93.150253,19.982220
93.101357,19.978331
93.118027,19.851940
92.972748,20.128330
93.093872,20.148880
93.114151,20.218611
93.016647,20.144171
92.992203,20.148880
92.995796,20.225830
93.099701,20.381660
93.084427,20.422489
93.058029,20.362221
93.035248,20.372219
93.035751,20.415899
93.084702,20.530550
93.048859,20.499439
93.009979,20.302500
92.888870,20.117500
92.856918,20.124161
92.767471,20.219160
92.941650,20.319719
92.861923,20.352209
92.829422,20.490829
92.806923,20.502781
92.793030,20.473881
92.763031,20.449720
92.733307,20.554440
92.711639,20.581381
92.739151,20.282780
92.709976,20.277491
92.495247,20.621380
92.373871,20.700830
92.263199,21.054470
92.193298,21.179159
92.201637,21.342489
92.376907,21.474159
92.416077,21.434719
92.420517,21.382219
92.467468,21.359989
92.553574,21.373600
92.585251,21.263330
92.607468,21.250549
92.669418,21.296940
92.636917,21.391100
92.601303,21.982170
92.682190,22.031380
92.697456,22.152220
92.718582,22.159710
92.812737,22.096380
92.901077,21.953600
92.950256,22.029160
92.984703,21.991381
93.006088,22.003880
93.040527,22.158880
93.058006,22.210270
93.163452,22.191540
93.142471,22.236931
93.191071,22.248329
93.182739,22.427771
93.119957,22.527220
93.098587,22.789440
93.144127,22.901100
93.124969,23.014441
93.147202,23.053881
93.206627,23.057220
93.238861,23.008890
93.293579,23.008881
93.350250,23.073330
93.404419,23.475550
93.397751,23.783051
93.384407,23.921379
93.328033,23.981661
93.336639,24.073601
93.364143,24.091110
93.405807,24.076389
93.477188,23.967489
93.529137,23.964161
93.635803,24.016939
94.036636,23.917770
94.128304,23.843611
94.153580,23.859720
94.279968,24.228609
94.359131,24.371660
94.389137,24.480000
94.508591,24.611380
94.538567,24.708891
94.597748,24.725269
94.735519,25.030279
94.728577,25.136379
94.588867,25.189989
94.577469,25.245270
94.634979,25.409719
94.878571,25.591101
95.039139,25.751110
95.020714,25.928280
95.134979,26.001940
95.177460,26.070829
95.081650,26.228050
95.068314,26.348600
95.148323,26.620001
95.253593,26.679440
95.271088,26.644720
95.449692,26.715549
95.519417,26.823050
95.610786,26.821381
95.658020,26.895281
95.717743,26.891380
95.773857,26.972210
95.919128,27.035549
96.035797,27.192490
96.194122,27.270830
96.524139,27.294161
96.609970,27.366940
96.763603,27.355829
96.884140,27.254721
96.861359,27.210270
96.888313,27.178049
96.991913,27.134720
97.144417,27.092489
97.158859,27.138611
96.957199,27.384159
96.895523,27.564989
97.249397,27.907490
97.299133,27.916660
97.317200,27.878330
97.367737,27.896660
97.394127,28.018610
97.316071,28.089161
97.349548,28.222670
97.410522,28.292490
97.464981,28.292500
97.548576,28.539989
97.574982,28.546940
97.631348,28.484159
97.700813,28.521111
97.796921,28.349159
97.898857,28.381380
98.018860,28.278330
98.009697,28.218599
98.130798,28.160549
98.157204,28.120270
98.130798,27.969160
98.195801,27.930550
98.207199,27.904440
98.166924,27.883600
98.309402,27.549999
98.346916,27.528330
98.397476,27.546379
98.426071,27.632771
98.428017,27.686380
98.551071,27.666941
98.589691,27.602221
98.668030,27.619440
98.704697,27.582491
98.699982,27.388330
98.733856,27.363050
98.705811,27.103880
98.760246,27.069990
98.739693,26.864161
98.778580,26.642771
98.665802,26.260550
98.728302,26.200001
98.709976,26.134720
98.664413,26.098330
98.602753,26.137489
98.568039,26.123051
98.655243,25.953880
98.715263,25.896660
98.665802,25.826380
98.631912,25.801109
98.535248,25.848610
98.391647,25.656660
98.385803,25.596380
98.326637,25.551661
98.171356,25.624439
98.069427,25.314440
97.941071,25.214161
97.906357,25.210831
97.873016,25.258610
97.846359,25.268330
97.723022,25.082491
97.736633,24.918880
97.797203,24.863050
97.790527,24.839720
97.624969,24.789709
97.552460,24.743050
97.568588,24.669439
97.530533,24.441380
97.701370,24.385550
97.716637,24.352770
97.665527,24.337780
97.664688,24.306110
97.741638,24.290270
97.759979,24.257500
97.727463,24.224991
97.749397,24.163610
97.576920,23.982771
97.536362,23.950550
97.649979,23.851660
98.040527,24.081671
98.220253,24.125820
98.595810,24.078051
98.761368,24.121941
98.889397,24.160669
98.907204,24.120270
98.751648,23.998600
98.693024,23.934441
98.684692,23.812220
98.834412,23.691940
98.885803,23.613331
98.806633,23.554159
98.821373,23.484720
98.879959,23.483601
98.914688,23.417219
98.918579,23.364719
98.876907,23.333599
98.937737,23.318050
98.881348,23.188049
99.058853,23.167500
99.054962,23.131660
99.189407,23.102489
99.356354,23.134991
99.508324,23.086941
99.566360,22.938049
99.546631,22.915270
99.445511,22.949711
99.387192,22.780270
99.328033,22.744720
99.384697,22.509991
99.296921,22.406660
99.244957,22.317209
99.163300,22.165270
99.232468,22.114441
99.359413,22.093050
99.465530,22.135830
99.612747,22.091940
99.684402,22.076380
99.694122,22.041941
99.749130,22.075270
99.847473,22.022770
99.968231,22.050470
99.968307,21.768881
99.986359,21.709431
100.136101,21.685270
100.148903,21.639160
100.106102,21.583330
100.162201,21.468321
100.213203,21.432560
100.388901,21.536381
100.458801,21.486919
100.560204,21.451380
100.720001,21.509991
100.890297,21.685089
101.122200,21.769720
101.151802,21.570860
101.152397,21.564671
101.161598,21.530550
101.005203,21.400829
100.834702,21.302490
100.732201,21.314159
100.609100,21.042770
100.545502,21.025270
100.513298,20.887770
100.538002,20.866940
100.633598,20.891380
100.648003,20.873600
100.570503,20.817770
100.515800,20.803881
100.376099,20.828051
100.186096,20.653320
100.096603,20.358330
100.092300,20.349291
99.959137,20.455271
99.797470,20.331381
99.666367,20.311939
99.456093,20.388611
99.555801,20.199711
99.533859,20.147221
99.319138,20.066660
99.170242,20.128050
99.066933,20.086109
99.026367,19.825550
98.908859,19.748051
98.836906,19.816380
98.671631,19.748600
98.555801,19.674990
98.509697,19.712490
98.253593,19.673050
98.080811,19.808611
98.045517,19.798330
98.034973,19.643881
97.983582,19.623880
97.792191,19.395821
97.837479,19.293610
97.788300,19.276939
97.842194,19.204439
97.833862,19.096939
97.678299,18.928049
97.748863,18.859440
97.774689,18.569990
97.663300,18.566111
97.534126,18.489710
97.442459,18.497219
97.361908,18.583879
97.345810,18.544161
97.444122,18.396099
97.484970,18.294161
97.524689,18.264999
97.563583,18.327770
97.623016,18.312500
97.647751,18.273609
97.616638,18.242769
97.750259,17.977489
97.698853,17.828880
97.793854,17.684160
97.911636,17.581390
98.028847,17.464161
98.108017,17.382210
98.346077,17.045549
98.423576,17.053329
98.511093,16.941099
98.517197,16.863609
98.546631,16.807770
98.491348,16.773890
98.479424,16.729719
98.617188,16.518610
98.689682,16.284990
98.715813,16.276381
98.864967,16.476660
98.928299,16.379160
98.860237,16.170830
98.814972,16.103609
98.774406,16.123329
98.571373,16.046101
98.617462,15.970000
98.565247,15.722780
98.593582,15.416940
98.558853,15.330000
98.503593,15.387220
98.422470,15.359990
98.413589,15.260000
98.310242,15.303050
98.200256,15.215550
98.264137,14.806940
98.447739,14.605830
98.571373,14.381940
98.669693,14.299720
98.759697,14.217500
98.937180,14.102220
99.180527,13.712500
99.213654,13.335340
99.208588,13.206670
99.120796,13.175830
99.114143,13.050830
99.193573,12.969440
99.203583,12.833050
99.438858,12.571110
99.414413,12.454440
99.485786,12.259720
99.476639,12.130280
99.573303,12.136670
99.589417,11.872500
99.660797,11.820550
99.557457,11.627780
99.489960,11.629160
99.465530,11.604720
99.402763,11.388890
99.358307,11.350000
99.077469,10.948610
99.020248,10.963330
99.003311,10.828610
98.855530,10.767220
98.781921,10.666660
98.823868,10.516670
98.742554,10.346430
98.554977,9.985552
98.538857,9.988052
98.485260,10.197220
98.515808,10.249160
98.518860,10.379440
98.460251,10.734440
98.564148,10.727220
98.605797,10.856660
98.588028,10.879160
98.710823,10.918330
98.713593,10.988610
98.688583,10.998610
98.726639,11.042780
98.659416,11.125270
98.736359,11.177770
98.757751,11.271110
98.701920,11.375560
98.724426,11.443330
98.771637,11.448610
98.727753,11.612780
98.774696,11.680280
98.826637,11.708890
98.884140,11.695280
98.783859,11.748330
98.795807,11.784440
98.811081,11.845550
98.687469,11.675550
98.607483,11.728890
98.612762,11.814720
98.694138,11.873890
98.576370,11.875560
98.556374,11.898610
98.721077,11.963050
98.717758,12.018330
98.652481,12.064720
98.634140,12.098890
98.709137,12.222220
98.673576,12.241390
98.608032,12.195830
98.549698,12.210000
98.532204,12.254440
98.558868,12.290280
98.684982,12.316940
98.699142,12.356110
98.603592,12.421670
98.609703,12.484170
98.709702,12.502500
98.619713,12.553050
98.692749,12.725000
98.607483,12.771940
98.574417,13.114440
98.471008,13.318650
98.465530,13.341670
98.358871,13.578610
98.236359,13.716670
98.232483,13.961670
98.185532,14.059170
98.194427,13.995550
98.174423,13.530830
98.138870,13.539720
98.146362,13.610000
98.082474,13.761390
98.102203,13.825280
98.079422,13.921390
98.107483,14.128330
98.018044,14.280550
97.877197,14.673330
97.911362,14.712500
97.951637,14.715560
97.997482,14.653050
98.026642,14.646660
97.943863,14.791940
97.903313,14.739160
97.875809,14.712780
97.844421,14.728050
97.796654,14.880000
97.810532,15.158890
97.761917,15.223610
97.729980,15.340560
97.790527,15.410280
97.752197,15.496110
97.725540,15.842780
97.574692,16.016390
97.621094,16.137501
97.624420,16.434990
97.658577,16.505270
97.694427,16.569719
97.656647,16.532499
97.508324,16.536381
97.367752,16.486111
97.353027,16.570829
97.246368,16.765829
97.176651,16.911110
97.198593,16.993050
97.156082,17.081381
97.185059,17.104151
97.234703,17.090000
97.248032,17.110270
97.110260,17.104160
97.106644,17.187220
96.897202,17.378050
96.880814,17.451389
96.847748,17.389160
96.901917,17.325830
96.843582,17.192209
96.912201,17.030550
96.870529,16.921110
96.832748,16.935829
96.846649,16.841391
96.771927,16.696110
96.578308,16.531940
96.379700,16.501381
96.292213,16.555550
96.221359,16.755550
96.249153,16.782780
96.274406,16.814159
96.170807,16.765829
96.269699,16.507500
96.336906,16.439159
96.314423,16.408051
96.121094,16.317221
96.006638,16.383051
96.074142,16.312220
96.014137,16.250000
95.935257,16.211390
95.946907,16.255270
95.795258,16.142500
95.753311,16.144440
95.723312,16.214161
95.681923,15.973610
95.589142,15.870270
95.384697,15.710000
95.286636,15.727500
95.278587,15.798890
95.319977,15.875830
95.366928,16.043051
95.341087,16.108879
95.346359,16.000271
95.275818,15.871940
95.241089,15.864440
95.239433,15.890280
95.216370,15.782780
95.166092,15.777500
95.130539,15.802500
95.116089,15.859170
95.132751,16.031660
95.103027,16.037220
95.134697,16.091379
95.226929,16.116940
95.177750,16.136669
95.120529,16.123600
95.039978,15.805830
94.952759,15.753050
94.845543,15.793330
94.890259,15.825000
94.887756,15.857500
94.845543,15.849440
94.836357,15.956390
94.887192,16.017220
94.861359,16.130550
94.893593,16.178049
94.971916,16.212770
94.990807,16.246660
94.885529,16.198050
94.845261,16.132219
94.856644,16.016939
94.703583,15.843890
94.650528,15.854170
94.631363,15.900000
94.725540,16.008329
94.792183,16.160700
94.712753,16.016380
94.595261,15.932500
94.561371,15.959440
94.679703,16.115829
94.714417,16.408890
94.732193,16.518330
94.669418,16.524719
94.682480,16.353050
94.614151,16.247499
94.578873,16.239990
94.628860,16.323050
94.589417,16.278049
94.512482,16.287500
94.517761,16.250271
94.464417,16.125549
94.249977,15.957780
94.201637,16.027500
94.268044,16.536940
94.327477,16.528610
94.362473,16.630550
94.385529,16.899990
94.420258,16.897221
94.444977,16.948610
94.490540,17.114719
94.452759,17.160271
94.463867,17.186939
94.507477,17.162781
94.538589,17.187220
94.504150,17.221661
94.518044,17.291109
94.592758,17.298611
94.548309,17.545000
94.571091,17.586390
94.602753,17.547489
94.444138,17.998610
94.482758,18.015270
94.488312,18.071110
94.413307,18.244440
94.330544,18.247490
94.332748,18.301109
94.385803,18.283051
94.410248,18.317209
94.244141,18.530830
94.255539,18.586109
94.171921,18.718330
94.207199,18.742220
94.147202,18.867220
94.114433,18.811661
94.032204,18.862770
94.061653,19.048880
94.025818,19.087500
94.068176,19.384529
93.999977,19.152769
93.963593,19.143890
93.935066,19.170860
# Triangles
600,599,598
596,600,598
601,600,596
601,596,602
593,592,594
597,596,598
603,602,590
596,590,602
605,604,603
590,605,603
590,606,605
608,607,610
610,609,608
611,610,607
607,606,611
606,589,611
596,595,594
580,579,581
584,587,586
581,579,582
568,570,569
579,578,582
577,582,578
594,591,590
591,594,592
594,590,596
576,588,583
583,577,576
583,582,577
583,588,587
589,588,575
589,614,611
583,587,584
590,589,606
586,585,584
589,529,614
3,0,9
3,1,0
0,637,636
10,9,0
3,2,1
3,9,8
634,633,635
632,630,633
11,0,636
4,8,7
8,4,3
5,7,6
7,5,4
10,0,11
12,11,635
16,12,635
15,13,12
636,635,11
633,630,635
617,620,619
621,620,625
614,613,612
615,617,616
617,615,614
617,619,618
617,614,529
612,611,614
620,617,514
629,628,627
630,629,635
631,630,632
622,624,623
624,622,621
626,625,627
627,625,629
624,621,625
635,629,341
620,342,625
341,629,625
565,564,567
568,567,564
573,572,571
568,564,571
565,567,566
553,556,554
557,556,553
556,555,554
558,557,553
571,574,573
563,571,564
563,575,574
575,541,589
571,563,574
560,558,561
575,562,549
563,562,575
561,558,550
560,559,558
549,562,561
558,553,550
571,570,568
547,546,544
551,550,553
546,545,544
548,547,543
548,543,542
548,542,541
550,549,561
543,547,544
540,539,541
541,549,548
539,538,541
541,529,589
538,536,534
536,538,537
535,534,536
534,533,530
538,534,541
541,575,549
553,552,551
529,541,534
527,526,525
527,525,528
530,529,534
528,524,523
525,524,528
531,530,532
530,533,532
528,523,522
522,520,528
520,522,521
517,515,528
518,517,520
516,515,517
517,528,520
514,617,515
514,513,512
520,519,518
617,528,515
514,342,620
506,505,504
509,508,507
507,506,509
502,501,503
504,503,501
506,510,509
510,506,504
510,504,499
514,344,343
512,511,510
341,340,339
625,342,341
351,514,512
351,344,514
345,344,351
338,341,339
351,512,510
343,342,514
345,349,346
341,330,635
501,499,504
617,529,528
575,588,576
635,327,25
57,56,58
55,58,56
54,58,55
46,43,47
54,53,58
46,45,44
65,64,61
79,70,69
68,79,69
65,79,68
65,68,67
67,66,65
65,61,52
61,64,62
58,53,59
62,64,63
60,52,61
39,38,35
35,38,36
42,41,35
38,37,36
35,41,39
33,32,31
33,31,47
35,34,43
43,34,33
49,51,50
51,48,52
53,60,59
51,49,48
43,42,35
48,47,52
52,47,31
43,33,47
43,46,44
53,52,60
52,25,93
41,40,39
80,65,52
72,71,75
72,75,73
76,75,71
70,76,71
73,75,74
76,70,78
81,80,87
79,65,80
78,77,76
70,79,78
83,82,87
83,85,84
85,83,86
87,89,88
82,81,87
80,89,87
87,86,83
80,90,89
52,90,80
98,97,104
92,91,93
25,95,93
98,104,99
97,96,104
105,104,96
99,104,103
96,95,105
94,93,95
91,90,93
100,103,102
103,100,99
102,101,100
110,112,111
112,110,109
113,109,108
107,113,108
105,95,117
52,93,90
52,31,25
20,23,22
21,20,22
13,15,14
20,24,23
19,17,20
16,25,24
19,18,17
24,20,16
28,25,31
113,112,109
113,107,114
116,107,106
28,30,29
28,31,30
26,28,27
26,25,28
107,116,115
115,114,107
236,118,95
106,105,117
20,17,16
236,235,118
116,106,117
95,118,117
15,12,16
635,25,16
118,120,119
120,118,235
120,122,121
235,122,120
124,235,225
25,236,95
123,122,124
128,127,126
235,124,122
134,223,218
223,125,225
128,126,129
131,126,125
130,129,126
131,125,223
125,124,225
223,225,224
234,225,235
130,126,131
136,135,139
132,131,133
139,135,134
134,133,131
137,139,138
137,136,139
134,140,139
218,144,134
140,142,141
142,134,144
143,142,144
140,134,142
145,144,146
146,148,147
148,146,149
144,155,146
149,146,154
131,223,134
151,149,153
151,150,149
151,153,152
153,149,154
155,144,218
162,159,158
162,158,157
157,156,183
154,146,155
160,162,161
162,160,159
166,165,164
168,166,164
173,168,164
167,166,168
171,169,168
163,157,183
162,157,163
164,163,179
156,155,217
473,470,475
469,476,470
472,471,473
476,469,477
473,475,474
470,473,471
478,477,383
483,478,382
484,488,487
485,487,486
484,487,485
482,479,478
480,479,481
483,381,484
481,479,482
478,483,482
489,488,484
383,477,469
416,415,413
419,418,417
417,416,412
417,411,419
454,452,451
412,416,413
414,413,415
453,452,454
467,466,468
483,382,381
476,475,470
384,383,469
384,469,468
390,465,464
383,382,478
466,385,468
465,387,466
380,484,381
496,495,494
498,497,496
501,500,499
499,498,371
491,490,492
373,494,493
363,362,499
490,489,492
371,496,494
349,348,347
338,335,341
335,338,336
335,330,341
345,351,350
337,336,338
499,355,510
345,350,349
510,352,351
493,492,379
347,346,349
380,379,492
380,489,484
379,378,377
379,373,493
373,379,377
373,376,374
496,371,498
362,356,499
374,376,375
373,377,376
356,362,361
510,355,354
353,352,510
354,353,510
359,356,361
356,358,357
358,356,359
356,355,499
360,359,361
373,371,494
492,489,380
335,334,332
421,420,422
422,420,410
423,407,425
422,407,423
427,407,428
425,407,427
427,426,425
410,420,419
425,424,423
411,417,412
440,439,441
439,438,442
443,442,445
431,430,429
445,442,438
446,445,438
428,431,429
410,419,411
428,407,405
422,409,407
407,409,408
409,422,410
407,406,405
405,404,403
405,435,431
431,428,405
435,405,403
434,433,435
441,439,442
435,438,437
436,435,437
402,401,399
397,403,402
399,401,400
438,435,397
433,432,435
435,403,397
446,438,397
435,432,431
402,399,397
458,457,459
447,449,448
450,449,455
456,459,457
456,455,449
395,459,456
456,449,395
454,450,455
446,449,447
363,371,364
372,371,373
371,363,499
461,463,462
390,464,463
385,384,468
461,460,459
461,391,463
371,370,364
393,461,459
450,454,451
393,392,391
390,389,388
388,465,390
391,461,393
449,446,397
395,449,396
395,394,393
395,393,459
396,449,397
365,370,368
365,364,370
368,370,369
365,368,367
466,386,385
365,367,366
386,466,387
387,465,388
390,463,391
399,398,397
444,443,445
230,232,231
233,232,234
234,232,229
229,232,230
333,332,334
236,25,327
331,330,332
327,635,330
335,332,330
225,228,226
227,226,228
225,229,228
221,220,219
219,218,222
217,212,156
221,219,222
217,155,218
218,223,222
329,328,327
326,325,324
236,248,245
236,327,269
324,323,322
237,236,245
327,326,269
322,326,324
239,245,244
216,214,213
214,216,215
217,213,212
238,237,245
245,239,238
244,243,239
217,216,213
318,326,322
330,329,327
209,211,210
163,183,182
183,156,184
182,181,180
182,180,179
182,179,163
185,184,192
203,196,156
189,186,185
188,187,186
212,209,208
212,211,209
174,173,176
169,171,170
172,171,173
168,173,171
179,178,177
177,176,179
176,175,174
176,173,164
176,164,179
203,156,212
204,208,206
204,203,208
198,203,202
208,207,206
196,184,156
200,199,202
200,202,201
205,204,206
198,202,199
185,192,189
194,192,184
189,188,186
191,190,189
189,192,191
203,198,196
196,195,194
193,192,194
184,196,194
196,198,197
203,212,208
243,240,239
229,225,234
321,320,319
318,317,313
319,318,321
326,318,269
313,316,315
312,311,310
313,315,314
316,313,317
309,308,310
284,280,313
313,312,310
310,284,313
283,280,284
310,308,307
307,285,284
285,307,306
283,282,281
284,310,307
313,270,318
281,280,283
306,305,300
301,300,305
300,299,306
305,304,301
287,285,299
304,303,302
299,298,288
302,301,304
288,297,289
288,287,299
286,285,287
296,289,297
288,298,297
295,294,293
295,292,290
292,295,293
290,292,291
295,290,289
296,295,289
299,285,306
265,257,255
254,253,255
253,252,251
256,255,257
255,253,249
270,269,318
258,257,265
268,265,255
268,255,269
236,269,255
246,248,247
236,249,248
240,243,242
245,248,246
251,250,249
242,241,240
249,253,251
236,255,249
276,275,277
275,273,271
273,275,274
271,273,272
275,271,280
279,277,275
279,278,277
279,275,280
270,313,271
267,266,265
258,263,259
263,265,264
258,265,263
265,268,267
263,261,260
261,263,262
263,260,259
313,280,271
322,321,318
