# Antarctica region 6
28 25
# Outer Vertices
-64.295944,-64.727173
-64.203018,-64.701225
-64.154968,-64.609245
-63.987999,-64.565269
-63.782970,-64.519295
-63.640957,-64.441292
-63.558956,-64.341324
-63.429989,-64.313354
-63.278957,-64.309364
-63.251965,-64.366348
-63.373993,-64.443298
-63.259998,-64.440292
-63.165958,-64.437294
-63.121002,-64.477272
-63.243999,-64.555290
-63.215958,-64.612244
-63.085033,-64.592255
-62.937996,-64.555290
-62.855923,-64.585266
-63.135960,-64.634216
-63.317001,-64.713188
-63.486980,-64.734215
-63.694016,-64.772194
-63.861984,-64.817192
-64.034996,-64.821175
-64.114990,-64.798180
-64.234978,-64.759178
-64.295944,-64.727173
# Triangles
25,1,26
24,3,25
22,4,23
3,24,23
5,22,21
1,27,26
1,25,2
2,25,3
10,6,5
4,22,5
23,4,3
5,21,10
20,15,14
15,20,19
20,14,10
19,16,15
16,19,18
18,17,16
7,10,8
7,6,10
8,10,9
14,12,11
11,10,14
13,12,14
10,21,20
