# Antarctica region 16
1499 1494
# Outer Vertices
-5.000000,-69.069534
0.021986,-69.064674
-5.000000,-69.095642
-0.054003,-69.171638
-5.000000,-69.273293
0.039946,-69.348549
0.203993,-69.490524
0.357985,-69.621437
0.668974,-69.820427
1.014982,-69.950371
1.341993,-70.031342
1.780988,-69.902359
2.211012,-69.986374
2.460997,-70.045319
2.814970,-70.082298
3.220945,-70.070328
3.633968,-70.076332
4.062938,-70.039299
4.676982,-69.995346
5.080957,-70.006378
5.121977,-70.098289
5.449963,-70.108284
5.617002,-70.178261
5.565960,-70.261230
5.776989,-70.230263
5.850003,-70.151291
5.973996,-70.129272
6.018003,-70.194275
6.278974,-70.221245
6.400005,-70.173286
6.259975,-70.097321
6.493955,-70.008331
6.824976,-69.980362
7.170988,-69.963387
7.544977,-69.973373
7.907986,-69.964355
8.240947,-69.960373
8.834956,-69.979324
8.934978,-70.048309
9.191954,-70.078316
9.238995,-70.013351
9.101955,-69.959343
9.297984,-69.932350
9.867962,-69.945351
10.050944,-69.934372
10.083965,-69.997353
10.528973,-69.971352
10.767985,-69.990356
11.007961,-70.007347
11.420988,-70.029305
11.931948,-70.013351
12.328960,-70.065300
12.598971,-70.074310
12.862984,-69.955345
12.668957,-69.900398
12.888971,-69.812401
13.313939,-69.753403
13.501972,-69.621437
13.478958,-69.518532
13.950976,-69.444588
14.289953,-69.387543
14.570965,-69.351608
14.717960,-69.342606
14.757955,-69.361549
14.838982,-69.340569
15.091951,-69.429565
15.282948,-69.615501
15.303967,-69.683449
15.326962,-69.811417
15.618942,-69.816383
16.347935,-69.763458
16.978008,-69.780441
17.561989,-69.784431
17.818958,-69.826385
17.977989,-69.873413
18.371944,-69.960373
18.758970,-69.987350
19.146925,-70.014336
19.525953,-69.964355
20.041979,-69.958351
20.547976,-70.025314
21.084929,-70.066338
21.423973,-70.128281
21.324968,-70.127296
20.928965,-70.139275
21.019939,-70.207260
21.788982,-70.207260
22.459949,-70.178261
23.004965,-70.204262
23.328951,-70.363213
23.930983,-70.411171
24.375969,-70.308258
24.519930,-70.232224
24.641993,-70.198303
24.789972,-70.188271
24.865957,-70.212288
25.283941,-70.174271
25.565985,-70.254242
25.727972,-70.160286
26.090973,-70.104317
26.279999,-70.050346
26.145969,-69.977371
26.614948,-69.993362
27.081997,-69.991356
27.506969,-70.023354
27.632957,-69.927391
27.987951,-69.876419
28.583960,-69.815399
28.890953,-69.780441
28.999964,-69.734467
29.079945,-69.597458
29.399988,-69.459549
29.858950,-69.324570
30.261951,-69.315552
30.367977,-69.209656
30.661968,-69.104660
30.906940,-69.125633
31.221935,-69.202652
31.591982,-69.175613
31.907967,-69.301567
32.150970,-69.415581
32.368977,-69.521545
32.904972,-69.574463
33.060959,-69.497498
33.014942,-69.305611
33.188957,-69.269615
32.973976,-69.172607
32.801987,-69.014694
33.186954,-68.736778
33.676987,-68.687782
33.963940,-68.744820
34.278946,-68.891739
34.542953,-69.025673
35.097935,-69.197639
35.522976,-69.378532
35.586941,-69.441582
35.809982,-69.561462
36.306953,-69.641502
36.555977,-69.715446
36.614006,-69.727478
36.819996,-69.701408
37.265976,-69.663445
37.577923,-69.782410
37.961937,-69.989319
38.150944,-70.102280
38.533958,-69.910393
38.626953,-69.806442
38.861954,-69.723434
39.474968,-69.645470
39.338947,-69.572495
39.223988,-69.523514
39.351929,-69.527504
39.359943,-69.387543
39.310955,-69.297585
39.419971,-69.190636
39.370934,-69.100670
39.509975,-68.973671
39.695942,-68.962692
39.940975,-68.935722
40.281944,-68.794800
40.598953,-68.741798
41.031986,-68.656822
41.395969,-68.551880
41.863976,-68.459892
42.186981,-68.418930
42.375984,-68.289963
42.606983,-68.180992
42.806957,-68.066017
43.312958,-67.953072
43.915962,-67.869102
44.269970,-67.729172
44.808929,-67.658150
45.024956,-67.661156
45.130974,-67.716156
45.622959,-67.667175
45.789989,-67.452240
46.249977,-67.315300
46.689938,-67.414261
46.915977,-67.466263
47.188972,-67.537216
47.020962,-67.557205
46.935928,-67.607185
47.073002,-67.684151
47.127964,-67.793121
47.331963,-67.822128
47.470955,-67.817101
47.778965,-67.791100
48.070961,-67.713158
48.381962,-67.612175
48.089001,-67.372269
48.689976,-67.529259
49.041943,-67.482208
48.995926,-67.408257
48.743942,-67.418251
48.616966,-67.432236
48.372971,-67.311310
48.167965,-67.221352
48.252979,-67.095375
48.417942,-67.056374
48.645977,-67.069374
48.970978,-67.045395
49.168964,-67.109360
49.492962,-67.176338
49.760983,-67.291306
49.663982,-67.346313
49.991974,-67.320328
50.270973,-67.275299
50.481953,-67.251320
50.248962,-67.167381
50.104980,-67.075401
50.388973,-67.000389
50.385933,-66.908463
50.035961,-66.857452
49.902996,-66.643539
50.060982,-66.565536
50.465977,-66.371643
50.796947,-66.340607
51.127964,-66.307671
51.566956,-66.147682
52.179966,-66.048759
52.543945,-66.041763
52.821976,-66.006752
53.384975,-65.988731
53.833981,-66.005783
54.241966,-66.041763
54.653946,-66.045700
55.020966,-66.050728
55.247967,-66.119713
55.616005,-66.230652
55.864971,-66.372627
56.081947,-66.414619
56.103989,-66.428604
56.256977,-66.506546
56.434994,-66.539543
56.803947,-66.610550
57.198963,-66.724487
57.198963,-66.814468
57.071007,-66.858490
56.719948,-66.830460
56.467941,-66.876465
56.447983,-66.970413
56.569992,-67.087349
56.620964,-67.193314
56.811966,-67.154327
57.030949,-67.177376
57.174000,-67.170319
57.409924,-67.127327
57.599911,-67.117332
57.808914,-67.162354
58.016949,-67.176338
58.154961,-67.210304
58.320961,-67.286278
58.560947,-67.302284
58.870926,-67.369255
58.722904,-67.389244
58.446964,-67.384277
58.656952,-67.468231
58.914982,-67.520226
59.181946,-67.477242
59.250961,-67.386292
59.401936,-67.395256
59.442928,-67.445244
59.484936,-67.495209
59.679966,-67.512199
60.088943,-67.499214
60.853924,-67.526253
61.155941,-67.552185
61.331928,-67.584190
61.272984,-67.622169
61.322968,-67.660172
61.325932,-67.648170
61.500950,-67.638168
61.920925,-67.638168
62.313961,-67.677170
62.578972,-67.735168
62.910908,-67.717155
63.288918,-67.629204
63.665901,-67.605179
64.225906,-67.673172
64.892921,-67.771126
65.327003,-67.780121
65.600967,-67.832123
66.410988,-67.854080
67.123932,-67.931046
67.906952,-67.934044
68.549927,-67.962067
69.157913,-67.871071
69.624931,-67.855080
69.682907,-68.025047
70.099945,-68.295921
70.237915,-68.411880
70.472931,-68.514862
70.595917,-68.600822
70.763954,-68.657860
71.354889,-68.704834
71.612915,-68.687782
72.037971,-68.523857
72.140961,-68.379929
72.473892,-68.364906
73.247940,-68.517853
73.489899,-68.580833
73.428917,-68.659813
73.300941,-68.871696
73.454926,-68.895729
73.879929,-68.761795
74.627930,-68.958717
74.346893,-69.016731
74.631920,-69.236626
74.787918,-69.408577
74.223953,-69.561462
73.937958,-69.631493
73.804916,-69.767441
74.189980,-69.789406
74.529945,-69.722435
74.990952,-69.560478
75.368912,-69.282616
75.717903,-69.313599
75.443932,-69.493515
75.532890,-69.548515
75.843910,-69.558517
76.040520,-69.495552
76.541733,-69.469551
77.140610,-69.281578
77.579559,-69.208618
77.928719,-69.019669
77.719696,-68.751808
77.884499,-68.609848
78.242630,-68.467888
78.746574,-68.301926
78.987556,-68.171013
79.767570,-68.005058
80.357628,-67.970047
81.079552,-67.915092
81.290535,-67.866112
81.498489,-67.661156
81.420624,-67.457253
81.790512,-67.368271
82.172600,-67.205330
82.282707,-67.085381
82.369598,-66.931404
81.816612,-66.684525
81.349594,-66.356621
81.335655,-66.021721
81.740715,-65.832779
82.082497,-65.791817
82.178665,-65.998741
82.492638,-66.122734
82.826660,-66.316643
83.263641,-66.475578
83.551483,-66.541557
83.839569,-66.472572
84.388657,-66.452583
84.708740,-66.493546
84.920639,-66.633492
85.282692,-66.522552
85.725563,-66.362617
86.150620,-66.301659
86.261703,-66.286636
86.884506,-66.134735
87.650650,-66.101685
88.274658,-66.165703
88.515617,-66.328659
88.917725,-66.674515
89.543694,-66.892456
90.205566,-66.832481
90.891594,-66.720520
91.850563,-66.595528
92.232658,-66.591537
92.649628,-66.645508
93.044632,-66.650536
93.632797,-66.637543
94.044632,-66.571548
94.332581,-66.587219
94.734589,-66.507584
94.996552,-66.402603
95.173576,-66.451614
95.300514,-66.294670
95.610550,-66.064705
95.493614,-65.590912
95.753654,-65.166061
96.560547,-65.184036
97.316910,-65.421967
98.115700,-65.709824
98.438698,-65.787842
98.861557,-65.840813
99.331543,-65.888786
99.522667,-65.916794
99.822754,-65.792801
100.198967,-65.676888
100.429657,-65.553879
100.774628,-65.441963
101.042686,-65.432945
101.265633,-65.511948
101.575890,-65.622871
101.971657,-65.730858
102.274643,-65.738831
102.583763,-65.686890
102.687721,-65.501945
102.905472,-65.325996
102.872543,-65.172073
103.066620,-65.137054
103.311729,-65.262962
103.624733,-65.377998
104.046600,-65.372971
104.525589,-65.428970
104.803673,-65.604897
105.011681,-65.817818
105.307564,-66.026749
105.000000,-66.025764
104.412613,-65.897781
104.142563,-65.855789
104.129623,-65.888786
104.037590,-65.966782
104.413567,-66.056732
104.846680,-66.108734
105.378647,-66.180672
105.833710,-66.305649
106.523666,-66.422607
107.009491,-66.469582
107.551483,-66.549553
107.876717,-66.587555
108.068840,-66.568542
108.221657,-66.632523
108.453613,-66.823463
108.704590,-66.939430
109.049530,-66.907425
109.148651,-66.827454
109.279518,-66.681503
109.645721,-66.616554
109.915489,-66.622528
110.208687,-66.620544
110.384483,-66.540520
110.472633,-66.501579
110.705551,-66.455597
110.570534,-66.370590
110.520699,-66.261673
110.923569,-66.136703
111.464577,-65.994736
111.894501,-65.908760
112.118637,-65.868774
112.402557,-65.812790
112.866676,-65.756805
113.256554,-65.723862
113.580566,-65.905754
113.887947,-66.019768
114.257812,-66.141724
114.510727,-66.280632
114.497528,-66.412598
114.710663,-66.509605
114.856659,-66.516602
115.039490,-66.464600
115.182587,-66.454605
115.322693,-66.402603
115.916702,-66.359612
116.368607,-66.490601
116.674767,-66.591537
116.707748,-66.673546
116.950661,-66.875427
117.337631,-66.914413
117.724579,-66.944412
118.105728,-66.940414
118.518547,-66.893440
119.026573,-66.890450
119.613480,-66.940414
120.025612,-66.829422
120.447693,-66.759506
120.939629,-66.775452
121.301468,-66.604538
121.657700,-66.433571
121.042686,-66.343613
120.834938,-66.095734
120.859581,-65.802795
121.187714,-65.692856
121.376953,-65.714867
121.532707,-65.980751
121.830544,-66.230652
122.175537,-66.368629
122.418671,-66.453621
122.530457,-66.571548
122.814651,-66.695488
123.011719,-66.758469
123.311539,-66.762466
123.640556,-66.646545
123.871559,-66.595528
123.879623,-66.569580
123.753616,-66.570564
123.550537,-66.543594
123.372757,-66.522552
123.287613,-66.427567
123.443604,-66.306633
123.836647,-66.210663
124.318581,-66.172707
124.868629,-66.229668
125.392532,-66.269669
125.862503,-66.321655
126.185493,-66.333611
126.467529,-66.418617
126.836647,-66.536537
126.932632,-66.552551
127.108597,-66.526596
127.381554,-66.653534
127.500717,-66.803490
127.821541,-66.994438
128.202591,-67.006409
128.709656,-66.977394
129.128601,-67.009399
129.450684,-66.938461
129.576630,-66.725471
129.541748,-66.591537
129.727554,-66.405609
129.722885,-66.310631
129.822708,-66.186684
129.902542,-65.978729
130.263611,-65.924767
130.436493,-66.067711
130.941635,-66.167671
131.303665,-66.164719
131.878647,-66.182693
132.143524,-66.163681
132.524628,-66.154739
132.850555,-66.107712
133.540527,-66.102722
133.965546,-66.161728
134.465546,-66.021721
134.524612,-65.834816
134.516586,-65.667877
134.714554,-65.449951
134.917709,-65.283012
135.228500,-65.080086
135.424774,-65.064079
135.598602,-65.221016
135.557556,-65.459930
135.453598,-65.744843
135.214600,-65.963768
134.796616,-66.048759
135.045624,-66.035706
135.234573,-66.049759
135.702576,-66.141724
135.900894,-66.161728
136.038589,-66.273651
136.591537,-66.331650
137.200897,-66.332634
137.622513,-66.447609
138.838593,-66.604538
138.922577,-66.616554
139.416763,-66.641518
139.929672,-66.660530
140.642563,-66.739510
141.368637,-66.785507
141.648666,-66.763504
141.836639,-66.864449
142.122742,-66.983398
142.380630,-66.993393
142.769501,-66.927414
143.148636,-66.870445
143.532684,-67.013405
143.834656,-67.050369
144.169891,-67.059380
144.458725,-67.117332
144.978470,-66.973419
145.552704,-67.019394
145.833725,-67.205330
145.509506,-67.364281
145.151581,-67.519188
145.281677,-67.645203
145.567627,-67.615173
145.994614,-67.699173
146.308563,-67.791100
146.441605,-67.838142
146.624710,-67.882118
147.030487,-67.991020
147.498764,-68.013031
148.026627,-68.079018
148.160614,-68.237968
148.064682,-68.302910
147.742630,-68.364906
147.845688,-68.419914
148.209702,-68.407898
148.635712,-68.399933
148.868622,-68.347923
148.986572,-68.337936
149.141556,-68.429909
149.316635,-68.475914
149.435532,-68.423897
149.515579,-68.505905
149.665512,-68.495895
149.743607,-68.464882
149.834686,-68.481865
149.870621,-68.471855
150.101501,-68.418930
150.593719,-68.354912
151.001663,-68.385880
151.527573,-68.457878
152.243637,-68.492889
152.948715,-68.453903
153.399612,-68.379929
154.205521,-68.532875
154.495590,-68.628792
154.409668,-68.655823
154.382584,-68.719788
154.402557,-68.879723
154.689667,-69.034683
154.917664,-68.950729
155.404526,-68.995689
156.388611,-69.069702
156.928696,-69.163651
156.835632,-69.044693
156.827606,-68.920746
157.132507,-69.058662
157.292709,-69.189651
157.708694,-69.197639
158.158676,-69.239632
158.308578,-69.292625
158.727493,-69.321564
159.136917,-69.449539
159.759506,-69.646469
160.066589,-69.826385
160.269501,-69.948364
160.291718,-69.989319
160.233582,-70.097321
160.678711,-70.292259
161.025604,-70.376213
161.210709,-70.319237
161.469681,-70.386208
161.867630,-70.426186
162.117889,-70.521133
162.280533,-70.690071
162.672562,-70.823090
162.847626,-70.795052
162.985825,-70.702103
163.598572,-70.761078
164.096634,-70.734093
164.255585,-70.722076
164.530487,-70.730110
165.311478,-70.688118
165.871552,-70.599121
166.281693,-70.628128
166.174561,-70.717056
166.307617,-70.729073
166.576675,-70.722076
166.895691,-70.820015
166.995804,-70.989014
167.463608,-70.964981
167.607620,-71.029999
168.131577,-71.139938
168.579529,-71.300873
169.027542,-71.479851
169.298553,-71.608772
169.595947,-71.650764
169.780533,-71.638763
169.889648,-71.540825
169.783661,-71.407806
169.994583,-71.381859
170.207489,-71.555779
170.387695,-71.732712
170.493622,-71.883675
170.281723,-72.000633
169.979721,-72.050598
169.685532,-72.111618
169.910873,-72.267563
169.922562,-72.400513
169.858612,-72.629379
169.570541,-72.835358
169.340530,-72.982292
169.081528,-73.094269
168.802689,-73.213181
168.389618,-73.325172
168.063721,-73.414139
167.622559,-73.460144
167.027542,-73.692001
166.878647,-73.891975
166.626694,-74.071915
166.231659,-74.243851
165.580536,-74.279793
164.957504,-74.233856
164.905487,-74.265808
165.135696,-74.378769
165.341522,-74.528763
165.437698,-74.634674
164.746536,-74.619720
164.150620,-74.721634
163.846649,-74.885605
163.427704,-75.070557
163.510712,-75.231476
163.878601,-75.439438
164.369644,-75.517372
164.235611,-75.599373
163.437698,-75.546371
162.697693,-75.501381
162.716522,-75.561340
162.885712,-75.630325
162.453552,-75.807304
162.567596,-75.931244
162.845657,-76.089157
163.463608,-76.124168
163.161636,-76.263130
162.644531,-76.315071
162.790482,-76.367073
162.671570,-76.543999
162.641602,-76.683990
162.777527,-76.843941
162.452621,-76.903900
162.300507,-76.930885
162.530518,-76.974854
163.111557,-77.085846
163.035599,-77.237770
163.263611,-77.324768
163.474594,-77.428711
163.451645,-77.568657
163.930649,-77.686638
164.406723,-77.778580
164.540512,-77.921516
165.022690,-77.849579
165.225525,-77.850563
165.990662,-77.823578
166.289536,-77.753616
166.112549,-77.704613
165.507523,-77.605637
165.862564,-77.449684
166.185516,-77.300735
166.216507,-77.177780
166.392578,-77.111862
166.637680,-77.109825
166.909653,-77.185806
166.980667,-77.207764
167.208710,-77.254738
167.432632,-77.332756
168.151581,-77.391731
168.672592,-77.408737
169.182556,-77.442696
169.588593,-77.572655
169.915543,-77.496666
170.013687,-77.480659
170.664551,-77.530693
172.262680,-77.642616
173.533691,-77.721596
174.351532,-77.779617
175.306610,-77.819588
176.485565,-77.918510
177.444550,-78.016502
178.501678,-78.156456
179.943558,-78.296387
179.999985,-78.301682
-180.000000,-78.301628
-178.979950,-78.396347
-177.674942,-78.481339
-176.287979,-78.473381
-175.065979,-78.502312
-173.951950,-78.483307
-173.869980,-78.488327
-173.626984,-78.476311
-171.839935,-78.542297
-170.489960,-78.531319
-169.464966,-78.526291
-168.415955,-78.536301
-166.987930,-78.512306
-166.144974,-78.498329
-164.994995,-78.533340
-164.452942,-78.376358
-164.050949,-78.214470
-163.474991,-78.169449
-162.409958,-78.140442
-161.600021,-78.002518
-160.464981,-77.942558
-159.625992,-77.867546
-158.635010,-77.790596
-158.569992,-77.620659
-158.628021,-77.466690
-158.713974,-77.253754
-158.469971,-77.170784
-157.350998,-77.140816
-156.199997,-77.106827
-154.938019,-77.083824
-154.353989,-77.129829
-153.853958,-77.132820
-153.284012,-77.244759
-152.706924,-77.227760
-151.893997,-77.221802
-151.412949,-77.075867
-150.939972,-76.851898
-150.541016,-76.739929
-150.154999,-76.686996
-150.132980,-76.584030
-149.514023,-76.429070
-148.710983,-76.301086
-148.136978,-76.229149
-147.198944,-76.416069
-145.824982,-76.513023
-146.091965,-76.231117
-146.638000,-75.945229
-145.042984,-75.593346
-142.928986,-75.315430
-141.766998,-75.134537
-140.468964,-75.093552
-137.507996,-74.712677
-135.316574,-74.710274
-134.514938,-74.776634
-133.888992,-74.707649
-133.519974,-74.675697
-132.781982,-74.571747
-132.329987,-74.507744
-131.442993,-74.275803
-130.626999,-74.168854
-129.722992,-74.168854
-128.411972,-74.065887
-127.019981,-73.880943
-125.948952,-73.687035
-125.509956,-73.336151
-124.024963,-73.439102
-123.493988,-73.592094
-122.526009,-73.697029
-121.209999,-73.776993
-120.390999,-73.862000
-120.244972,-73.874001
-120.140961,-73.884010
-119.810951,-73.920975
-119.522987,-73.955948
-118.954987,-74.005913
-118.306999,-74.026894
-117.588051,-74.095879
-117.179962,-74.123901
-116.612953,-74.071915
-115.985992,-74.102867
-115.426979,-74.148872
-114.736992,-74.104904
-114.147957,-73.980911
-113.981041,-74.029892
-114.148987,-74.129852
-113.752022,-74.109863
-113.450020,-74.159843
-113.195992,-74.257851
-112.623016,-74.295799
-112.025963,-74.338783
-111.692963,-74.308800
-111.472992,-74.200859
-111.030983,-74.235825
-110.607033,-74.298798
-110.027977,-74.318810
-109.681992,-74.416801
-109.685982,-74.554718
-109.190987,-74.686676
-108.327988,-74.878616
-107.599007,-75.009544
-107.008003,-75.039551
-107.209023,-74.839615
-107.491028,-74.574699
-107.594963,-74.360794
-107.224007,-74.256851
-106.611031,-74.229813
-105.607971,-74.244835
-104.795998,-74.320816
-104.809836,-74.408768
-105.248978,-74.624680
-105.480019,-74.782661
-105.221001,-74.847649
-104.928940,-74.777618
-104.631973,-74.774673
-103.707993,-74.862610
-102.843002,-74.985580
-102.102989,-75.111526
-101.504990,-75.084557
-101.178963,-74.977592
-101.349991,-74.802635
-101.637016,-74.688705
-101.889023,-74.621727
-101.788979,-74.494728
-101.925949,-74.282799
-101.986023,-74.188843
-101.925949,-74.106857
-102.021957,-73.952934
-102.133972,-73.806992
-102.316963,-73.719040
-101.997971,-73.709045
-101.555054,-73.724007
-101.144958,-73.720039
-100.875961,-73.669060
-100.972023,-73.559105
-101.289978,-73.467133
-101.591980,-73.428123
-102.015999,-73.468102
-102.330040,-73.477135
-102.676018,-73.469139
-103.010979,-73.400154
-103.124947,-73.344170
-103.274986,-73.260223
-103.415970,-73.188217
-103.493019,-73.119232
-103.487022,-73.046257
-103.227966,-72.987282
-103.113968,-72.927292
-102.895950,-72.911285
-102.800987,-72.858353
-102.836990,-72.830338
-102.870010,-72.729393
-102.998016,-72.638390
-103.332970,-72.533463
-103.585960,-72.466507
-103.581047,-72.393532
-103.152000,-72.374527
-102.650009,-72.380524
-102.278008,-72.295540
-102.213966,-72.195572
-101.786987,-72.111618
-101.211952,-72.018646
-100.711983,-72.031593
-100.054001,-71.983650
-99.864983,-72.001671
-100.045021,-72.056625
-99.769958,-72.111618
-99.525002,-72.149590
-99.464035,-72.151596
-99.273994,-72.138596
-99.122017,-72.238556
-98.957001,-72.189575
-98.639000,-72.240578
-98.437965,-72.317543
-98.280006,-72.287552
-98.177994,-72.188576
-98.240982,-72.107574
-98.467957,-72.124557
-98.420052,-72.004623
-98.134972,-71.989647
-97.957939,-72.061638
-98.003014,-72.181541
-97.799965,-72.208572
-97.562988,-72.251572
-97.536011,-72.089600
-97.371971,-72.070595
-97.327972,-72.147614
-97.090935,-72.189575
-96.953949,-72.067589
-96.798004,-72.017609
-96.543976,-71.965675
-96.625008,-72.077599
-96.579002,-72.221573
-96.336021,-72.176559
-95.930038,-72.178581
-95.892975,-72.261551
-96.203995,-72.344521
-96.127007,-72.405479
-95.760979,-72.380524
-95.695992,-72.449455
-96.117004,-72.504456
-95.918983,-72.605400
-95.539993,-72.696404
-95.301987,-72.725403
-95.195984,-72.684387
-95.118980,-72.677391
-95.017021,-72.674385
-94.905998,-72.701385
-94.523987,-72.685364
-94.077965,-72.630417
-93.673981,-72.673409
-93.281013,-72.703392
-92.888016,-72.713387
-92.405983,-72.707382
-91.953003,-72.659424
-91.468994,-72.568420
-90.858971,-72.511452
-90.302010,-72.465469
-89.963997,-72.463493
-89.434998,-72.475456
-88.817001,-72.487488
-88.197037,-72.498466
-87.758980,-72.530457
-87.311958,-72.509445
-86.591995,-72.606438
-86.171967,-72.758354
-85.798004,-72.850327
-85.290932,-72.856339
-84.485947,-72.835358
-83.879005,-72.855354
-82.995003,-72.898354
-82.276024,-72.957275
-81.720009,-73.001259
-81.249969,-72.976303
-80.494011,-73.031303
-80.036995,-73.054298
-79.480949,-72.988319
-78.969009,-73.055267
-78.673996,-73.220245
-78.332985,-73.413101
-77.966949,-73.451118
-77.990982,-73.312157
-78.266006,-73.149223
-78.644005,-73.014305
-78.707001,-72.855354
-78.274040,-72.821388
-77.760010,-72.791336
-77.543961,-72.726402
-77.967987,-72.624420
-78.012032,-72.561432
-77.676971,-72.529472
-77.132011,-72.525436
-76.865036,-72.556473
-76.800026,-72.543457
-76.633957,-72.551430
-76.626961,-72.638390
-76.473969,-72.671394
-76.370979,-72.642395
-76.096992,-72.664406
-76.143013,-72.799377
-75.847008,-73.001259
-75.798996,-73.020256
-75.797997,-72.909317
-75.431023,-72.875359
-75.078979,-72.864311
-74.628998,-72.891350
-74.335022,-72.946297
-73.931984,-72.952309
-73.706001,-73.037300
-73.838005,-73.143265
-73.760956,-73.239182
-73.462997,-73.233231
-73.189026,-73.284195
-72.903961,-73.472092
-72.658958,-73.453140
-72.760033,-73.323189
-72.311974,-73.310150
-71.931015,-73.320190
-71.799995,-73.179222
-72.376015,-73.062263
-72.639946,-72.986282
-72.556984,-72.912323
-72.215965,-72.837326
-72.131981,-72.661385
-72.323997,-72.554436
-72.519997,-72.464478
-72.544968,-72.454491
-72.425957,-72.433449
-72.431969,-72.280563
-72.719978,-72.144554
-73.113998,-72.088562
-73.244011,-72.143570
-73.613976,-72.173553
-73.901016,-72.128616
-74.539001,-72.069626
-74.924988,-71.950653
-75.294968,-71.805740
-75.541031,-71.641769
-75.507957,-71.463791
-75.194969,-71.478828
-74.902969,-71.423866
-74.866028,-71.340843
-74.335022,-71.338875
-74.039032,-71.324890
-73.659981,-71.229904
-73.319016,-71.157913
-73.257996,-71.058990
-73.682999,-70.941002
-73.839973,-70.876007
-74.241982,-70.851051
-74.769966,-70.878021
-75.269997,-70.897034
-75.406998,-70.857048
-75.156013,-70.758072
-75.078979,-70.643097
-74.652985,-70.723114
-74.566978,-70.701103
-74.387970,-70.701103
-74.333984,-70.694115
-74.221970,-70.538162
-74.382996,-70.370201
-74.601997,-70.166313
-74.609940,-70.064316
-74.627953,-70.046288
-74.573967,-69.972336
-74.359009,-69.864403
-74.349991,-69.839394
-74.171989,-69.822395
-73.835991,-69.769409
-73.493996,-69.766418
-73.298965,-69.765427
-73.006042,-69.760468
-72.703003,-69.720467
-72.639946,-69.672470
-72.649017,-69.621437
-72.803978,-69.573479
-72.795990,-69.548515
-72.655014,-69.478546
-72.542015,-69.415581
-72.467972,-69.409561
-72.286018,-69.440529
-71.996033,-69.517494
-71.785995,-69.540489
-71.681030,-69.501541
-71.693993,-69.358543
-71.899979,-69.234604
-72.032005,-69.196640
-71.779984,-69.129684
-71.572014,-69.043701
-71.345978,-68.974709
-71.054016,-68.915718
-70.609016,-68.893707
-70.354004,-68.890755
-70.245979,-68.943756
-70.144012,-69.029678
-70.048790,-69.100166
-70.092010,-69.138649
-70.065002,-69.265633
-69.934029,-69.334579
-69.720993,-69.338608
-69.558968,-69.366570
-69.553940,-69.500504
-69.512970,-69.551468
-69.375977,-69.604454
-69.352966,-69.805405
-69.204948,-69.983368
-69.015007,-70.028320
-68.836990,-69.971352
-68.680984,-69.873413
-68.524017,-69.740417
-68.656013,-69.596474
-68.735954,-69.436554
-68.378998,-69.423546
-68.274948,-69.307579
-68.433022,-69.205597
-68.194954,-69.166656
-67.656021,-69.178627
-67.488998,-69.086685
-67.484993,-68.953697
-67.320961,-68.895729
-67.087967,-68.804726
-67.109016,-68.620827
-67.062027,-68.537857
-66.924973,-68.437881
-67.149986,-68.328911
-66.969994,-68.303947
-66.721977,-68.286972
-67.102997,-68.195961
-67.125015,-68.121033
-67.035019,-68.062042
-66.835030,-67.971085
-66.681007,-67.846107
-66.879021,-67.829117
-66.879021,-67.804115
-66.835030,-67.771126
-66.768967,-67.746147
-66.724983,-67.730141
-66.594017,-67.671150
-66.594994,-67.605179
-66.726021,-67.596207
-66.965027,-67.630196
-67.052940,-67.621170
-67.291954,-67.604179
-67.530998,-67.603142
-67.549973,-67.520226
-67.591011,-67.453209
-67.677002,-67.419243
-67.610939,-67.395256
-67.544991,-67.337296
-67.541985,-67.246315
-67.388931,-67.155365
-67.259995,-67.072380
-67.109932,-67.031410
-67.046005,-66.998421
-66.876999,-66.998421
-66.835030,-67.123344
-66.856010,-67.239304
-66.812958,-67.314262
-66.684013,-67.330322
-66.446983,-67.355286
-66.318993,-67.305290
-66.323967,-67.105385
-66.328995,-66.889450
-66.329979,-66.848480
-66.035034,-66.847443
-65.578018,-66.744484
-65.397957,-66.601540
-65.568985,-66.520599
-65.760994,-66.406647
-65.724991,-66.306633
-65.585983,-66.214699
-65.464020,-66.196678
-65.424019,-66.187660
-65.303978,-66.145714
-65.225998,-66.094696
-65.084969,-66.076729
-65.087975,-66.035706
-65.071037,-65.985779
-64.950989,-65.975784
-64.845970,-66.015770
-64.620041,-66.045700
-64.395996,-66.041763
-64.383003,-65.975784
-64.593979,-65.887787
-64.597954,-65.846832
-64.418999,-65.826828
-64.300972,-65.799858
-64.532013,-65.696884
-64.473984,-65.678871
-64.272026,-65.691856
-64.070007,-65.704872
-64.139015,-65.631897
-64.040993,-65.613922
-63.860958,-65.617912
-63.662979,-65.604897
-63.730022,-65.548927
-63.974926,-65.495926
-64.028969,-65.381996
-64.118965,-65.285042
-64.053993,-65.168030
-63.804993,-65.121056
-63.297989,-65.109093
-63.092957,-65.170052
-62.903954,-65.123032
-63.150017,-65.055084
-63.134991,-65.022095
-62.787022,-64.888161
-62.400978,-64.876129
-62.523975,-64.839149
-62.474033,-64.689209
-62.351963,-64.619240
-62.353985,-64.709198
-62.235962,-64.722214
-62.069042,-64.691231
-61.945007,-64.637222
-61.666977,-64.586250
-61.504978,-64.538292
-61.506016,-64.447289
-61.287998,-64.397308
-61.103024,-64.372345
-60.950954,-64.209404
-60.822983,-64.112396
-60.440983,-63.987476
-60.062973,-63.926479
-59.799000,-63.863483
-59.585026,-63.892490
-59.501968,-63.855511
-59.356037,-63.780514
-59.226971,-63.715569
-59.040958,-63.712563
-58.846996,-63.559620
-58.407009,-63.490631
-58.187950,-63.483643
-57.915997,-63.415649
-57.672024,-63.373688
-57.355007,-63.333717
-57.140007,-63.316715
-57.013996,-63.356697
-56.934013,-63.467636
-57.024971,-63.615608
-57.196991,-63.653572
-57.222004,-63.588627
-57.318001,-63.529633
-57.468975,-63.524620
-57.664974,-63.596615
-57.736008,-63.659580
-57.747974,-63.677551
-57.893978,-63.687561
-58.132011,-63.753529
-58.384003,-63.836514
-58.533012,-63.953449
-58.680012,-64.079460
-58.804962,-64.219406
-58.911022,-64.425346
-58.840969,-64.578270
-58.909985,-64.724220
-58.972000,-64.952110
-59.089973,-65.133072
-59.255985,-65.292023
-59.470005,-65.436935
-59.497982,-65.537941
-59.563988,-65.649910
-59.825012,-65.921761
-60.211014,-66.139702
-60.443989,-66.333611
-60.629005,-66.566582
-60.719013,-66.779495
-60.752987,-66.964462
-60.717976,-67.012405
-60.716980,-67.096359
-60.742020,-67.314262
-60.831944,-67.618164
-60.812000,-67.927071
-60.868008,-68.205956
-60.788029,-68.487862
-60.603981,-68.798790
-60.567970,-68.990730
-60.379963,-69.143661
-60.262962,-69.357559
-60.395962,-69.539505
-60.602997,-69.800385
-60.812000,-70.069344
-60.868992,-70.366211
-60.692009,-70.528168
-60.595020,-70.668114
-60.595947,-70.897034
-60.419949,-71.033974
-60.343014,-71.327843
-60.297005,-71.605759
-60.559010,-71.775742
-60.540977,-71.825668
-60.225971,-71.797714
-60.175972,-71.931686
-60.502033,-72.010620
-60.237991,-72.128616
-59.961025,-72.271545
-60.202980,-72.441483
-60.457977,-72.663406
-60.211014,-72.858353
-59.696003,-72.985298
-59.314999,-73.312157
-59.654964,-73.350174
-60.034996,-73.363174
-60.545952,-73.423164
-60.721951,-73.590088
-60.858009,-73.789993
-60.858009,-73.950966
-60.579010,-74.113846
-61.014996,-74.108879
-60.977947,-74.124886
-60.679016,-74.252823
-60.572998,-74.360794
-61.000023,-74.483749
-61.498955,-74.692696
-61.758995,-74.877647
-61.429943,-75.066521
-60.590988,-75.249451
-59.635021,-75.417427
-58.762012,-75.577347
-58.090973,-75.716301
-57.181034,-75.973190
-56.249992,-76.210144
-55.443008,-76.390083
-54.931004,-76.426079
-54.168987,-76.640022
-53.558006,-76.756966
-52.991005,-76.821915
-52.364033,-76.864914
-51.328007,-77.014839
-50.817013,-77.044830
-50.176041,-77.108856
-50.080017,-77.209785
-50.364010,-77.237770
-50.836010,-77.276756
-50.802036,-77.425705
-50.324005,-77.626663
-49.713993,-77.703644
-49.028034,-77.657631
-47.966015,-77.690628
-47.660004,-77.721596
-46.748989,-77.880562
-45.920052,-78.025513
-44.909004,-78.090477
-44.433010,-78.217461
-43.571030,-78.152473
-42.908005,-77.934532
-42.425018,-77.785576
-41.920052,-77.651642
-40.800007,-77.794571
-39.487038,-77.961502
-38.685024,-77.931526
-37.509029,-77.953537
-36.189003,-77.952538
-35.258041,-77.895584
-35.429016,-77.837578
-34.963017,-77.575661
-33.972004,-77.389709
-32.840992,-77.163795
-31.975006,-77.083824
-31.571028,-77.093834
-31.213964,-76.942902
-31.005009,-76.876915
-30.708038,-76.796967
-30.236031,-76.685959
-29.846020,-76.565025
-29.281027,-76.443054
-28.788979,-76.343109
-28.422029,-76.275146
-27.958025,-76.209175
-27.452986,-76.155136
-27.043970,-76.074203
-26.787004,-75.989197
-26.652029,-75.883232
-26.486996,-75.760277
-26.839996,-75.644310
-26.681026,-75.533386
-26.111006,-75.400421
-25.446043,-75.322433
-25.029024,-75.262444
-24.761002,-75.224487
-24.857983,-75.234482
-24.426027,-75.054558
-24.043001,-74.824593
-23.983038,-74.717644
-23.640003,-74.504730
-23.020002,-74.323814
-22.638006,-74.224854
-22.438021,-74.182838
-22.306011,-74.171860
-21.976023,-74.189827
-21.558025,-74.184875
-21.233021,-74.093910
-21.062044,-74.009918
-20.724041,-73.876953
-20.435989,-73.732056
-20.240004,-73.563095
-20.105021,-73.449097
-19.770004,-73.284195
-19.562967,-73.133232
-19.453001,-73.036263
-19.239004,-72.968307
-18.967999,-72.881294
-18.955017,-72.839363
-18.934004,-72.731361
-18.736998,-72.603432
-18.497026,-72.599449
-17.984037,-72.655380
-17.502010,-72.657417
-17.101013,-72.582405
-16.832993,-72.539413
-16.546032,-72.502434
-16.421009,-72.457481
-16.261019,-72.398491
-15.914027,-72.256531
-15.529057,-72.178581
-15.127011,-72.104622
-14.591032,-72.030624
-14.140992,-71.989647
-13.776048,-71.979645
-13.519006,-72.028641
-13.321025,-72.073601
-12.982051,-72.046616
-12.930036,-71.995598
-13.046015,-71.958672
-12.958019,-71.864670
-12.777999,-71.801704
-12.502032,-71.739746
-12.296035,-71.620781
-12.307021,-71.494820
-12.142056,-71.377884
-11.853044,-71.319862
-11.578032,-71.207886
-11.371018,-71.110931
-11.009037,-71.028999
-10.671038,-71.002014
-10.378009,-70.964981
-10.151017,-70.883049
-9.886031,-70.750114
-9.652053,-70.631134
-9.541045,-70.605133
-9.285037,-70.550140
-9.026002,-70.555153
-8.705004,-70.543137
-8.373003,-70.571159
-8.297015,-70.675102
-7.843994,-70.688118
-7.583986,-70.593132
-7.370040,-70.489182
-7.017046,-70.471214
-6.755036,-70.454155
-6.497026,-70.455193
-6.266039,-70.489182
-6.017014,-70.478203
-5.573030,-70.436188
-5.191024,-70.430191
-4.866013,-70.440170
-4.551024,-70.420181
-4.314010,-70.377190
-3.977036,-70.323227
-3.676012,-70.327217
-3.375032,-70.331253
-3.052018,-70.301285
-2.806993,-70.286263
-2.598024,-70.236267
-2.217058,-70.122322
-1.822008,-70.093269
-1.509004,-70.023354
-1.418031,-69.954361
-1.412019,-69.909355
-1.462038,-69.846375
-1.075044,-69.714462
-0.908022,-69.667435
-0.881014,-69.626465
-0.991044,-69.609474
-0.988023,-69.463524
-0.960039,-69.339600
-1.121003,-69.241592
-1.229036,-69.123665
-1.024003,-69.083679
-0.778017,-69.113617
-0.420046,-69.051674
-0.328035,-69.038673
-0.215028,-69.092644
-0.141038,-69.094658
-5.000000,-69.069534
-164.267382,-78.301630
-0.970112,-69.333467
-1.164185,-69.194456
-1.201236,-69.154011
-0.498082,-69.065177
-0.514284,-69.067981
-0.269825,-69.066473
-0.272995,-69.064959
-2.697126,-69.081441
-1.056040,-69.089927
-0.653150,-69.092010
-0.968968,-69.090377
# Triangles
750,751,752
753,1487,752
746,743,744
1495,1480,1492
746,744,745
746,748,750
750,748,749
746,750,743
747,748,746
1487,750,752
753,754,1487
1492,1491,1495
1487,756,758
756,1487,755
743,750,1487
758,756,757
1487,1345,761
762,761,763
1487,760,759
761,760,1487
765,761,1345
765,763,761
1487,754,755
769,768,767
775,777,776
773,765,775
772,765,773
767,766,769
769,766,770
766,765,770
770,765,771
771,765,772
775,774,773
786,778,787
779,778,780
781,780,778
782,781,783
778,786,781
784,786,785
784,783,781
789,788,790
781,786,784
787,778,777
765,777,775
763,765,764
787,790,788
790,787,791
787,792,791
792,787,793
787,796,793
794,796,795
796,794,793
842,798,796
796,798,797
842,841,820
796,787,842
787,843,842
854,843,858
858,843,859
854,858,857
1337,860,859
861,968,955
787,777,843
847,844,848
853,843,854
854,856,855
854,857,856
844,843,848
861,875,862
777,859,843
798,819,799
817,800,799
841,831,830
832,839,833
840,839,832
820,798,842
801,800,803
841,832,831
830,823,841
839,836,833
837,836,839
836,835,833
839,838,837
843,853,848
845,844,847
864,863,865
863,862,865
846,845,847
849,852,850
853,852,849
850,852,851
865,868,866
832,841,840
865,862,874
777,765,1345
802,801,803
817,799,819
821,820,822
817,804,800
820,819,798
815,812,816
816,812,804
812,815,814
817,816,804
804,803,800
819,818,817
830,829,828
830,827,823
848,853,849
841,823,820
824,823,827
824,827,825
827,826,825
830,828,827
823,822,820
833,835,834
805,810,806
810,805,812
812,811,810
812,805,804
814,813,812
806,808,807
808,806,809
897,896,895
806,810,809
886,885,887
888,887,885
888,884,883
885,884,888
890,883,882
898,895,894
895,898,897
889,888,883
883,890,889
898,894,899
882,881,890
871,870,872
872,869,873
869,872,870
893,892,891
891,899,893
891,880,900
880,891,881
881,891,890
880,879,900
873,868,865
868,867,866
875,907,876
865,874,873
877,903,878
861,949,945
902,900,878
943,861,944
900,879,878
862,875,874
861,945,944
953,950,861
861,950,949
954,953,861
873,869,868
955,954,861
947,945,949
942,939,938
925,861,943
941,940,942
875,861,915
942,940,939
891,900,899
877,876,904
875,915,912
925,916,915
925,943,942
942,938,934
861,925,915
945,947,946
949,948,947
952,951,950
952,950,953
958,960,959
958,957,956
961,960,958
958,956,961
956,962,961
956,955,968
968,962,956
893,899,894
861,860,968
1336,1335,1330
1338,1337,859
1337,1336,1327
1335,1334,1331
1336,1329,1328
1336,1330,1329
1334,1332,1331
1331,1330,1335
1332,1334,1333
1327,1336,1328
1340,1338,1342
1344,1343,1345
1346,1345,1353
1347,1346,1350
1338,1343,1342
1340,1339,1338
1340,1342,1341
1348,1350,1349
1350,1348,1347
1346,1351,1350
1343,1338,1345
777,1345,1338
1316,1315,1310
1314,1313,1312
1315,1314,1310
1317,1016,1015
1311,1314,1312
1310,1307,1316
1310,1314,1311
1019,1317,1316
1307,1291,1316
1308,1307,1310
1306,1299,1307
1309,1308,1310
1318,1317,982
1323,1322,1318
982,1323,1318
1326,1325,1324
1324,1337,1326
860,1324,1323
1322,1320,1319
1319,1318,1322
1321,1320,1322
1323,982,860
1337,1327,1326
982,1317,1015
1352,1351,1353
1353,1351,1346
1355,1354,711
1345,1354,1353
1355,1357,1356
1355,1358,1357
1359,1361,1360
1359,1358,1355
1361,1359,1355
1355,90,1361
1361,1363,1362
1361,1364,1363
1365,1367,1366
1371,1367,1365
1361,1365,1364
1368,1370,1369
1370,1368,1371
1365,1361,1371
23,1423,1373
1368,1367,1371
1361,1372,1371
1361,90,1372
1376,1375,1377
1375,1379,1378
1379,1375,1374
1375,1378,1377
1374,1380,1379
1380,1374,1373
1382,1381,1383
1384,1383,1392
1385,1384,1386
1381,1392,1383
1381,1380,1373
1387,1391,1388
1387,1386,1384
1391,1390,1388
1388,1390,1389
1387,1384,1391
1384,1392,1391
1394,1393,1395
1396,1395,1412
1397,1396,1399
1395,1422,1412
1392,1381,1393
1373,1393,1381
1395,1393,1422
1345,711,1354
975,974,976
981,977,976
978,977,980
981,980,977
981,976,974
980,979,978
969,972,971
972,969,973
969,971,970
969,974,973
981,974,969
984,987,985
982,989,983
1003,1012,1006
988,984,983
969,860,981
982,1003,1002
1003,1005,1004
1001,982,1002
1006,1005,1003
1006,1012,1007
1007,1012,1008
1003,982,1012
969,968,860
968,967,964
986,985,987
963,962,964
964,967,965
991,990,992
967,966,965
964,962,968
989,982,997
989,988,983
997,982,998
989,992,990
999,1001,1000
1001,999,998
987,984,988
989,994,993
993,992,989
995,997,996
997,995,994
997,994,989
1001,998,982
860,982,981
1012,1015,1013
1015,1014,1013
1017,1016,1018
1018,1016,1019
982,1015,1012
1009,1011,1010
1011,1009,1008
1023,1022,1021
1012,1011,1008
1019,1316,1020
1019,1016,1317
1305,1304,1300
1304,1303,1301
1299,1306,1305
1302,1301,1303
1020,1316,1109
1024,1021,1020
1400,1402,1401
1402,1400,1399
1399,1403,1402
1300,1304,1301
1397,1399,1398
1023,1021,1024
1020,1025,1024
1025,1020,1107
1026,1025,1030
1299,1305,1300
1107,1030,1025
1029,1028,1027
1295,1299,1298
1029,1027,1026
1030,1029,1026
1307,1299,1295
1406,1404,1407
1405,1404,1406
1408,1407,1403
1404,1403,1407
1409,1408,1403
1403,1399,1409
1411,1410,1412
1413,1412,1422
1414,1413,1422
1409,1396,1410
1396,1409,1399
1412,1410,1396
1393,1373,1423
860,1337,1324
1338,859,777
1297,1296,1298
909,912,910
875,908,907
912,914,913
912,915,914
910,912,911
912,909,875
901,900,902
875,909,908
903,877,904
920,919,918
924,923,916
917,916,923
934,930,929
929,925,942
929,942,934
934,938,935
938,937,936
929,928,925
925,928,926
927,926,928
917,923,921
936,935,938
917,921,918
924,916,925
931,934,933
905,904,907
903,902,878
923,922,921
907,906,905
921,920,918
934,931,930
876,907,904
1040,1039,1041
1038,1037,1041
1041,1037,1042
1038,1041,1039
933,932,931
1054,1053,1055
1052,1055,1053
1056,1055,1052
1044,1043,1042
1042,1037,1036
1058,1057,1052
1044,1036,1035
1042,1036,1044
1058,1052,1051
1066,1064,1063
1060,1059,1051
1058,1051,1059
1062,1067,1063
1060,1051,1061
1046,1045,1035
1034,1046,1035
1047,1033,1032
1046,1034,1033
1047,1032,1031
1070,1061,1050
1051,1050,1061
1049,1071,1050
1047,1046,1033
1048,1047,1031
1062,1061,1069
1030,1048,1031
1045,1044,1035
1049,1048,1072
1064,1066,1065
1063,1067,1066
1069,1068,1067
1067,1062,1069
1070,1069,1061
1070,1050,1071
1071,1049,1072
1078,1077,1076
1073,1048,1074
1048,1073,1072
1030,1085,1084
1074,1048,1084
1109,1316,1110
1110,1316,1111
1108,1020,1109
1081,1076,1075
1075,1074,1083
1078,1076,1079
1107,1106,1085
1106,1105,1104
1100,1106,1104
1111,1114,1112
1084,1048,1030
1085,1030,1107
1074,1084,1083
1020,1108,1107
1056,1052,1057
1080,1079,1076
1081,1075,1082
1075,1083,1082
1076,1081,1080
1088,1087,1089
1090,1089,1086
1086,1089,1087
1085,1091,1086
1093,1099,1098
1092,1085,1099
1101,1103,1102
1103,1101,1100
1113,1112,1114
1085,1106,1100
1115,1118,1117
1118,1115,1114
1115,1117,1116
1114,1111,1118
1100,1099,1085
1103,1100,1104
1096,1098,1097
1090,1086,1091
1092,1099,1093
1092,1091,1085
1098,1095,1093
1096,1095,1098
1094,1093,1095
1150,1149,1147
1147,1149,1148
1150,1147,1146
1119,1121,1120
1121,1119,1122
1143,1153,1144
1151,1150,1152
1146,1145,1144
1146,1144,1150
1152,1150,1144
1144,1153,1152
1153,1158,1154
1118,1316,1119
1123,1122,1124
1125,1127,1126
1125,1124,1122
1129,1128,1131
1122,1128,1125
1158,1153,1143
1135,1134,1136
1143,1142,1159
1127,1125,1128
1136,1133,1137
1136,1134,1133
1137,1133,1138
1133,1132,1128
1133,1128,1139
1138,1133,1139
1131,1128,1132
1159,1141,1160
1159,1142,1141
1160,1141,1140
1161,1140,1162
1139,1162,1140
1140,1161,1160
1139,1128,1162
1283,1167,1128
1143,1159,1158
1156,1155,1157
1155,1154,1158
1157,1155,1158
1163,1162,1166
1165,1164,1166
1166,1164,1163
1171,1169,1172
1170,1169,1171
1166,1162,1167
1169,1168,1173
1169,1173,1172
1174,1168,1175
1168,1174,1173
1175,1168,1177
1168,1167,1275
1177,1176,1175
1178,1177,1180
1178,1180,1179
1180,1177,1181
1177,1168,1181
1181,1168,1182
1162,1128,1167
1128,1122,1284
1130,1129,1131
1316,1122,1119
1316,1118,1111
1298,1296,1295
1417,1422,1418
1414,1417,1416
1415,1414,1416
1291,1295,1292
1284,1122,1291
1292,1295,1293
1294,1293,1295
1291,1290,1289
1295,1291,1307
1419,1421,1420
1421,1419,1422
1423,1422,1393
1424,1423,1428
1419,1418,1422
1424,1426,1425
1424,1427,1426
1437,1429,1428
1430,1429,1431
1424,1428,1427
1428,1423,1437
1422,1417,1414
1285,1284,1287
1288,1287,1289
1287,1286,1285
1284,1291,1287
1167,1276,1275
1276,1167,1283
1276,1283,1278
1276,1278,1277
1278,1283,1282
1281,1278,1282
1183,1168,1275
1432,1431,1429
1433,1435,1434
1436,1435,1433
1432,1429,1433
1281,1280,1279
1281,1279,1278
1433,1429,1436
1446,1438,1437
1429,1437,1436
1287,1291,1289
1437,1423,1447
1128,1284,1283
1440,1439,1441
1446,1443,1439
1439,1443,1441
1446,1439,1438
1437,1447,1446
1442,1441,1443
1443,1446,1444
1446,1445,1444
1449,1448,1450
1447,1453,1448
1451,1453,1452
1453,1451,1450
1447,1454,1453
1454,1447,1457
1450,1448,1453
1457,1456,1454
1454,1456,1455
1458,1461,1459
1461,1458,1462
1423,1458,1457
1447,1423,1457
1462,1458,1423
1459,1461,1460
1464,1463,1462
1465,1467,1466
1467,1465,1464
1467,1464,10
1496,1480,1495
1473,1469,8
1489,4,1478
1468,1467,10
1470,1469,1472
1475,1474,1476
1476,1474,1477
1469,1473,1472
1495,1490,1479
1498,1481,1497
1478,4,1488
1493,1492,1484
5,1477,1474
1474,1473,6
1471,1470,1472
1469,1468,8
1423,1464,1462
1464,1423,23
1188,1184,1192
1186,1185,1187
1183,1182,1168
1187,1185,1184
1189,1188,1190
1188,1192,1191
1188,1191,1190
1187,1184,1188
1192,1184,1183
1195,1192,1196
1196,1192,1183
1273,1196,1183
1192,1195,1194
1272,1269,1273
1205,1269,1268
1273,1183,1275
1196,1273,1269
1201,1200,1199
1203,1197,1196
1198,1197,1199
1197,1202,1199
1205,1196,1269
1194,1193,1192
1274,1273,1275
1201,1199,1202
1203,1202,1197
1205,1204,1196
1206,1205,1207
1204,1203,1196
1205,1208,1207
1210,1209,1211
1208,1205,1209
1211,1209,1213
1205,1268,1209
1214,1213,1209
1213,1212,1211
1215,1217,1216
1267,1215,1209
1214,1209,1215
1219,1218,1220
1220,1218,1221
1222,1224,1223
1221,1224,1222
1266,1218,1217
1215,1267,1217
1218,1265,1221
1269,1272,1271
1265,1218,1266
1270,1269,1271
1266,1217,1267
1261,1225,1224
1221,1265,1264
1221,1264,1261
1227,1226,1225
1261,1224,1221
1260,1227,1225
1267,1209,1268
1263,1262,1261
1263,1261,1264
1227,1259,1257
1227,1260,1259
1258,1257,1259
1255,1257,1256
1255,1227,1257
1231,1254,1253
1229,1255,1254
1255,1228,1227
1225,1261,1260
1252,1232,1253
1254,1230,1229
1229,1228,1255
1231,1253,1232
1254,1231,1230
1233,1251,1250
1251,1232,1252
1250,1234,1233
1233,1232,1251
1247,1235,1249
1249,1235,1234
1247,1249,1248
1249,1234,1250
1246,1236,1235
1243,1242,1241
1244,1243,1238
1239,1243,1241
1236,1245,1237
1245,1236,1246
1245,1244,1237
1243,1239,1238
1237,1244,1238
1240,1239,1241
1246,1235,1247
1316,1291,1122
1372,23,1373
742,1345,1487
18,17,20
21,20,23
24,23,28
23,22,21
20,17,23
10,14,13
10,1464,14
12,10,13
16,15,14
17,16,23
14,23,16
14,1464,23
25,27,26
27,25,24
34,29,28
31,30,29
27,24,28
39,38,28
43,40,39
38,35,28
50,49,51
51,49,39
52,51,39
39,28,52
48,39,49
28,23,52
1372,52,23
31,29,32
20,19,18
9,8,1468
35,34,28
29,33,32
34,33,29
11,10,12
37,36,38
46,45,47
48,47,45
45,39,48
39,45,43
40,42,41
45,44,43
40,43,42
36,35,38
10,9,1468
86,85,89
86,89,87
89,85,52
52,85,76
88,87,89
80,84,81
84,80,85
81,84,83
83,82,81
85,80,79
92,95,93
95,92,91
95,94,93
97,95,91
96,95,97
90,97,91
98,97,99
100,99,102
97,104,99
107,104,108
144,104,97
90,144,97
1355,312,144
104,103,99
69,68,52
52,75,69
52,76,75
77,85,78
85,77,76
55,53,56
52,68,53
68,56,53
72,74,73
71,75,74
69,75,71
53,55,54
79,78,85
103,102,99
107,106,104
100,102,101
104,144,122
106,105,104
146,145,147
144,312,311
145,144,148
144,143,139
143,142,140
90,1355,144
52,90,89
90,52,1372
71,74,72
5,1474,6
57,56,59
58,57,59
59,68,60
68,63,61
63,68,65
64,63,65
62,61,63
61,60,68
59,56,68
67,66,65
68,67,65
109,108,121
111,109,112
111,110,109
113,109,121
123,122,136
108,122,121
104,122,108
69,71,70
121,120,117
112,109,113
114,113,115
1491,1492,1493
1494,1482,1491
1492,1497,1484
1483,1482,1494
113,116,115
117,119,118
117,113,121
125,124,123
126,125,128
119,117,120
127,126,128
129,128,125
125,130,129
125,131,130
131,125,132
117,116,113
125,123,132
6,1473,7
138,136,122
143,140,139
142,141,140
139,122,144
133,135,134
133,132,123
133,123,135
137,136,138
123,136,135
138,122,139
149,148,151
152,151,148
149,151,150
311,310,303
154,148,157
147,145,148
306,310,309
153,152,154
155,154,156
154,152,148
311,269,144
306,309,307
310,306,304
158,157,148
148,164,163
159,158,148
159,148,160
161,160,148
148,162,161
163,162,148
290,292,291
292,283,293
164,148,184
290,285,292
156,154,157
311,295,294
311,302,295
296,295,302
304,303,310
293,311,294
299,302,301
297,296,298
302,298,296
302,299,298
300,299,301
281,311,293
311,303,302
306,305,304
144,186,148
8,7,1473
703,702,705
706,705,708
705,704,703
702,708,705
702,698,696
702,699,698
702,701,699
698,697,696
700,699,701
702,696,691
711,710,709
712,711,713
714,713,711
711,740,714
716,718,717
709,708,711
708,707,706
719,718,716
716,715,719
321,312,708
321,708,424
692,691,696
693,695,694
693,696,695
692,696,693
689,688,691
689,691,690
682,687,683
682,688,687
684,683,687
688,682,627
691,688,620
627,681,680
685,684,686
687,686,684
676,675,679
680,675,630
679,675,680
677,676,679
679,678,677
634,674,673
627,682,681
674,630,675
702,691,605
715,727,726
727,715,730
728,730,729
730,728,727
714,730,715
721,720,719
719,722,721
715,723,722
715,725,724
723,715,724
726,725,715
719,715,722
738,740,739
736,740,738
736,735,714
714,740,736
738,737,736
731,733,732
731,730,733
734,730,714
730,734,733
714,735,734
711,741,740
711,742,741
672,671,669
641,669,668
670,669,671
637,673,669
645,666,665
644,667,666
664,663,647
647,663,658
665,664,646
668,667,644
669,673,672
662,661,658
658,661,660
658,648,647
660,659,658
658,657,649
648,658,649
650,649,657
656,655,654
656,654,653
656,653,657
658,663,662
653,650,657
711,1345,742
646,664,647
314,313,318
319,318,313
320,319,321
314,318,317
319,312,321
307,309,308
315,317,316
314,317,315
321,323,322
424,323,321
576,702,584
324,323,332
602,601,603
702,463,708
326,324,327
326,325,324
600,599,596
596,599,598
593,601,600
596,598,597
313,312,319
581,578,582
584,582,577
582,584,583
576,544,702
592,702,601
324,328,327
576,584,577
581,579,578
579,581,580
582,578,577
575,564,576
585,587,586
585,702,587
588,587,589
702,585,584
600,594,593
592,601,593
587,702,592
589,591,590
589,587,591
594,600,595
587,592,591
600,596,595
627,680,628
674,631,630
674,633,632
674,632,631
628,630,629
633,674,634
635,634,637
673,637,634
637,636,635
628,680,630
626,621,688
645,644,666
668,644,643
651,650,652
652,650,653
665,646,645
639,641,640
641,639,638
641,643,642
641,668,643
638,637,641
641,637,669
626,688,627
610,612,611
612,610,609
612,614,613
619,614,612
619,612,609
603,601,604
606,605,608
608,605,609
606,608,607
605,691,609
601,702,604
621,623,622
621,626,623
624,623,626
625,624,626
615,619,616
619,615,614
616,619,617
618,617,619
702,605,604
620,688,621
619,609,691
619,691,620
312,711,708
312,1355,711
165,164,166
166,168,167
164,168,166
164,173,169
171,173,172
173,171,170
183,174,173
174,181,177
170,169,173
181,178,177
169,168,164
183,182,181
164,183,173
186,257,242
191,187,205
164,184,183
180,179,178
181,180,178
188,191,190
191,188,187
187,186,205
183,181,174
186,185,148
174,176,175
174,177,176
199,195,194
193,199,194
200,193,192
190,189,188
202,204,203
196,195,197
191,201,192
191,202,201
204,202,191
206,205,207
207,186,242
186,207,205
251,255,252
250,255,251
191,205,204
207,242,223
210,208,207
244,256,255
244,243,242
245,255,248
245,244,255
249,248,255
255,250,249
244,242,256
148,185,184
281,280,279
283,282,281
283,292,284
281,293,283
272,269,274
269,257,144
273,272,274
275,279,278
279,275,274
274,281,279
275,278,277
281,274,311
289,288,285
290,289,285
328,330,329
328,324,330
331,330,324
288,286,285
288,287,286
332,323,333
334,333,337
370,363,323
285,284,292
186,144,257
257,256,242
258,257,262
263,262,257
263,269,264
258,262,261
269,263,257
252,254,253
252,255,254
259,261,260
261,259,258
268,265,269
270,269,271
271,269,272
276,275,277
268,266,265
266,268,267
336,335,334
337,336,334
265,264,269
333,353,337
269,311,274
197,195,198
199,193,200
198,195,199
210,209,208
201,200,192
214,213,212
211,210,207
211,214,212
207,223,222
242,240,224
240,242,241
246,248,247
238,237,234
234,237,235
239,238,233
236,235,237
232,240,239
248,246,245
238,234,233
214,211,215
215,211,216
207,217,216
219,218,207
218,217,207
220,207,221
220,219,207
221,207,222
223,242,224
216,211,207
229,231,230
229,240,231
240,232,231
224,240,225
225,227,226
240,227,225
343,342,341
229,228,227
341,340,343
229,227,240
239,233,232
340,345,343
346,340,339
349,339,338
353,363,362
349,337,353
353,362,354
333,363,353
338,337,349
349,348,339
349,353,350
350,353,351
351,353,352
357,354,362
339,348,347
365,368,366
368,365,364
369,368,364
370,369,364
368,367,366
364,363,370
371,370,372
373,375,374
375,373,372
375,416,386
372,370,424
323,363,333
355,354,356
357,362,358
357,356,354
359,362,361
344,343,345
340,346,345
359,358,362
360,359,361
346,339,347
377,375,382
383,382,375
375,377,376
386,385,384
388,387,394
384,383,375
377,379,378
377,380,379
380,377,381
377,382,381
387,386,394
375,386,384
375,372,424
331,324,332
425,424,458
426,425,429
457,425,458
448,430,425
424,459,458
423,422,420
427,426,428
430,429,425
456,451,457
429,428,426
448,425,457
424,423,419
460,459,463
461,460,462
463,462,460
464,463,466
708,463,459
466,465,464
479,466,480
479,467,466
480,466,463
482,481,483
463,481,480
463,502,481
370,323,424
420,419,423
421,420,422
417,424,418
431,433,432
430,433,431
447,433,448
433,430,448
449,448,457
418,424,419
455,454,456
467,479,478
478,468,467
489,487,486
488,487,489
451,450,449
456,454,451
453,451,454
477,476,478
468,478,476
490,486,485
449,457,451
424,417,416
558,557,563
556,564,563
559,558,563
563,557,556
562,559,563
505,503,702
564,551,576
505,504,503
564,555,552
544,505,702
553,552,555
556,555,564
552,551,564
502,463,702
575,569,568
570,575,571
572,574,573
572,571,575
568,564,575
562,561,560
564,566,565
564,567,566
568,567,564
570,569,575
503,502,702
560,559,562
483,502,497
502,501,497
498,501,500
515,507,506
484,483,491
501,498,497
497,494,483
499,498,500
507,509,508
485,484,490
506,543,542
548,551,550
551,548,547
549,548,550
555,554,553
544,543,506
544,551,545
547,546,545
551,547,545
544,506,505
544,576,551
502,483,481
459,424,708
540,506,542
415,414,416
435,434,436
414,413,416
412,411,410
409,406,405
412,394,413
408,407,406
413,394,386
434,433,436
438,437,433
445,447,446
444,447,445
439,438,433
433,437,436
447,440,439
444,443,447
440,447,443
452,451,453
447,439,433
388,392,389
388,393,392
394,412,395
395,412,396
393,388,394
390,392,391
392,390,389
398,397,396
399,398,400
396,401,398
408,406,409
405,404,409
443,441,440
443,442,441
400,398,401
401,396,402
410,404,403
403,402,410
404,410,409
412,402,396
402,412,410
470,472,471
416,413,386
468,475,474
494,496,495
476,475,468
483,494,493
489,486,490
490,484,491
491,483,492
493,492,483
468,474,469
510,509,511
509,514,511
519,506,522
506,540,539
542,541,540
522,506,539
515,514,507
506,516,515
514,509,507
517,506,518
506,517,516
537,539,538
506,519,518
522,539,534
513,511,514
521,520,519
522,521,519
473,472,474
512,511,513
525,524,526
523,534,524
474,472,469
535,534,536
526,534,533
536,534,539
522,534,523
527,533,532
527,531,528
527,526,533
529,531,530
531,529,528
532,531,527
534,526,524
536,539,537
469,472,470
497,496,494
375,424,416
574,572,575
1477,5,1488
1489,3,1490
1495,1491,1486
1494,1491,1493
1493,1,1494
1495,2,1490
1495,1479,1496
1480,1498,1492
1484,1497,1485
1496,1498,1480
1492,1498,1497
