# Antarctica region 5
23 20
# Outer Vertices
-45.698036,-60.521706
-45.621010,-60.521706
-45.499004,-60.521706
-45.400028,-60.526665
-45.312019,-60.569653
-45.235004,-60.618660
-45.169018,-60.640659
-45.114033,-60.683605
-45.058006,-60.715603
-45.058006,-60.737614
-45.146984,-60.715603
-45.235004,-60.694626
-45.334049,-60.672615
-45.433029,-60.667645
-45.576992,-60.678623
-45.665005,-60.618660
-45.687038,-60.591663
-45.774971,-60.613678
-45.885017,-60.624657
-45.973995,-60.607670
-45.984978,-60.591663
-45.940018,-60.559654
-45.698036,-60.521706
# Triangles
21,19,18
15,14,1
21,18,17
17,0,21
21,20,19
15,1,16
1,14,2
16,1,0
16,0,17
14,13,2
6,11,10
7,9,8
9,7,10
6,10,7
3,13,4
4,13,12
13,3,2
5,4,12
5,12,11
11,6,5
