# Antarctica region 9
16 13
# Outer Vertices
-62.660820,-64.549377
-62.657955,-64.398346
-62.481956,-64.318321
-62.554028,-64.230385
-62.548031,-64.155403
-62.348957,-64.107430
-62.254974,-64.112396
-62.094013,-64.164398
-62.070995,-64.188377
-62.094013,-64.263374
-62.229034,-64.350334
-62.329014,-64.428345
-62.360981,-64.462311
-62.491039,-64.483284
-62.581951,-64.511253
-62.660820,-64.549377
# Triangles
14,13,1
0,14,1
5,3,2
3,5,4
1,13,2
13,12,2
10,2,11
10,9,6
10,5,2
5,10,6
7,6,9
8,7,9
11,2,12
