# Antarctica region 7
23 20
# Outer Vertices
-58.942986,-62.247047
-58.980034,-62.241039
-58.923000,-62.196083
-58.829018,-62.157097
-58.732998,-62.126114
-58.642963,-62.079140
-58.541973,-62.064117
-58.478985,-62.043140
-58.363949,-62.019176
-58.113037,-61.984150
-57.859989,-61.958149
-57.697979,-61.970165
-57.635960,-62.048168
-57.801960,-62.077129
-57.935944,-62.095142
-58.101955,-62.124107
-58.200954,-62.197121
-58.346027,-62.240070
-58.422962,-62.220062
-58.600014,-62.274086
-58.703983,-62.280052
-58.802010,-62.246063
-58.942986,-62.247047
# Triangles
2,1,22
4,21,20
4,20,19
2,22,21
21,3,2
21,4,3
5,4,19
19,6,5
6,18,7
6,19,18
8,18,17
15,14,9
8,17,16
9,16,15
14,10,9
9,8,16
13,12,11
13,11,10
13,10,14
18,8,7
