# Antarctica region 10
24 21
# Outer Vertices
-74.935974,-70.014336
-75.150986,-69.995346
-75.247002,-69.991356
-75.448013,-69.997353
-75.744995,-69.999313
-75.911011,-69.981346
-75.818977,-69.944382
-75.828979,-69.858391
-76.041000,-69.787437
-76.037994,-69.728447
-75.729965,-69.694481
-75.389000,-69.695450
-75.299019,-69.598495
-75.163010,-69.563499
-74.814011,-69.597458
-74.728989,-69.686455
-74.601997,-69.734467
-74.396004,-69.769409
-74.394966,-69.829384
-74.568016,-69.897339
-74.642982,-69.961357
-74.666000,-70.019363
-74.793961,-70.030342
-74.935974,-70.014336
# Triangles
6,5,4
10,4,3
4,7,6
11,3,2
8,7,9
9,7,10
10,7,4
12,11,2
3,11,10
2,1,12
15,23,22
13,1,23
15,22,20
21,20,22
19,16,20
23,14,13
23,15,14
19,17,16
16,15,20
17,19,18
1,13,12
