# Antarctica region 3
32 29
# Outer Vertices
-69.077339,-67.797493
-69.135002,-67.729172
-69.301949,-67.659149
-69.335991,-67.576233
-69.284950,-67.510178
-69.231995,-67.419243
-69.072014,-67.330322
-68.868958,-67.233299
-68.708961,-67.111382
-68.570007,-66.971451
-68.502968,-66.922401
-68.349968,-66.858490
-68.139008,-66.843475
-67.946999,-66.795448
-67.820984,-66.787468
-67.910011,-66.886444
-68.000046,-66.994438
-68.026001,-67.101334
-67.925018,-67.210304
-67.950005,-67.276283
-68.103043,-67.325294
-68.302979,-67.423271
-68.198013,-67.465225
-68.026001,-67.484230
-68.139008,-67.566170
-68.231995,-67.656197
-68.428993,-67.663185
-68.494987,-67.670181
-68.630989,-67.736168
-68.789993,-67.800110
-68.966980,-67.806122
-69.077339,-67.797493
# Triangles
1,31,30
4,2,1
6,30,29
29,28,7
6,1,30
27,7,28
3,2,4
5,4,1
5,1,6
8,7,27
21,9,8
9,21,10
29,7,6
21,8,27
26,25,21
22,21,25
25,24,22
21,11,10
20,19,17
23,22,24
21,20,11
17,16,12
12,11,17
16,13,12
11,20,17
15,13,16
14,13,15
19,18,17
21,27,26
