# Antarctica region 2
24 21
# Outer Vertices
-58.317028,-64.421288
-58.297997,-64.420319
-58.197021,-64.380318
-58.174015,-64.337349
-58.197021,-64.272331
-58.254009,-64.217400
-58.466949,-64.206406
-58.441978,-64.113449
-58.338978,-64.082428
-58.297997,-63.980484
-58.090973,-63.924500
-57.878952,-63.885498
-57.896984,-63.994427
-57.684986,-64.004478
-57.528984,-64.018448
-57.392971,-64.075432
-57.205002,-64.169380
-57.244022,-64.264374
-57.448990,-64.329300
-57.495983,-64.407303
-57.845947,-64.448326
-58.105999,-64.474327
-58.205982,-64.464272
-58.317028,-64.421288
# Triangles
1,0,22
2,21,3
21,2,22
22,2,1
6,8,7
8,6,5
10,9,5
5,9,8
4,10,5
4,3,12
12,3,20
19,13,20
15,18,17
13,19,18
17,16,15
10,12,11
10,4,12
18,14,13
13,12,20
15,14,18
3,21,20
