# Antarctica region 11
22 19
# Outer Vertices
-61.100426,-62.749748
-61.107025,-62.718929
-61.044010,-62.682945
-60.905983,-62.660934
-60.857040,-62.641911
-60.778027,-62.596958
-60.675014,-62.583958
-60.497005,-62.582973
-60.231995,-62.576965
-60.095978,-62.553970
-60.074024,-62.568935
-60.026966,-62.614929
-59.917957,-62.691944
-60.096962,-62.758911
-60.234001,-62.782890
-60.363995,-62.764919
-60.424976,-62.734879
-60.557972,-62.700916
-60.719013,-62.700916
-60.839977,-62.714901
-61.012985,-62.738922
-61.100426,-62.749748
# Triangles
2,1,21
3,20,19
2,21,20
5,19,18
3,2,20
19,5,4
4,3,19
6,5,18
18,17,6
7,17,16
8,15,14
15,8,16
13,8,14
7,16,8
9,8,10
10,8,13
10,13,11
12,11,13
17,7,6
