# Antarctica region 1
16 13
# Outer Vertices
-66.227768,-65.919365
-66.228035,-65.920776
-66.309998,-65.863823
-66.190002,-65.829834
-66.130974,-65.779854
-66.093010,-65.721848
-65.995956,-65.646851
-65.917984,-65.588890
-65.699959,-65.562897
-65.637947,-65.602890
-65.594009,-65.693893
-65.752968,-65.719826
-65.870003,-65.786842
-65.967979,-65.861786
-66.107002,-65.911766
-66.227768,-65.919365
# Triangles
0,14,3
1,0,2
3,2,0
13,5,4
3,14,4
4,14,13
13,12,6
11,10,9
12,11,7
6,12,7
8,7,11
9,8,11
13,6,5
