# Ghana region 0
154 151
# Outer Vertices
-2.831057,11.003410
-2.230278,11.000270
-0.679722,10.997500
-0.665000,10.954720
-0.610000,10.917220
-0.567778,10.992220
-0.488889,10.998330
-0.423055,11.096940
-0.381944,11.108610
-0.352778,11.068890
-0.275278,11.130000
-0.285278,11.166660
-0.150955,11.139270
-0.133889,11.111390
-0.021111,11.103610
0.034444,11.075000
0.032500,10.989720
-0.071389,10.737770
-0.068333,10.633890
0.045833,10.586110
0.196389,10.397780
0.286389,10.413890
0.320833,10.330550
0.393333,10.308330
0.383240,10.273630
0.349722,10.115270
0.399444,10.061110
0.368055,10.027500
0.322500,9.729162
0.349444,9.692219
0.335833,9.649719
0.275278,9.679996
0.253056,9.653608
0.285278,9.591106
0.349167,9.611662
0.376389,9.590551
0.348611,9.564442
0.233056,9.572218
0.223055,9.528608
0.297222,9.509720
0.275000,9.480551
0.221111,9.472773
0.229014,9.432280
0.287778,9.421385
0.364444,9.489717
0.462778,9.488329
0.548889,9.414997
0.551944,9.361107
0.448055,9.019997
0.514444,8.911942
0.482500,8.791664
0.390000,8.787497
0.383055,8.762218
0.472500,8.592773
0.633889,8.491663
0.674167,8.405552
0.726944,8.284996
0.588889,8.197496
0.626944,7.769165
0.587222,7.694164
0.581944,7.620831
0.521111,7.585832
0.510556,7.460554
0.570278,7.385276
0.646667,7.399999
0.665833,7.303609
0.608055,7.014443
0.513889,6.970832
0.563889,6.917498
0.529167,6.825831
0.571111,6.813332
0.683706,6.587327
0.733611,6.490831
0.904722,6.329443
1.000278,6.327776
1.100000,6.160554
1.201111,6.159998
1.203850,6.099102
1.061666,6.002221
0.989722,5.818054
0.920000,5.771943
0.684167,5.753610
0.634444,5.948054
0.500833,6.061943
0.406667,6.083055
0.378333,6.049443
0.244167,6.104999
0.208055,6.089443
0.372222,6.022221
0.433055,6.070832
0.506389,6.033609
0.621111,5.935555
0.651111,5.778332
0.309722,5.776387
0.064444,5.663332
-0.397222,5.473887
-0.493333,5.367776
-0.587778,5.349721
-0.799722,5.206665
-0.908611,5.211943
-1.129445,5.163054
-1.626111,5.012776
-1.636389,4.963332
-1.870000,4.833610
-1.964722,4.751665
-2.089723,4.727777
-2.287222,4.894999
-2.565278,4.961388
-3.105550,5.085906
-3.102313,5.112709
-3.089723,5.110554
-2.966389,5.078609
-2.928575,5.099180
-2.734722,5.112776
-2.773334,5.349998
-2.718139,5.346311
-2.764026,5.590343
-2.776667,5.613332
-2.906389,5.616386
-2.960556,5.627220
-2.948611,5.713054
-3.013889,5.707499
-3.006667,5.857776
-3.169445,6.277221
-3.249166,6.611387
-3.186388,6.716387
-3.224166,6.813609
-3.090000,7.061942
-3.024167,7.073054
-2.823889,7.823609
-2.785278,7.853609
-2.774722,7.946665
-2.741112,7.938887
-2.684166,8.012497
-2.588889,8.040831
-2.611389,8.137775
-2.488056,8.197775
-2.584651,8.781527
-2.655833,9.013052
-2.773056,9.055275
-2.662500,9.269163
-2.716111,9.311663
-2.668056,9.382772
-2.686853,9.482336
-2.794445,9.735828
-2.738611,9.826107
-2.796389,10.057770
-2.754723,10.265000
-2.843611,10.326380
-2.768611,10.416660
-2.857778,10.457220
-2.932500,10.630000
-2.880278,10.804160
-2.831057,11.003410
# Triangles
108,110,109
110,108,111
112,111,107
120,119,118
108,107,111
120,118,117
124,123,125
127,126,128
125,128,126
125,123,128
120,117,122
120,122,121
128,130,129
117,128,123
130,128,134
117,123,122
128,117,100
106,105,104
115,113,107
107,113,112
115,107,106
104,103,106
115,106,101
102,101,103
103,101,106
101,100,117
114,113,115
130,132,131
101,117,116
100,95,128
115,101,116
99,98,97
97,96,95
95,100,97
134,132,130
99,97,100
95,134,128
141,140,142
140,139,138
137,140,138
38,4,142
134,136,135
133,132,134
3,145,143
150,149,151
149,152,151
152,1,0
145,144,143
147,149,148
147,146,145
1,149,147
147,145,1
1,152,149
4,143,142
143,4,3
3,1,145
41,140,137
1,3,2
18,17,4
4,6,5
17,6,4
18,4,37
136,134,62
16,13,17
7,9,8
9,7,6
17,9,6
13,9,17
11,10,12
12,10,13
13,10,9
14,13,16
16,15,14
41,142,140
137,136,52
95,87,134
94,93,87
88,87,93
93,90,88
134,87,67
89,88,90
84,71,86
84,83,72
93,91,90
86,85,84
69,67,87
69,86,71
62,67,63
134,67,62
136,62,61
68,67,69
86,69,87
60,59,61
67,66,63
69,71,70
61,59,57
61,52,136
73,83,82
81,80,82
92,91,93
79,78,82
75,78,77
82,78,73
79,82,80
76,75,77
65,64,63
58,57,59
65,63,66
75,74,73
71,84,72
72,83,73
75,73,78
53,61,57
38,41,40
41,137,42
32,18,37
37,4,38
37,36,33
33,36,34
39,38,40
42,48,43
37,33,32
20,32,25
19,18,20
27,32,31
18,32,20
29,31,30
20,22,21
25,22,20
31,28,27
31,29,28
36,35,34
142,41,38
53,52,61
48,51,49
49,51,50
48,42,51
48,47,43
54,53,57
57,55,54
57,56,55
45,43,47
27,25,32
25,27,26
44,43,45
24,23,22
47,46,45
25,24,22
42,52,51
137,52,42
87,95,94
