# Chile region 26
20 17
# Outer Vertices
-75.239731,-49.073341
-75.273613,-49.067921
-75.315002,-48.950840
-75.474457,-49.043900
-75.527786,-49.007229
-75.472504,-48.966949
-75.499184,-48.965279
-75.543327,-48.991669
-75.628342,-48.980289
-75.653061,-48.955830
-75.633621,-48.868622
-75.473068,-48.847778
-75.527512,-48.907230
-75.503067,-48.910278
-75.399170,-48.824169
-75.401123,-48.901119
-75.369453,-48.849171
-75.303070,-48.870010
-75.202789,-49.030560
-75.239731,-49.073341
# Triangles
8,7,12
9,8,10
12,6,13
10,8,12
5,13,6
10,12,11
7,6,12
5,4,3
5,2,15
5,3,2
1,19,18
1,18,2
2,18,17
13,15,14
17,16,15
15,2,17
15,13,5
