# Chile region 11
24 21
# Outer Vertices
-75.241470,-48.703232
-75.319458,-48.498058
-75.269447,-48.420280
-75.321671,-48.398338
-75.323334,-48.343620
-75.446953,-48.413891
-75.517792,-48.425838
-75.555847,-48.408619
-75.556671,-48.384998
-75.385010,-48.310570
-75.398903,-48.291401
-75.535278,-48.325569
-75.551964,-48.291950
-75.464737,-48.210281
-75.531113,-48.233620
-75.587227,-48.095570
-75.513634,-48.035278
-75.351387,-48.007790
-75.170288,-48.412220
-75.140007,-48.405560
-75.098343,-48.471401
-75.071953,-48.596119
-75.195557,-48.696671
-75.241470,-48.703232
# Triangles
8,7,6
9,8,5
5,8,6
11,13,12
15,14,13
17,16,13
13,16,15
17,13,10
10,13,11
18,2,1
22,1,23
21,20,1
21,1,22
18,1,20
4,17,10
9,5,4
4,18,17
4,10,9
4,2,18
19,18,20
4,3,2
