# Chile region 10
22 19
# Outer Vertices
-74.221939,-50.848431
-74.238342,-50.803059
-74.311684,-50.799171
-74.311401,-50.846390
-74.354172,-50.846119
-74.403343,-50.746120
-74.491669,-50.746120
-74.519180,-50.722500
-74.574448,-50.640011
-74.508621,-50.577782
-74.421112,-50.528622
-74.667793,-50.484459
-74.562500,-50.423901
-74.531403,-50.420292
-74.493622,-50.470558
-74.376404,-50.454731
-74.236954,-50.678619
-74.299179,-50.676121
-74.280838,-50.718620
-74.190567,-50.755840
-74.176392,-50.793339
-74.221939,-50.848431
# Triangles
8,7,9
7,5,9
5,7,6
9,5,10
14,13,12
14,11,10
15,14,10
14,12,11
5,17,10
18,5,2
2,4,3
1,21,20
2,1,18
16,15,17
15,10,17
17,5,18
18,1,19
1,20,19
5,4,2
