# Chile region 25
98 95
# Outer Vertices
-72.819458,-54.135841
-72.925293,-54.119450
-72.932510,-54.088341
-73.017227,-54.091949
-73.017792,-54.066391
-72.803337,-54.065571
-72.890007,-54.032791
-72.759743,-54.032780
-72.849457,-53.960011
-72.648621,-53.867500
-72.797791,-53.820839
-72.997223,-53.873890
-73.029449,-53.816669
-73.065567,-53.813339
-73.103897,-53.927509
-73.032791,-53.987511
-73.090843,-54.036671
-73.327507,-53.967220
-73.234451,-53.900002
-73.313904,-53.844452
-73.254997,-53.806400
-73.264183,-53.765839
-73.309448,-53.746948
-73.248901,-53.728611
-73.250000,-53.707241
-73.571953,-53.759178
-73.565002,-53.737499
-73.484734,-53.710560
-73.487503,-53.668331
-73.601120,-53.663342
-73.620010,-53.641399
-73.597778,-53.589729
-73.426964,-53.562778
-73.333344,-53.591671
-73.277237,-53.653061
-72.958618,-53.670010
-72.951683,-53.640560
-73.080002,-53.656391
-73.026672,-53.590839
-73.120010,-53.651402
-73.250000,-53.636951
-73.290009,-53.612789
-73.262512,-53.562229
-73.383621,-53.517780
-73.426117,-53.475288
-73.412514,-53.463341
-73.083618,-53.530842
-73.130569,-53.488338
-73.129730,-53.447498
-73.178337,-53.427780
-73.048607,-53.383350
-73.006393,-53.493351
-72.988892,-53.454731
-73.013062,-53.408901
-72.911118,-53.429451
-72.940567,-53.530281
-72.894447,-53.511391
-72.871948,-53.538342
-72.909447,-53.627232
-72.889450,-53.674728
-72.866119,-53.676949
-72.807793,-53.535290
-72.867233,-53.468891
-72.791397,-53.480000
-72.674179,-53.605011
-72.692230,-53.667782
-72.637222,-53.676670
-72.634171,-53.590569
-72.670288,-53.544449
-72.588348,-53.564178
-72.545288,-53.593060
-72.482788,-53.573330
-72.403343,-53.627789
-72.401947,-53.658058
-72.479172,-53.667789
-72.480827,-53.693069
-72.440842,-53.751678
-72.376106,-53.693340
-72.235291,-53.732510
-72.277786,-53.761391
-72.184708,-53.781490
-72.139717,-53.801682
-72.242233,-53.875561
-72.353622,-53.832500
-72.361954,-53.856400
-72.339737,-53.921669
-72.414459,-53.895000
-72.410568,-53.926949
-72.369453,-53.957230
-72.416122,-53.968620
-72.316963,-53.994732
-72.325012,-54.041950
-72.441116,-54.046959
-72.511398,-53.987499
-72.529167,-54.095558
-72.580002,-54.097778
-72.628067,-54.023899
-72.819458,-54.135841
# Triangles
20,19,18
21,20,23
22,21,23
31,29,28
27,24,34
27,26,25
35,24,13
25,24,27
28,27,33
20,13,23
16,15,14
36,35,59
3,2,4
18,14,13
14,18,16
35,13,12
35,12,59
11,59,12
24,35,34
13,20,18
2,1,0
16,18,17
30,29,31
31,28,32
32,28,33
13,24,23
41,40,42
33,27,34
44,43,45
42,39,46
42,45,43
42,40,39
39,38,46
38,36,55
58,55,36
46,38,51
36,38,37
51,38,55
51,50,48
48,47,46
48,50,49
52,51,55
54,53,52
46,51,48
52,55,54
42,46,45
5,2,0
2,5,4
7,5,0
6,5,7
93,95,94
9,8,7
9,96,93
96,9,7
93,96,95
86,9,93
0,96,7
65,10,9
93,92,89
11,10,59
89,88,87
89,91,90
87,86,93
89,92,91
76,86,84
86,85,84
9,86,76
82,81,80
83,82,79
84,83,76
87,93,89
80,79,82
58,36,59
59,10,60
64,61,65
65,61,60
10,65,60
56,55,57
62,61,63
61,64,63
55,58,57
9,75,66
65,9,66
74,66,75
77,79,78
77,76,83
83,79,77
67,70,69
67,66,70
67,69,68
74,73,72
72,71,74
74,71,70
66,74,70
75,9,76
