# Chile region 34
17 14
# Outer Vertices
-74.714539,-50.889599
-74.921402,-50.856960
-74.936111,-50.835281
-74.908340,-50.795559
-74.956947,-50.748890
-74.950562,-50.726391
-74.844452,-50.749168
-74.906403,-50.706402
-74.866959,-50.685558
-74.827789,-50.709461
-74.827217,-50.664452
-74.748901,-50.701962
-74.715286,-50.804180
-74.725014,-50.850010
-74.672234,-50.814449
-74.671402,-50.866119
-74.714539,-50.889599
# Triangles
2,1,3
13,6,3
3,1,13
4,3,5
3,6,5
6,8,7
6,9,8
13,0,15
12,6,13
15,14,13
10,9,11
11,9,6
12,11,6
13,1,0
