# Chile region 30
130 127
# Outer Vertices
-74.685562,-50.050289
-74.674454,-49.999729
-74.784714,-50.048828
-74.816391,-50.024170
-74.863892,-50.020561
-74.853622,-49.985851
-74.748611,-49.929180
-74.662514,-49.955280
-74.710564,-49.906399
-74.748901,-49.902790
-74.874184,-49.959171
-74.907227,-49.941120
-74.905006,-49.881962
-74.867783,-49.865292
-74.801682,-49.880840
-74.732513,-49.851109
-74.831390,-49.850849
-74.825562,-49.817219
-74.767227,-49.778339
-74.800003,-49.760559
-74.860001,-49.805561
-74.886948,-49.783058
-74.920288,-49.683060
-74.842216,-49.693619
-74.900284,-49.648899
-74.890007,-49.614182
-74.747223,-49.627239
-74.875000,-49.584461
-74.889450,-49.541401
-74.784729,-49.477791
-74.736679,-49.524181
-74.757782,-49.463348
-74.648064,-49.361679
-74.675568,-49.358620
-74.733902,-49.404449
-74.870010,-49.510010
-74.894180,-49.474731
-74.910278,-49.522789
-74.949448,-49.544170
-74.973618,-49.474720
-75.009453,-49.538342
-74.997513,-49.582779
-75.041122,-49.593349
-75.012787,-49.678902
-74.958618,-49.632229
-74.957230,-49.666950
-75.025284,-49.751400
-74.962784,-49.760010
-74.986389,-49.809170
-75.044167,-49.825001
-75.004997,-49.858608
-75.011948,-49.899170
-75.136124,-49.857510
-75.216667,-49.754452
-75.202507,-49.713070
-75.295563,-49.640011
-75.293617,-49.612511
-75.233612,-49.566959
-75.310013,-49.557240
-75.255569,-49.499180
-75.335564,-49.512791
-75.358337,-49.437790
-75.439178,-49.458340
-75.471123,-49.331680
-75.439453,-49.290852
-75.386673,-49.278900
-75.190567,-49.475571
-75.323334,-49.280010
-75.308327,-49.259449
-75.267227,-49.260010
-75.156677,-49.377789
-75.093903,-49.370571
-75.156952,-49.350842
-75.184448,-49.290852
-75.103897,-49.326962
-75.110573,-49.278889
-75.036957,-49.266121
-74.914726,-49.366112
-74.889450,-49.328350
-74.885559,-49.247509
-74.855560,-49.115570
-74.801392,-49.105011
-74.951401,-49.009449
-74.853897,-48.972511
-74.815567,-49.008621
-74.823624,-48.940842
-74.974731,-48.972790
-74.985001,-48.954170
-75.023903,-48.902512
-74.871948,-48.847240
-75.031677,-48.875000
-75.061401,-48.846951
-75.051392,-48.798340
-74.943069,-48.829170
-75.006958,-48.780281
-74.836403,-48.695850
-74.799179,-48.751400
-74.777786,-48.688061
-74.689728,-48.689178
-74.656677,-48.709179
-74.621674,-48.727791
-74.665283,-48.851120
-74.626678,-48.854179
-74.605827,-48.750839
-74.556671,-48.705841
-74.533340,-48.716949
-74.530006,-48.870831
-74.565567,-48.909451
-74.504463,-48.898621
-74.469177,-48.961941
-74.526947,-49.029449
-74.458618,-49.112789
-74.466667,-49.408619
-74.488892,-49.474461
-74.545288,-49.514172
-74.498901,-49.584728
-74.526489,-49.632080
-74.471123,-49.624180
-74.423889,-49.668331
-74.414169,-49.739460
-74.440567,-49.756680
-74.513062,-49.754730
-74.438904,-49.785278
-74.441116,-49.883350
-74.525284,-49.861389
-74.464737,-49.922779
-74.494743,-49.959179
-74.531677,-49.965569
-74.621399,-50.045010
-74.685562,-50.050289
# Triangles
54,52,46
49,52,51
54,53,52
52,49,46
49,48,46
46,43,54
50,49,51
54,43,42
56,55,57
42,41,40
59,58,57
42,66,57
57,55,54
54,42,57
42,40,66
45,43,46
45,44,43
11,10,12
23,22,21
26,25,23
27,30,29
29,28,27
23,25,24
39,38,37
10,13,12
48,47,46
61,60,59
61,65,63
61,63,62
65,61,66
70,66,71
72,71,74
40,71,66
66,70,67
57,66,59
63,65,64
61,59,66
67,69,68
67,70,69
75,74,76
74,73,72
74,71,76
77,71,39
71,77,76
36,34,77
36,77,39
34,36,35
78,34,79
39,71,40
90,93,92
92,91,90
93,90,89
86,85,89
95,94,93
93,89,95
88,87,89
37,36,39
4,3,5
13,10,14
5,3,6
6,2,1
14,9,15
10,9,14
9,8,15
6,3,2
23,21,19
26,18,121
19,26,23
26,19,18
18,15,121
18,17,15
15,17,16
30,27,26
21,20,19
7,6,1
7,1,128
124,8,7
1,0,128
128,127,7
127,126,124
124,7,127
125,124,126
121,124,122
121,117,116
26,121,116
122,124,123
15,124,121
119,118,120
120,118,121
117,121,118
15,8,124
26,116,114
80,79,81
77,34,78
107,101,84
84,82,81
33,79,34
84,83,82
30,32,31
33,81,79
81,110,84
89,85,101
95,89,96
101,96,89
87,86,89
99,98,96
97,96,98
96,101,99
84,101,85
32,81,33
113,32,114
114,32,30
107,84,110
111,110,32
30,26,114
111,32,112
112,32,113
116,115,114
103,102,106
102,101,107
99,101,100
102,107,106
103,105,104
105,103,106
108,107,109
107,110,109
81,32,110
