# Chile region 39
20 17
# Outer Vertices
-75.327911,-50.793110
-75.335564,-50.744999
-75.384743,-50.775841
-75.449448,-50.769180
-75.455002,-50.713902
-75.400284,-50.679459
-75.511124,-50.667500
-75.463058,-50.618610
-75.360001,-50.591122
-75.461670,-50.510841
-75.416672,-50.467232
-75.095840,-50.497231
-75.129997,-50.550289
-75.214447,-50.559170
-75.192497,-50.595840
-75.250557,-50.597240
-75.306671,-50.550831
-75.336121,-50.573891
-75.260834,-50.629169
-75.327911,-50.793110
# Triangles
4,3,2
8,5,18
2,5,4
5,7,6
9,8,10
10,8,17
5,8,7
5,2,1
1,19,18
15,14,13
18,17,8
17,16,10
13,12,11
16,15,13
13,11,16
16,11,10
18,5,1
