# Chile region 16
24 21
# Outer Vertices
-70.513901,-54.228069
-70.696953,-54.183060
-70.871399,-54.059731
-70.899170,-53.936119
-70.841690,-53.850842
-70.712227,-53.850288
-70.640007,-53.870289
-70.606667,-53.848339
-70.629471,-53.814171
-70.699722,-53.786388
-70.711121,-53.705009
-70.541672,-53.563339
-70.486954,-53.558338
-70.482742,-53.607208
-70.450287,-53.838341
-70.448624,-53.900280
-70.354446,-53.994740
-70.350014,-54.021671
-70.398064,-54.041389
-70.476387,-54.033619
-70.671692,-53.914169
-70.662231,-53.972778
-70.532501,-54.136951
-70.513901,-54.228069
# Triangles
3,2,21
21,20,3
19,6,20
21,2,1
3,20,4
4,20,5
9,8,10
20,6,5
10,8,13
22,21,1
7,19,15
18,17,16
19,18,15
15,18,16
11,13,12
11,10,13
8,7,14
14,13,8
14,7,15
7,6,19
22,1,0
