# Chile region 40
48 45
# Outer Vertices
-73.101959,-53.367512
-73.318336,-53.352230
-73.419449,-53.288898
-73.479736,-53.328899
-73.587784,-53.318062
-73.611954,-53.292782
-73.501106,-53.305279
-73.718903,-53.136398
-73.730293,-53.171669
-73.877792,-53.056679
-73.905289,-53.086399
-74.051117,-53.091129
-74.146118,-53.097500
-74.239731,-53.036961
-74.232513,-53.089169
-74.307510,-53.101959
-74.452217,-52.970280
-74.574448,-52.937229
-74.589447,-52.879719
-74.596390,-52.827511
-74.739464,-52.766670
-74.701683,-52.719730
-74.664642,-52.729279
-74.379463,-52.868340
-74.406403,-52.920841
-74.212784,-52.957512
-74.179169,-52.945560
-74.134171,-52.992512
-74.085281,-52.961109
-73.951950,-52.992229
-73.955002,-53.010841
-73.898064,-53.037781
-73.896118,-53.006119
-73.621948,-53.151119
-73.632507,-53.119450
-73.656403,-53.061119
-73.607788,-53.065281
-73.536118,-53.149170
-73.573624,-53.190281
-73.521118,-53.260830
-73.469452,-53.226669
-73.502792,-53.145290
-73.473892,-53.135559
-73.392227,-53.174179
-73.309723,-53.238338
-73.368057,-53.269741
-73.102509,-53.341961
-73.101959,-53.367512
# Triangles
14,13,15
13,12,27
13,27,25
12,11,27
15,13,24
30,11,10
31,10,9
30,10,31
11,30,28
31,9,32
11,28,27
28,30,29
23,19,18
16,18,17
20,22,21
22,20,19
19,23,22
25,24,13
27,26,25
15,24,16
23,18,24
24,18,16
4,3,6
40,6,2
33,7,38
7,39,38
5,4,6
40,39,6
6,3,2
1,47,46
40,45,43
45,2,1
45,1,46
45,40,2
43,45,44
8,7,9
7,33,32
35,34,36
7,32,9
33,37,34
40,43,42
37,36,34
41,40,42
37,33,38
6,39,7
