# Chile region 7
27 24
# Outer Vertices
-67.299454,-55.311958
-67.439178,-55.282501
-67.460564,-55.253059
-67.420853,-55.213619
-67.470840,-55.180279
-67.546677,-55.170280
-67.611389,-55.188339
-67.639717,-55.263889
-67.809448,-55.263618
-67.882233,-55.243610
-67.735840,-55.235291
-67.936401,-55.183331
-67.980827,-55.226669
-68.095573,-55.236950
-68.151947,-55.207500
-68.114182,-55.175289
-68.188606,-55.109459
-68.178337,-54.991402
-68.315002,-54.995289
-68.364464,-54.944462
-68.333618,-54.921108
-67.408340,-54.919449
-67.185287,-54.963070
-67.055794,-55.106869
-67.078056,-55.177509
-67.230850,-55.302509
-67.299454,-55.311958
# Triangles
15,14,13
12,15,13
9,8,10
10,8,7
19,18,20
20,18,17
15,11,17
11,15,12
17,16,15
17,11,21
20,17,21
11,10,6
2,1,3
3,26,25
26,3,1
3,25,22
5,4,21
6,5,21
24,23,22
4,3,21
3,22,21
24,22,25
6,21,11
7,6,10
