# Chile region 9
218 215
# Outer Vertices
-68.618332,-52.643620
-68.624161,-53.317791
-68.628883,-53.991390
-68.632919,-54.500229
-68.633301,-54.547409
-68.634171,-54.658611
-68.636932,-54.788219
-68.638062,-54.786949
-68.642227,-54.801960
-68.637238,-54.807499
-68.638496,-54.884541
-68.629066,-54.886810
-68.642181,-54.889061
-68.908340,-54.801682
-68.744743,-54.886669
-68.763062,-54.914459
-69.056122,-54.950279
-69.633621,-54.826950
-69.625290,-54.697510
-69.668060,-54.762779
-69.708893,-54.691669
-69.713058,-54.797230
-69.765007,-54.788349
-69.760277,-54.725281
-69.787231,-54.720001
-69.796951,-54.803070
-69.817520,-54.818340
-69.927254,-54.818340
-69.970573,-54.767502
-69.958344,-54.683331
-69.978622,-54.685009
-70.001678,-54.727230
-69.974457,-54.825840
-70.079453,-54.853619
-70.133347,-54.791111
-70.138077,-54.833618
-70.181953,-54.854729
-70.275558,-54.854729
-70.321404,-54.832512
-70.319321,-54.788811
-70.357224,-54.833340
-70.667511,-54.807499
-70.751106,-54.841400
-70.828056,-54.823330
-70.834457,-54.789452
-70.486679,-54.655842
-70.454453,-54.633060
-70.540283,-54.625278
-70.624451,-54.665562
-70.913071,-54.755562
-70.910278,-54.706120
-70.778061,-54.689732
-70.817497,-54.676670
-70.939728,-54.671680
-70.993057,-54.759998
-71.032501,-54.778339
-71.046951,-54.760830
-70.947243,-54.626400
-71.048073,-54.593060
-71.045288,-54.653622
-71.083069,-54.645840
-71.251404,-54.680279
-71.300842,-54.668072
-71.294167,-54.648899
-71.200012,-54.639721
-71.265007,-54.578350
-71.331390,-54.523621
-71.361389,-54.530560
-71.337227,-54.570278
-71.400848,-54.552780
-71.410843,-54.578060
-71.336411,-54.610840
-71.482513,-54.654461
-71.476967,-54.689449
-71.519730,-54.676670
-71.491669,-54.593609
-71.575012,-54.651951
-71.580002,-54.616669
-71.591667,-54.581951
-71.642792,-54.656120
-71.673889,-54.653889
-71.684448,-54.628342
-71.718063,-54.601109
-71.906418,-54.657501
-71.962784,-54.648899
-71.976959,-54.618340
-71.888062,-54.581120
-72.002502,-54.519180
-71.936401,-54.513618
-72.000839,-54.475281
-71.993896,-54.455009
-71.869743,-54.491680
-71.846123,-54.538342
-71.687233,-54.576672
-71.698624,-54.557789
-71.744743,-54.509731
-71.601120,-54.550831
-71.621948,-54.530281
-71.715561,-54.463070
-71.825287,-54.470840
-71.847778,-54.418060
-71.753616,-54.397511
-71.735001,-54.424171
-71.618057,-54.503059
-71.495827,-54.497509
-71.494743,-54.479729
-71.581123,-54.466129
-71.620010,-54.421108
-71.589447,-54.406109
-71.540283,-54.446110
-71.529167,-54.407230
-71.386398,-54.460281
-71.325562,-54.435841
-71.429459,-54.404461
-71.368057,-54.374451
-71.172501,-54.439732
-71.103912,-54.508610
-71.122513,-54.472500
-71.142502,-54.436951
-70.970573,-54.473888
-70.950562,-54.341961
-70.669189,-54.328609
-70.615837,-54.339451
-70.779167,-54.556400
-70.769203,-54.600010
-70.738892,-54.554729
-70.643890,-54.609459
-70.706680,-54.536121
-70.670837,-54.452221
-70.587227,-54.390839
-70.285278,-54.529720
-70.299179,-54.500000
-70.130836,-54.548889
-70.501106,-54.373341
-70.515289,-54.316120
-70.566963,-54.284168
-70.832497,-54.265560
-70.878067,-54.236950
-70.895569,-54.180279
-70.932510,-54.115570
-70.218338,-54.376400
-70.142792,-54.428341
-70.148903,-54.386398
-70.072243,-54.384171
-70.067780,-54.368610
-70.168327,-54.350281
-70.200562,-54.327782
-70.185013,-54.304729
-70.076401,-54.248890
-69.972778,-54.297230
-69.968338,-54.376949
-69.876106,-54.423618
-69.886139,-54.497780
-69.807243,-54.475571
-69.780006,-54.507511
-69.801392,-54.537231
-69.761673,-54.555840
-69.738892,-54.485279
-69.885567,-54.314999
-69.866119,-54.285839
-69.684448,-54.323891
-69.558899,-54.439449
-69.523064,-54.423340
-69.570557,-54.376110
-69.545563,-54.339451
-69.255280,-54.440559
-69.227783,-54.465839
-69.413620,-54.618900
-69.376427,-54.686798
-69.303909,-54.566391
-69.249451,-54.529171
-69.216667,-54.528339
-69.177780,-54.580830
-69.148354,-54.551670
-69.176392,-54.492779
-69.158073,-54.455280
-69.008347,-54.476391
-69.002502,-54.424450
-69.766113,-54.193069
-70.042511,-54.101109
-70.172501,-53.853611
-70.186401,-53.781109
-70.146118,-53.742500
-69.400009,-53.520561
-69.344727,-53.497780
-69.350853,-53.361671
-69.375839,-53.335281
-69.892227,-53.351952
-70.198898,-53.470852
-70.283340,-53.450001
-70.446671,-53.368061
-70.480827,-53.280560
-70.457497,-53.040279
-70.357788,-52.947239
-70.341667,-53.039730
-70.189728,-53.016949
-70.136673,-52.986950
-70.100014,-52.911121
-70.107788,-52.881962
-70.289169,-52.893890
-70.263062,-52.814732
-70.291397,-52.785290
-70.422234,-52.778061
-70.376404,-52.740280
-70.170013,-52.717232
-70.073624,-52.775841
-70.007233,-52.825291
-69.941391,-52.831680
-69.740860,-52.761669
-69.615837,-52.643620
-69.623901,-52.540279
-69.452507,-52.466129
-69.366386,-52.500561
-69.220291,-52.650280
-69.151947,-52.684448
-68.952217,-52.642780
-68.785004,-52.544170
-68.618332,-52.643620
# Triangles
80,79,81
84,83,85
78,81,79
72,74,73
63,62,61
61,64,63
75,74,72
85,83,86
83,82,86
93,82,81
93,81,78
92,86,82
95,94,96
96,93,78
78,75,96
86,88,87
75,77,76
72,71,70
72,70,75
96,75,104
70,69,75
69,68,67
75,78,77
69,104,75
65,64,116
54,56,55
54,53,56
51,49,48
42,44,43
41,44,42
50,49,51
45,44,41
41,40,45
39,45,40
46,39,130
56,53,57
57,53,52
64,60,116
60,59,58
58,57,119
123,57,52
58,116,60
52,124,123
46,45,39
125,124,126
124,51,126
48,47,126
47,128,126
129,46,130
124,52,51
48,126,51
57,123,119
60,64,61
88,86,92
88,92,91
91,90,88
88,90,89
98,97,103
111,104,69
94,93,96
104,103,96
111,105,104
97,96,103
67,66,111
82,93,92
69,67,111
109,106,105
98,102,99
98,103,102
102,101,99
99,101,100
108,107,106
110,105,111
109,105,110
114,112,115
114,113,112
111,66,112
109,108,106
66,115,112
117,116,119
115,65,116
116,58,119
117,119,118
123,120,119
115,66,65
127,126,128
46,129,47
123,121,120
128,47,129
133,140,134
121,123,122
136,135,138
138,135,139
136,138,137
134,140,135
191,194,192
189,194,191
139,135,140
192,194,193
203,202,201
203,201,204
191,190,189
39,38,37
39,36,34
33,31,34
35,34,36
34,130,39
29,28,27
26,24,27
25,24,26
22,21,23
33,32,31
30,29,152
31,30,132
132,141,140
130,34,132
143,132,152
155,153,152
132,30,152
152,29,155
132,34,31
24,23,20
29,27,24
23,21,20
24,20,156
155,154,153
18,157,156
155,24,156
18,156,20
24,155,29
157,160,158
20,19,18
39,37,36
13,16,15
13,15,14
17,168,18
16,168,17
13,172,16
12,11,10
12,10,8
12,8,13
8,10,9
7,6,5
7,13,8
5,13,7
168,167,18
168,16,172
169,168,172
169,172,170
172,171,170
18,167,161
173,13,176
173,172,13
176,5,4
174,173,175
175,173,176
4,3,176
177,176,3
176,13,5
165,162,167
18,161,157
147,145,148
147,146,145
132,143,141
152,150,143
143,150,144
148,144,149
148,145,144
178,182,179
144,150,149
141,143,142
140,133,132
180,179,182
196,195,187
189,188,195
198,200,199
200,198,204
200,204,201
194,189,195
196,207,197
207,196,187
195,188,187
198,205,204
205,198,206
206,198,197
197,207,206
181,180,182
150,152,151
161,160,157
159,158,160
178,183,182
164,162,165
162,161,167
183,177,184
184,2,1
183,178,177
177,2,184
177,3,2
162,164,163
167,166,165
187,186,208
208,186,209
187,208,207
210,209,211
212,211,209
212,209,213
209,186,213
185,1,214
1,185,184
214,1,215
214,213,186
0,216,215
1,0,215
214,186,185
130,132,131
