# Chile region 18
60 57
# Outer Vertices
-73.836121,-43.381962
-73.901413,-43.379459
-73.946404,-43.355011
-74.275284,-43.315289
-74.387222,-43.269180
-74.408073,-43.243622
-74.219452,-42.967510
-74.236954,-42.922508
-74.182510,-42.894741
-74.148064,-42.586121
-74.214172,-42.500278
-74.173073,-42.231960
-74.051392,-42.075001
-74.061401,-41.810841
-74.028343,-41.773060
-73.946671,-41.812790
-73.917236,-41.778889
-73.885559,-41.815559
-73.908623,-41.844460
-73.987503,-41.824718
-74.009453,-41.841400
-73.878067,-41.897789
-73.822777,-41.859730
-73.766953,-41.906120
-73.779716,-41.856121
-73.688057,-41.809731
-73.505569,-41.839741
-73.578613,-41.936680
-73.448624,-42.058338
-73.450844,-42.084179
-73.498901,-42.109730
-73.493347,-42.150002
-73.376106,-42.235851
-73.387787,-42.301121
-73.644730,-42.348339
-73.682793,-42.375011
-73.692497,-42.460289
-73.615570,-42.507790
-73.724731,-42.545292
-73.781403,-42.518620
-73.757233,-42.466400
-73.797501,-42.475010
-73.821671,-42.521130
-73.743057,-42.658352
-73.506668,-42.792782
-73.486954,-42.856960
-73.495293,-42.879169
-73.701683,-42.868900
-73.521393,-43.046951
-73.579727,-43.038349
-73.493622,-43.098068
-73.495010,-43.124729
-73.748901,-43.107510
-73.773064,-43.155849
-73.769730,-43.207512
-73.702789,-43.255291
-73.693893,-43.292789
-73.721680,-43.355289
-73.741119,-43.377789
-73.836121,-43.381962
# Triangles
5,4,3
5,3,6
7,6,8
42,9,43
8,6,53
6,3,2
54,2,1
54,1,0
53,52,8
8,43,9
2,54,53
0,57,54
53,6,2
9,42,10
11,41,12
11,10,42
14,13,20
20,19,14
13,12,20
14,19,15
20,12,21
22,21,23
12,41,35
16,15,17
18,17,15
19,18,15
23,21,12
42,41,11
57,55,54
55,57,56
8,47,43
44,43,47
47,52,49
38,40,39
0,58,57
52,51,49
49,51,50
49,48,47
47,46,44
46,45,44
38,36,40
36,38,37
40,36,35
23,25,24
27,25,23
35,34,23
12,35,23
34,30,23
41,40,35
30,27,23
33,32,31
31,34,33
27,26,25
28,27,30
30,29,28
30,34,31
52,47,8
