# Chile region 38
48 45
# Outer Vertices
-71.142227,-54.384171
-71.186417,-54.336399
-71.193336,-54.370560
-71.347778,-54.310841
-71.347778,-54.289730
-71.219177,-54.241951
-71.235001,-54.212231
-71.267227,-54.249729
-71.314453,-54.256672
-71.331123,-54.207500
-71.357803,-54.249451
-71.434723,-54.214451
-71.440292,-54.176670
-71.406677,-54.127239
-71.498901,-54.180561
-71.538071,-54.270840
-71.586670,-54.245560
-71.591949,-54.210281
-71.631393,-54.242790
-71.662231,-54.233070
-71.699448,-54.161129
-71.587784,-54.094730
-71.660278,-53.997219
-71.627792,-53.954731
-71.569458,-53.941959
-71.515007,-53.991680
-71.479172,-53.943890
-71.424179,-54.014172
-71.406403,-54.070290
-71.373901,-54.034451
-71.392502,-53.969452
-71.281799,-54.013691
-71.239731,-54.169449
-71.214737,-54.166672
-71.176392,-54.086399
-71.169739,-54.154449
-71.138901,-54.153900
-71.130569,-54.088890
-71.081947,-54.062500
-71.016403,-54.093060
-71.016678,-54.145840
-70.995033,-54.229450
-70.986954,-54.270279
-71.051407,-54.331390
-71.156403,-54.303341
-71.083618,-54.336670
-71.105560,-54.377499
-71.142227,-54.384171
# Triangles
16,15,17
19,18,17
19,17,20
15,14,17
5,3,1
11,10,9
9,12,11
12,9,13
17,14,21
20,17,21
22,21,23
23,25,24
25,23,21
21,28,25
13,29,28
32,29,13
28,27,25
26,25,27
29,31,30
14,28,21
13,28,14
1,47,44
1,44,5
3,5,4
9,8,7
5,44,36
3,2,1
46,45,44
43,42,41
41,44,43
44,47,46
36,44,41
9,6,32
6,9,7
32,6,33
32,31,29
35,34,33
6,5,33
32,13,9
33,5,35
35,5,36
37,36,40
40,38,37
38,40,39
41,40,36
