# Chile region 31
35 32
# Outer Vertices
-75.208618,-50.433620
-75.321167,-50.430752
-75.315002,-50.396671
-75.205292,-50.319450
-75.259743,-50.327789
-75.444458,-50.369179
-75.454727,-50.316399
-75.388062,-50.160568
-75.351959,-50.142792
-75.261124,-50.163059
-75.255569,-50.177780
-75.347229,-50.194462
-75.332497,-50.220852
-75.185837,-50.259731
-75.146393,-50.251671
-75.115837,-50.148338
-75.288071,-50.128059
-75.394180,-50.057789
-75.322243,-50.003342
-75.290009,-50.003891
-75.273064,-50.063339
-75.172501,-50.023609
-75.121948,-50.040009
-75.065292,-50.116119
-74.960564,-50.074451
-74.961937,-50.119450
-75.071953,-50.186951
-74.863617,-50.164730
-74.856117,-50.121399
-74.812233,-50.116951
-74.789726,-50.149448
-74.808327,-50.211399
-74.916313,-50.237080
-75.051392,-50.294720
-75.208618,-50.433620
# Triangles
5,4,6
12,11,6
6,11,7
1,0,2
4,12,6
2,0,3
12,4,13
7,11,8
20,18,17
15,20,16
8,11,9
18,20,19
17,16,20
9,11,10
13,3,14
33,26,14
14,3,33
15,14,26
32,27,26
27,31,30
31,27,32
32,26,33
3,0,33
15,23,22
15,26,23
22,21,15
20,15,21
27,29,28
25,24,23
23,26,25
29,27,30
13,4,3
