# Chile region 5
18 15
# Outer Vertices
-74.916397,-46.107510
-75.071808,-46.097778
-75.101959,-46.048618
-74.985573,-46.008339
-74.960281,-45.988621
-75.085854,-45.955009
-75.110001,-45.882778
-75.070557,-45.862499
-74.884743,-45.931110
-74.878067,-45.909451
-74.967506,-45.872791
-74.933899,-45.864449
-74.884171,-45.884998
-74.745293,-45.805851
-74.717506,-45.804729
-74.745010,-45.918621
-74.776947,-46.009171
-74.916397,-46.107510
# Triangles
2,1,3
17,4,3
3,1,17
6,5,7
7,5,4
8,7,4
8,17,16
16,15,8
8,15,9
9,11,10
13,12,15
13,15,14
15,12,9
9,12,11
8,4,17
