# Chile region 2
17 14
# Outer Vertices
-75.315643,-51.614521
-75.319458,-51.547791
-75.222778,-51.490570
-75.223892,-51.426670
-75.167236,-51.281952
-75.130280,-51.265560
-75.148621,-51.371120
-75.110001,-51.310291
-75.004997,-51.335838
-75.002792,-51.401669
-75.110001,-51.473621
-75.159180,-51.425838
-75.133904,-51.542782
-75.156113,-51.579731
-75.213058,-51.553341
-75.200844,-51.604729
-75.315643,-51.614521
# Triangles
1,0,14
12,2,14
15,14,0
1,14,2
3,2,11
6,3,11
3,6,4
2,12,11
10,9,6
11,10,6
6,5,4
7,6,9
9,8,7
12,14,13
