# Chile region 12
42 39
# Outer Vertices
-71.831947,-54.334721
-71.974457,-54.328339
-71.947243,-54.252781
-71.905289,-54.229450
-72.088058,-54.170010
-72.087227,-54.146130
-72.125000,-54.125561
-72.043327,-54.115009
-72.119743,-54.052219
-72.165009,-54.102230
-72.206680,-54.093899
-72.228897,-54.053341
-72.198624,-54.007778
-72.253067,-53.964729
-72.254997,-53.928070
-72.131958,-53.936119
-72.079727,-53.986671
-72.072243,-53.959450
-71.962509,-53.893330
-71.995010,-53.866112
-71.940842,-53.850571
-71.837784,-53.913620
-71.858612,-53.963890
-71.824448,-53.946949
-71.757782,-53.905010
-71.659737,-53.916672
-71.671280,-53.944141
-71.793900,-54.000290
-71.745010,-54.000290
-71.694458,-53.983898
-71.695007,-54.023621
-71.735001,-54.078899
-71.653061,-54.081402
-71.730011,-54.160278
-71.802231,-54.153889
-71.921402,-54.053612
-71.923607,-54.008621
-71.953903,-54.019451
-71.918060,-54.116951
-71.758911,-54.259731
-71.866386,-54.282791
-71.831947,-54.334721
# Triangles
11,10,12
9,12,10
12,9,8
2,1,40
4,7,5
5,7,6
38,37,7
8,7,16
8,15,12
8,16,15
14,13,15
15,13,12
17,37,18
37,17,16
19,18,20
21,20,18
36,18,37
7,37,16
4,3,7
39,38,3
40,3,2
3,40,39
38,7,3
40,1,0
33,31,34
31,33,32
27,34,31
35,34,27
35,22,36
35,27,22
23,22,27
21,18,22
23,27,24
22,18,36
28,30,29
28,27,31
24,26,25
27,26,24
30,28,31
