# Chile region 3
18 15
# Outer Vertices
-69.906403,-55.043060
-69.900558,-54.999729
-69.952789,-54.968060
-69.941391,-54.946949
-69.844452,-54.949181
-69.925858,-54.915840
-69.926964,-54.895000
-69.827507,-54.878059
-69.740570,-54.941669
-69.691963,-54.918900
-69.770279,-54.884449
-69.739731,-54.867512
-69.525284,-54.894169
-69.526947,-54.947781
-69.445282,-54.902779
-69.198700,-54.944988
-69.168900,-54.963619
-69.906403,-55.043060
# Triangles
2,1,3
4,1,17
17,8,4
3,1,4
5,7,6
4,7,5
8,7,4
9,8,13
8,17,13
16,15,13
17,16,13
14,13,15
13,12,9
9,12,11
9,11,10
