# Chile region 19
36 33
# Outer Vertices
-73.256668,-44.943062
-73.301643,-44.918209
-73.398064,-44.846401
-73.404167,-44.815830
-73.212784,-44.804729
-73.295288,-44.762779
-73.369743,-44.798351
-73.442497,-44.720840
-73.464737,-44.644451
-73.415009,-44.596119
-73.235001,-44.643070
-73.262512,-44.597500
-73.279167,-44.549740
-73.254463,-44.533070
-73.146957,-44.575001
-73.129997,-44.546108
-73.241386,-44.512501
-73.260834,-44.479179
-73.227226,-44.417229
-73.177231,-44.408070
-73.037781,-44.485008
-73.092216,-44.386120
-72.989464,-44.368351
-72.928619,-44.420559
-72.976387,-44.517509
-72.956390,-44.519180
-72.894180,-44.444172
-72.788353,-44.459461
-72.718903,-44.532230
-72.807793,-44.635010
-72.948624,-44.616680
-72.918327,-44.656109
-72.834732,-44.675011
-72.841133,-44.710011
-73.132233,-44.910561
-73.256668,-44.943062
# Triangles
1,4,2
7,6,5
2,4,3
1,35,4
5,4,10
35,34,4
7,5,9
10,9,5
9,8,7
11,13,12
11,14,13
17,16,18
19,18,16
11,10,14
10,4,14
30,14,4
4,31,30
15,19,16
15,14,30
15,30,24
33,32,31
30,29,25
33,31,34
28,27,29
20,19,15
22,21,20
20,23,22
25,24,30
27,26,25
25,29,27
24,23,20
20,15,24
34,31,4
