# Chile region 29
105 102
# Outer Vertices
-68.075562,-55.720570
-68.135010,-55.686951
-68.152237,-55.600559
-68.265007,-55.623058
-68.277786,-55.586670
-68.255569,-55.523899
-68.376106,-55.476952
-68.423889,-55.505009
-68.539459,-55.469452
-68.597778,-55.413898
-68.665009,-55.465012
-68.729172,-55.468060
-68.786392,-55.425289
-68.765839,-55.495289
-68.885834,-55.492229
-68.970291,-55.428612
-68.940567,-55.400280
-68.769203,-55.341671
-68.897781,-55.361389
-68.972778,-55.386951
-68.806122,-55.194172
-68.952507,-55.230000
-68.972778,-55.265560
-69.042236,-55.267780
-69.123901,-55.198059
-69.112793,-55.247509
-69.184448,-55.233608
-69.255280,-55.150848
-69.378067,-55.150841
-69.275299,-55.207500
-69.301964,-55.225010
-69.468338,-55.263889
-69.354172,-55.317780
-69.301407,-55.346390
-69.240570,-55.371120
-69.301964,-55.423889
-69.146667,-55.487499
-69.163071,-55.511391
-69.331680,-55.486671
-69.357788,-55.393059
-69.388062,-55.427231
-69.402237,-55.488621
-69.425842,-55.502781
-69.435837,-55.416950
-69.511673,-55.410000
-69.518623,-55.389450
-69.395859,-55.363892
-69.487503,-55.337502
-69.563606,-55.376400
-69.623901,-55.364719
-69.607788,-55.336121
-69.722504,-55.294460
-69.511124,-55.187778
-69.537231,-55.176670
-69.831703,-55.259449
-69.921677,-55.227779
-69.844177,-55.167240
-70.019447,-55.168892
-70.009453,-55.130001
-69.793060,-55.054729
-69.589737,-55.041679
-69.564178,-55.128342
-69.533623,-55.145840
-69.545563,-55.045010
-69.434723,-55.022781
-69.337784,-55.055279
-69.386124,-55.022781
-69.289459,-54.988621
-68.826134,-54.983341
-68.516403,-54.930840
-68.391403,-54.969879
-68.337784,-55.008339
-68.328339,-55.061680
-68.368057,-55.073330
-68.436951,-55.037510
-68.435013,-55.083889
-68.515007,-55.113892
-68.600281,-55.073891
-68.597504,-55.094452
-68.568893,-55.112228
-68.579742,-55.144451
-68.760727,-55.121731
-69.027237,-55.023350
-69.058327,-55.038059
-69.059174,-55.062778
-68.567497,-55.191952
-68.386124,-55.185009
-68.210564,-55.265011
-68.242508,-55.290840
-68.588058,-55.312511
-68.693359,-55.268059
-68.597504,-55.363892
-68.482513,-55.326389
-68.343903,-55.346951
-68.328613,-55.403622
-68.186401,-55.393070
-68.145020,-55.417782
-68.176682,-55.463070
-68.064178,-55.470558
-68.097229,-55.511120
-68.043900,-55.583618
-67.964172,-55.593342
-68.033340,-55.656952
-67.979446,-55.671951
-68.075562,-55.720570
# Triangles
45,44,43
43,42,41
46,43,40
43,46,45
47,46,31
50,49,48
50,52,51
31,50,47
46,32,31
48,47,50
50,31,52
43,41,40
38,35,39
35,38,37
37,36,35
39,33,32
39,35,33
32,46,39
33,35,34
19,18,20
39,46,40
22,21,23
55,54,56
58,57,56
53,52,62
61,59,56
64,62,28
61,56,54
62,61,53
59,61,60
59,58,56
63,62,64
28,65,64
54,53,61
28,62,52
30,29,28
25,24,26
24,23,21
24,21,84
30,28,31
27,26,24
65,27,67
27,65,28
65,67,66
84,83,67
84,27,24
83,82,67
21,20,84
84,67,27
67,82,68
85,20,90
28,52,31
12,14,13
94,6,5
7,92,8
14,12,16
17,12,11
16,12,17
9,91,10
8,92,9
6,92,7
17,11,10
93,6,94
4,3,2
14,16,15
102,2,1
2,5,4
102,1,104
103,102,104
2,102,100
100,102,101
97,95,94
5,2,97
95,97,96
97,94,5
97,2,99
98,97,99
2,100,99
18,17,20
20,17,90
91,90,17
20,85,84
10,91,17
85,90,89
68,81,77
82,81,68
77,81,78
68,77,69
80,78,81
79,78,80
88,86,89
88,87,86
89,86,85
91,9,92
74,69,77
74,76,75
69,74,70
73,72,71
70,74,71
71,74,73
74,77,76
6,93,92
