# Chile region 23
17 14
# Outer Vertices
-74.961937,-52.117790
-75.021591,-52.088039
-74.974731,-52.047230
-75.065567,-51.998611
-75.012512,-51.952511
-74.972778,-51.824718
-74.952507,-51.810009
-74.868347,-51.875561
-74.831680,-51.847778
-74.886124,-51.781960
-74.854736,-51.713890
-74.933060,-51.655560
-74.903633,-51.627239
-74.808327,-51.632790
-74.765556,-51.776951
-74.926392,-52.090839
-74.961937,-52.117790
# Triangles
7,4,2
16,2,1
3,2,4
6,5,7
7,5,4
15,2,16
8,7,15
15,14,8
9,8,14
12,10,13
12,11,10
14,13,10
10,9,14
2,15,7
