# Chile region 41
1422 1419
# Outer Vertices
-70.403320,-18.347990
-70.178329,-18.328890
-69.965843,-18.256109
-69.841667,-18.128620
-69.769173,-17.946951
-69.848343,-17.716669
-69.815002,-17.652229
-69.684158,-17.663620
-69.499733,-17.505280
-69.491379,-17.628889
-69.335564,-17.781389
-69.303329,-17.963341
-69.265556,-17.963610
-69.139717,-18.027500
-69.078613,-18.018061
-69.075012,-18.077230
-69.148064,-18.137779
-69.027237,-18.466391
-69.000839,-18.743059
-68.932770,-18.882780
-68.952499,-18.967501
-68.740829,-19.177780
-68.462219,-19.398890
-68.437500,-19.437229
-68.480827,-19.444450
-68.684952,-19.700840
-68.696953,-19.740561
-68.541107,-19.844730
-68.574448,-20.057510
-68.650558,-20.056669
-68.786942,-20.103340
-68.774719,-20.131670
-68.710281,-20.149170
-68.726097,-20.231110
-68.668327,-20.327780
-68.757507,-20.376110
-68.749451,-20.433060
-68.684738,-20.509729
-68.488602,-20.607780
-68.466110,-20.644730
-68.567497,-20.742229
-68.550827,-20.909451
-68.500290,-20.939449
-68.421112,-20.939171
-68.188606,-21.296949
-68.188606,-21.606390
-68.105827,-21.742500
-68.084442,-21.966949
-67.970551,-22.064730
-67.922501,-22.241949
-67.935822,-22.296120
-67.886124,-22.438339
-67.876389,-22.828060
-67.793327,-22.878059
-67.579453,-22.901119
-67.183670,-22.821560
-67.001106,-23.002781
-67.151321,-23.397650
-67.339996,-24.023899
-68.252502,-24.396391
-68.289436,-24.457781
-68.392227,-24.505840
-68.443878,-24.626390
-68.491096,-24.606670
-68.571671,-24.805281
-68.545273,-24.873619
-68.455002,-24.905001
-68.354446,-25.129169
-68.397781,-25.140280
-68.502502,-25.177231
-68.575562,-25.355000
-68.595284,-25.505560
-68.484734,-25.778339
-68.404167,-26.173889
-68.570557,-26.317499
-68.579727,-26.520559
-68.287216,-26.915279
-68.320282,-27.044729
-68.525284,-27.088341
-68.588333,-27.169720
-68.738892,-27.103340
-68.811111,-27.120560
-68.878601,-27.237499
-68.865837,-27.288059
-68.939163,-27.417219
-69.006958,-27.458891
-69.186111,-27.965839
-69.304443,-28.003620
-69.410294,-28.212500
-69.476387,-28.191389
-69.529999,-28.312229
-69.656952,-28.405279
-69.666412,-28.572781
-69.704453,-28.593340
-69.800278,-29.108061
-70.027222,-29.281950
-70.035004,-29.355000
-70.003067,-29.423889
-69.961670,-29.680559
-69.917503,-29.713341
-69.905838,-29.814449
-69.967499,-30.088619
-69.841667,-30.120560
-69.827499,-30.158890
-69.897781,-30.322510
-69.944443,-30.376390
-70.044159,-30.396669
-70.130547,-30.354719
-70.165833,-30.370840
-70.134171,-30.439720
-70.300278,-30.776390
-70.330002,-30.953609
-70.258057,-31.039169
-70.313606,-31.031950
-70.349167,-31.074450
-70.420273,-31.154169
-70.445541,-31.093060
-70.471390,-31.098061
-70.533333,-31.188061
-70.587219,-31.566669
-70.468887,-31.808901
-70.416397,-31.878340
-70.278343,-31.897221
-70.231949,-31.968889
-70.273064,-32.048069
-70.331680,-32.039181
-70.379990,-32.051670
-70.329178,-32.197231
-70.235001,-32.326401
-70.232773,-32.425838
-70.166107,-32.458900
-70.146118,-32.506119
-70.171112,-32.607792
-70.144173,-32.761681
-69.992767,-32.895561
-70.101669,-33.030010
-70.098892,-33.172508
-70.023064,-33.270290
-69.976936,-33.298901
-69.935547,-33.243622
-69.898621,-33.237511
-69.798340,-33.286129
-69.779167,-33.405560
-69.870270,-33.564449
-69.848343,-33.724171
-69.904167,-33.769169
-69.900284,-33.960831
-69.849167,-33.971951
-69.866096,-34.143902
-69.813049,-34.229721
-69.828339,-34.250851
-70.023903,-34.275009
-70.054993,-34.298351
-70.047501,-34.409168
-70.224716,-34.595280
-70.235550,-34.666950
-70.313606,-34.748890
-70.263634,-34.797791
-70.361938,-35.004452
-70.361656,-35.142502
-70.386124,-35.171669
-70.541382,-35.208900
-70.569458,-35.254459
-70.550278,-35.296669
-70.423317,-35.340839
-70.460831,-35.388340
-70.396118,-35.515011
-70.420273,-35.643620
-70.337784,-35.808338
-70.409729,-35.963619
-70.369453,-36.046680
-70.426666,-36.135551
-70.580002,-36.148621
-70.706673,-36.277500
-70.700562,-36.409161
-70.730827,-36.424721
-70.893623,-36.402222
-70.941101,-36.484440
-71.037781,-36.486111
-71.057503,-36.562778
-71.043327,-36.679729
-71.063606,-36.699451
-71.107498,-36.675560
-71.138344,-36.690830
-71.186943,-36.848888
-71.129990,-36.962231
-71.200287,-36.975830
-71.079453,-37.104172
-71.196663,-37.313622
-71.109734,-37.453609
-71.112213,-37.489449
-71.180283,-37.634731
-71.176392,-37.713341
-71.077217,-37.942230
-70.970840,-38.418060
-70.825844,-38.551670
-70.835281,-38.600010
-70.876663,-38.638901
-70.869453,-38.695000
-71.059433,-38.750290
-71.397781,-38.916111
-71.418610,-38.960560
-71.403061,-39.090279
-71.404449,-39.333061
-71.473053,-39.393902
-71.451950,-39.438332
-71.541107,-39.531391
-71.485817,-39.557510
-71.488327,-39.593060
-71.516113,-39.620281
-71.685547,-39.569450
-71.710564,-39.637218
-71.669449,-39.857231
-71.605827,-39.906391
-71.670837,-40.100559
-71.726936,-40.092232
-71.806107,-40.093620
-71.807503,-40.168339
-71.791382,-40.245838
-71.715561,-40.304169
-71.702499,-40.276402
-71.664436,-40.303341
-71.719727,-40.427780
-71.791382,-40.415279
-71.837784,-40.531681
-71.950562,-40.732769
-71.837509,-40.953899
-71.853882,-41.115559
-71.899437,-41.358620
-71.839722,-41.568340
-71.918060,-41.626389
-71.735001,-42.103901
-71.914169,-42.178059
-71.970551,-42.125000
-72.017776,-42.133610
-72.131668,-42.281940
-72.043327,-42.366402
-72.071671,-42.429729
-72.025833,-42.477501
-72.113617,-42.528881
-72.132217,-42.660000
-72.102493,-42.848610
-72.139717,-42.991390
-72.106377,-43.055000
-72.053047,-43.104721
-71.751106,-43.167511
-71.732773,-43.188061
-71.736938,-43.293072
-71.922501,-43.378059
-71.921944,-43.457790
-71.869720,-43.456402
-71.847778,-43.481392
-71.874161,-43.536671
-71.707230,-43.592232
-71.690277,-43.672508
-71.809433,-43.736389
-71.777222,-43.779449
-71.741943,-43.768341
-71.694992,-43.877781
-71.651314,-43.920731
-71.648827,-43.923161
-71.660004,-43.961121
-71.668350,-43.967369
-71.852493,-44.105289
-71.794159,-44.312511
-71.853882,-44.365292
-71.833618,-44.397781
-71.203613,-44.426960
-71.110283,-44.528061
-71.126389,-44.575840
-71.212784,-44.628342
-71.233322,-44.662781
-71.220284,-44.733330
-71.271118,-44.794460
-71.339722,-44.803341
-71.482773,-44.744450
-71.938316,-44.784180
-72.052223,-44.753891
-72.081123,-44.774731
-72.071121,-44.897789
-71.591667,-44.971390
-71.498047,-45.075562
-71.453613,-45.159168
-71.330002,-45.228329
-71.296951,-45.305840
-71.506668,-45.411381
-71.467499,-45.477501
-71.502792,-45.515560
-71.707497,-45.536961
-71.740829,-45.584171
-71.791946,-45.725559
-71.759171,-45.844170
-71.637787,-45.892231
-71.601936,-45.974720
-71.771667,-46.119999
-71.897781,-46.140289
-71.872498,-46.165550
-71.761124,-46.224449
-71.751938,-46.341331
-71.751740,-46.343731
-71.672562,-46.530731
-71.669449,-46.679180
-71.809158,-46.784180
-71.933319,-46.806110
-71.961121,-46.943890
-71.904716,-47.000839
-71.995537,-47.048901
-71.985283,-47.073898
-71.864441,-47.137501
-71.852493,-47.182781
-71.877777,-47.229729
-72.017227,-47.199730
-72.027222,-47.243622
-72.017838,-47.271549
-72.016273,-47.276211
-72.042503,-47.299728
-72.044273,-47.301449
-72.156387,-47.409439
-72.313606,-47.426121
-72.357773,-47.464451
-72.305557,-47.507229
-72.535278,-47.909161
-72.529999,-47.943890
-72.323059,-48.075569
-72.287216,-48.341942
-72.604027,-48.481411
-72.603409,-48.484280
-72.551941,-48.718060
-72.553047,-48.783619
-72.672638,-48.876270
-72.698608,-48.896389
-72.803329,-48.943890
-72.951683,-48.964729
-73.075562,-49.065552
-73.177223,-49.221390
-73.131943,-49.260841
-73.134171,-49.303619
-73.464722,-49.311390
-73.449722,-49.379719
-73.538887,-49.440552
-73.529716,-49.496399
-73.581680,-49.531940
-73.510277,-49.613331
-73.536942,-49.678619
-73.444443,-49.782501
-73.561661,-49.919170
-73.467216,-50.006672
-73.535828,-50.116661
-73.528610,-50.144718
-73.351936,-50.234440
-73.282654,-50.318260
-73.277802,-50.324131
-73.267120,-50.354118
-73.265007,-50.360001
-73.253891,-50.559441
-73.174156,-50.744720
-73.129990,-50.772221
-73.018066,-50.749451
-72.781113,-50.625011
-72.732773,-50.621391
-72.649170,-50.670841
-72.597778,-50.666672
-72.539993,-50.612228
-72.370270,-50.614449
-72.294159,-50.649731
-72.341667,-50.743900
-72.242493,-50.851109
-72.267227,-51.017231
-72.391953,-51.096390
-72.385559,-51.146111
-72.247772,-51.232498
-72.339722,-51.475830
-72.438316,-51.546120
-72.423050,-51.576950
-72.331123,-51.587219
-72.295273,-51.691109
-71.971657,-51.845009
-71.940552,-51.886669
-71.962784,-51.960281
-71.910202,-51.996799
-70.857773,-51.997219
-69.998611,-51.996391
-69.461403,-52.143620
-69.233612,-52.143330
-68.434433,-52.329182
-68.429153,-52.375439
-68.440063,-52.384659
-68.508636,-52.324730
-68.838058,-52.302231
-69.148071,-52.208061
-69.261124,-52.206390
-69.438339,-52.254169
-69.485001,-52.288071
-69.495010,-52.391109
-69.557243,-52.408890
-69.563057,-52.455570
-69.690292,-52.529720
-69.848618,-52.479450
-70.184448,-52.590839
-70.214172,-52.642780
-70.329453,-52.636391
-70.504730,-52.706669
-70.542793,-52.697781
-70.506958,-52.644180
-70.574173,-52.654449
-70.581947,-52.692230
-70.828613,-52.728889
-70.855560,-52.737228
-70.770569,-52.778339
-70.743057,-52.792782
-70.876404,-52.893070
-70.815842,-52.912231
-70.804169,-52.961948
-70.870010,-53.066669
-70.993057,-53.387230
-70.936401,-53.595001
-70.976669,-53.761120
-71.053337,-53.826672
-71.307793,-53.885830
-71.706680,-53.808071
-71.864464,-53.735279
-71.874451,-53.689732
-71.935013,-53.729729
-72.015007,-53.674171
-72.050842,-53.708889
-72.352509,-53.523350
-72.452507,-53.395279
-72.405838,-53.367229
-72.422791,-53.319180
-72.285278,-53.243340
-72.110291,-53.256672
-72.076950,-53.330292
-72.095840,-53.390011
-72.238892,-53.436390
-72.179733,-53.443890
-72.005280,-53.385559
-72.023064,-53.270569
-71.995560,-53.223339
-71.864464,-53.221680
-71.835564,-53.245289
-71.787231,-53.442501
-71.829727,-53.472778
-72.004730,-53.531391
-72.007233,-53.563061
-71.985840,-53.569729
-71.797234,-53.513062
-71.754730,-53.461399
-71.743057,-53.217220
-71.684174,-53.207230
-71.597229,-53.169170
-71.389717,-53.129452
-71.321671,-53.093891
-71.115570,-52.863060
-71.170563,-52.808060
-71.370560,-52.782780
-71.394180,-52.732510
-71.434174,-52.821671
-71.829178,-52.963890
-72.015556,-53.123341
-72.116119,-53.130569
-72.234734,-53.043892
-72.498901,-53.060291
-72.555283,-53.086399
-72.353897,-53.080559
-72.323059,-53.142231
-72.285568,-53.138069
-72.188606,-53.183891
-72.202507,-53.202789
-72.320007,-53.196671
-72.345840,-53.227509
-72.480011,-53.187778
-72.536118,-53.218891
-72.436401,-53.242229
-72.445007,-53.287510
-72.533340,-53.270569
-72.505836,-53.308060
-72.513634,-53.364170
-72.624184,-53.371960
-72.495010,-53.405010
-72.397781,-53.497219
-72.390007,-53.541401
-72.575012,-53.521950
-72.759171,-53.391670
-72.793327,-53.440830
-72.813339,-53.386391
-73.148064,-53.271950
-73.301117,-53.153061
-72.941116,-53.164452
-72.754997,-53.241119
-72.753891,-53.297508
-72.709457,-53.281952
-72.793327,-53.178341
-72.723618,-53.185841
-72.756958,-53.141121
-72.651672,-53.152500
-72.720291,-53.104450
-72.856667,-53.148350
-72.940292,-53.101681
-72.870827,-53.023609
-72.924454,-53.033901
-72.970573,-52.831680
-72.679169,-52.710281
-72.603897,-52.765011
-72.723343,-52.852230
-72.707497,-52.873341
-72.591667,-52.798611
-72.479172,-52.807240
-72.432243,-52.858608
-72.245560,-52.697510
-71.967789,-52.629452
-71.877502,-52.685570
-71.718613,-52.688900
-71.475281,-52.633350
-71.534470,-52.560558
-72.131119,-52.512791
-72.335854,-52.534740
-72.399727,-52.628891
-72.431953,-52.655281
-72.547501,-52.582790
-72.467216,-52.532780
-72.400284,-52.539181
-72.384743,-52.509998
-72.425003,-52.506111
-72.573334,-52.558620
-72.858063,-52.507778
-72.872223,-52.577511
-72.977226,-52.697498
-72.962784,-52.722229
-72.816963,-52.588058
-72.675842,-52.640839
-72.678337,-52.664169
-72.797440,-52.740990
-72.945282,-52.801682
-73.017502,-52.847511
-72.948624,-52.992229
-72.986954,-53.069450
-73.140007,-53.101120
-73.176117,-53.075008
-73.178070,-53.021130
-73.198898,-53.036129
-73.181953,-53.096680
-73.208344,-53.105282
-73.451134,-53.006672
-73.448059,-52.986950
-73.350014,-52.995289
-73.368057,-52.959179
-73.242233,-52.960560
-73.213058,-52.898899
-73.202507,-52.885559
-73.539169,-52.813339
-73.550842,-52.787231
-73.398064,-52.779449
-73.391403,-52.809460
-73.223343,-52.780010
-73.302231,-52.760841
-73.304169,-52.719170
-73.246674,-52.710560
-73.221123,-52.649731
-73.150284,-52.642780
-73.116119,-52.533901
-73.083618,-52.497219
-73.139450,-52.497231
-73.198624,-52.429169
-73.232224,-52.496120
-73.176392,-52.506680
-73.166397,-52.574730
-73.269180,-52.673069
-73.304169,-52.670841
-73.339737,-52.644451
-73.301392,-52.588341
-73.388901,-52.548069
-73.406952,-52.557499
-73.383621,-52.615841
-73.402237,-52.639721
-73.502792,-52.652779
-73.595840,-52.725849
-73.670837,-52.726669
-73.682510,-52.691681
-73.568619,-52.635830
-73.676392,-52.640839
-73.682510,-52.596390
-73.547791,-52.538898
-73.613892,-52.528339
-73.615570,-52.513889
-73.505569,-52.471119
-73.604736,-52.448071
-73.667236,-52.421680
-73.658623,-52.378620
-73.583618,-52.372231
-73.581123,-52.202511
-73.634171,-52.194729
-73.740837,-52.064732
-73.723343,-52.024731
-73.690842,-52.025558
-73.536118,-52.195560
-73.486954,-52.179169
-73.496948,-52.151119
-73.480827,-52.136120
-73.316116,-52.223900
-73.230827,-52.194462
-73.211937,-52.114449
-73.097778,-52.089729
-72.976959,-52.075291
-72.986954,-52.148060
-73.049454,-52.162781
-73.077217,-52.239449
-72.986954,-52.187500
-72.861954,-52.264179
-72.832230,-52.239731
-72.745827,-52.065842
-72.767227,-52.052509
-72.822243,-52.088341
-72.851669,-52.172779
-72.891678,-52.200840
-72.948059,-52.117229
-72.850571,-51.951950
-72.789459,-51.941952
-72.688606,-51.997509
-72.718903,-52.042782
-72.696671,-52.069729
-72.606117,-52.107792
-72.531952,-52.210281
-72.611107,-52.346951
-72.908890,-52.441669
-72.899727,-52.458618
-72.701683,-52.406952
-72.543617,-52.456951
-72.503616,-52.427219
-72.630836,-52.410290
-72.635010,-52.395569
-72.487793,-52.313339
-72.471680,-52.192501
-72.660278,-52.030281
-72.654167,-51.947781
-72.486679,-51.947231
-72.456390,-51.911129
-72.513901,-51.851681
-72.472778,-51.784729
-72.718903,-51.580830
-72.846390,-51.565559
-73.071671,-51.470840
-73.082230,-51.415840
-73.243622,-51.462231
-73.256393,-51.503620
-73.045288,-51.513340
-73.035568,-51.537788
-73.087784,-51.575001
-73.097504,-51.603619
-72.981667,-51.533352
-72.758904,-51.620289
-72.706390,-51.696110
-72.556953,-51.728611
-72.555557,-51.759178
-72.643341,-51.835011
-72.990837,-51.761951
-72.979172,-51.728619
-73.166397,-51.698898
-73.243347,-51.609169
-73.293617,-51.621681
-73.231400,-51.652512
-73.232788,-51.705002
-73.184723,-51.724171
-73.090286,-51.715839
-73.030563,-51.748058
-72.995827,-51.792782
-73.060562,-51.769451
-73.041122,-51.824181
-73.074623,-51.846210
-73.201401,-51.873341
-73.175842,-51.891670
-72.976959,-51.819180
-72.949448,-51.828060
-72.932793,-51.872231
-73.148064,-51.949459
-73.184448,-52.094452
-73.246399,-52.081951
-73.329453,-51.708340
-73.383926,-51.655369
-73.300293,-52.045280
-73.290283,-52.165001
-73.330002,-52.168060
-73.569168,-52.036671
-73.626404,-51.873341
-73.642792,-51.822781
-73.595573,-51.816669
-73.430557,-52.025002
-73.396957,-52.016109
-73.463348,-51.941952
-73.455002,-51.900280
-73.569458,-51.786121
-73.589737,-51.749168
-73.486954,-51.711121
-73.471390,-51.686111
-73.547791,-51.720852
-73.657791,-51.686680
-73.710281,-51.787788
-73.809448,-51.672501
-73.736389,-51.654171
-73.861679,-51.630840
-73.898903,-51.593060
-73.815567,-51.541119
-73.915848,-51.522511
-73.926964,-51.428619
-73.894180,-51.370010
-73.805283,-51.400558
-73.628616,-51.594730
-73.662231,-51.446949
-73.726959,-51.333900
-73.710564,-51.290569
-73.740837,-51.274441
-73.776672,-51.211399
-73.725281,-51.211109
-73.686401,-51.278339
-73.675293,-51.189171
-73.723343,-51.185558
-73.698624,-51.136120
-73.775848,-51.126400
-73.758057,-51.170841
-73.914459,-51.240570
-73.983337,-51.148621
-74.023354,-51.116402
-74.016678,-51.181671
-74.042793,-51.213619
-74.138062,-51.177509
-74.151672,-51.066952
-74.118347,-51.023621
-74.079178,-50.955292
-74.196671,-51.047508
-74.238617,-51.032791
-74.250290,-50.945560
-74.242233,-50.918339
-74.173340,-50.879181
-73.900558,-50.872791
-73.806953,-50.963058
-73.786118,-50.931671
-73.871948,-50.827229
-73.825562,-50.795010
-73.752228,-50.832241
-73.738892,-50.819729
-73.783623,-50.692501
-73.747787,-50.659168
-73.620010,-50.647228
-73.535278,-50.716671
-73.474167,-50.665009
-73.655838,-50.616402
-73.723343,-50.563622
-73.718903,-50.533890
-73.605293,-50.490841
-73.585564,-50.438061
-73.580002,-50.398899
-73.642792,-50.479450
-73.742508,-50.510841
-73.776123,-50.549171
-73.819168,-50.759449
-73.873901,-50.793900
-74.048607,-50.827511
-74.121674,-50.764179
-74.059174,-50.728069
-74.071953,-50.703060
-74.115837,-50.718899
-74.148354,-50.738060
-74.232788,-50.609730
-74.197777,-50.552792
-74.256958,-50.540009
-74.283340,-50.474449
-74.204453,-50.467510
-74.138901,-50.585560
-74.103897,-50.586121
-74.140289,-50.513618
-74.140007,-50.482510
-74.013062,-50.535290
-73.880836,-50.543331
-74.019180,-50.491390
-74.011124,-50.452511
-74.076683,-50.473339
-74.121948,-50.424728
-74.033340,-50.370560
-74.108063,-50.395561
-74.299179,-50.427231
-74.324173,-50.396130
-74.301392,-50.360561
-74.272781,-50.273621
-74.309174,-50.262791
-74.354736,-50.364170
-74.413353,-50.365009
-74.535843,-50.300831
-74.477783,-50.248070
-74.693893,-50.203350
-74.689728,-50.166950
-74.629730,-50.121960
-74.544724,-50.098900
-74.512222,-50.141670
-74.489838,-50.093349
-74.345840,-50.088348
-74.292793,-50.136398
-74.326134,-50.171680
-74.267502,-50.170849
-74.194733,-50.260571
-74.089447,-50.228619
-73.955002,-50.290009
-73.861679,-50.283619
-74.031403,-50.223339
-73.998901,-50.205570
-74.163353,-50.208069
-74.211121,-50.176670
-74.213058,-50.124458
-74.293327,-50.069729
-74.368057,-49.981392
-74.259171,-49.934731
-74.192497,-49.968609
-73.912781,-50.042511
-74.006668,-49.997791
-73.996948,-49.964180
-73.878891,-49.922501
-73.913887,-49.861950
-74.027512,-49.968342
-74.113617,-49.956120
-74.176392,-49.901119
-74.275284,-49.901390
-74.326134,-49.865292
-74.343903,-49.794460
-74.139450,-49.745289
-74.309174,-49.731949
-74.325562,-49.627239
-74.300568,-49.608608
-74.087784,-49.537510
-74.024727,-49.560280
-74.023064,-49.618351
-73.985573,-49.556679
-73.935013,-49.563610
-73.716949,-49.786671
-73.688606,-49.725849
-73.830170,-49.635960
-73.880280,-49.524181
-74.101669,-49.494179
-74.110001,-49.466671
-74.076683,-49.267780
-74.041397,-49.261951
-73.909729,-49.348900
-73.945282,-49.313339
-74.006668,-49.231400
-73.974167,-49.163059
-74.031403,-49.077789
-73.916397,-49.023609
-73.827217,-49.057232
-73.828339,-49.032230
-73.910843,-49.008060
-74.067497,-49.030289
-74.039459,-49.152779
-74.114182,-49.238060
-74.167511,-49.204731
-74.193069,-49.215279
-74.152786,-49.250561
-74.150284,-49.319180
-74.210564,-49.529171
-74.248062,-49.533340
-74.399170,-49.415840
-74.425842,-49.372791
-74.391678,-49.323341
-74.411957,-49.136959
-74.402237,-49.078060
-74.453056,-49.081951
-74.466949,-49.033352
-74.396118,-48.963341
-74.428337,-48.903629
-74.449448,-48.850281
-74.441391,-48.796108
-74.372223,-48.724461
-74.055832,-48.739140
-74.170837,-48.706680
-74.302429,-48.709820
-74.373611,-48.674740
-74.393890,-48.604450
-74.200012,-48.475288
-74.132507,-48.506672
-74.011124,-48.598068
-73.981400,-48.596951
-73.972778,-48.567780
-74.027237,-48.533619
-74.026672,-48.439732
-73.892792,-48.403629
-74.034958,-48.400269
-74.184601,-48.347099
-74.179169,-48.333340
-74.110924,-48.297722
-74.273621,-48.332779
-74.261948,-48.287788
-74.303619,-48.247509
-74.448898,-48.172230
-74.511398,-48.086399
-74.468903,-48.027779
-74.578613,-48.084450
-74.646957,-48.076950
-74.662231,-48.040852
-74.629730,-47.998619
-74.523064,-47.956402
-74.347504,-48.024448
-74.218903,-48.232780
-74.158623,-48.218060
-74.255569,-48.120838
-74.324448,-48.000011
-74.274437,-47.994450
-73.857788,-48.046680
-73.873611,-48.101952
-73.824448,-48.057232
-73.757782,-48.043339
-73.799728,-48.122231
-73.732513,-48.091129
-73.591133,-48.142509
-73.604736,-48.210838
-73.553337,-48.245831
-73.498611,-48.176682
-73.427231,-48.182232
-73.352783,-48.223061
-73.283340,-48.151669
-73.309174,-48.140850
-73.379997,-48.167782
-73.484451,-48.124729
-73.644180,-47.987789
-73.646118,-47.953060
-73.648621,-47.900291
-73.573898,-47.906120
-73.495827,-47.983341
-73.228058,-48.007790
-73.278061,-47.976398
-73.468613,-47.968060
-73.527237,-47.931110
-73.506958,-47.883900
-73.559723,-47.890289
-73.620010,-47.854740
-73.551964,-47.807789
-73.717216,-47.775841
-73.740570,-47.706951
-73.657501,-47.624729
-73.702507,-47.625290
-73.680847,-47.561401
-73.741669,-47.546669
-73.728897,-47.643330
-73.788353,-47.731400
-73.765556,-47.776119
-73.796951,-47.804459
-73.934723,-47.845261
-74.037231,-47.829182
-74.067497,-47.772221
-74.389717,-47.785290
-74.399170,-47.747509
-74.534729,-47.790852
-74.711403,-47.743061
-74.739182,-47.704731
-74.642227,-47.646118
-74.580002,-47.667229
-74.634171,-47.610008
-74.597778,-47.566399
-74.528633,-47.551121
-74.500839,-47.606670
-74.480827,-47.554729
-74.418327,-47.566669
-74.407501,-47.616402
-74.371948,-47.592789
-74.353897,-47.650558
-74.428337,-47.666950
-74.475281,-47.700279
-74.331947,-47.671108
-74.307510,-47.721668
-74.257782,-47.736671
-74.299454,-47.683891
-74.261398,-47.649448
-74.247513,-47.627499
-74.097778,-47.633621
-74.041672,-47.614460
-74.140556,-47.591671
-74.099731,-47.558620
-74.311951,-47.600849
-74.329727,-47.567509
-74.390007,-47.540569
-74.454727,-47.476681
-74.387222,-47.453609
-74.464737,-47.420010
-74.486389,-47.461681
-74.527512,-47.425289
-74.317230,-47.218349
-74.223068,-47.226959
-74.170013,-47.213890
-74.105560,-47.347500
-74.135559,-47.222790
-74.108063,-47.191952
-74.015289,-47.183071
-73.985573,-47.248901
-73.960564,-47.252499
-73.987228,-47.168072
-74.053337,-47.158901
-73.934448,-47.036121
-73.946671,-47.018890
-74.140289,-46.984730
-74.210281,-46.890282
-74.126404,-46.834179
-74.248901,-46.869450
-74.275284,-46.811958
-74.277512,-46.780010
-74.584167,-46.728889
-74.495293,-46.769451
-74.523621,-46.802219
-74.651672,-46.789169
-74.666397,-46.851109
-74.434723,-46.864170
-74.480827,-46.903069
-74.689453,-46.880291
-74.716667,-46.844730
-74.944733,-46.776669
-75.076134,-46.658352
-75.076401,-46.623058
-74.934723,-46.499168
-74.954178,-46.445560
-75.081680,-46.574169
-75.303619,-46.641949
-75.416397,-46.632511
-75.535278,-46.679180
-75.656677,-46.771118
-75.621948,-46.780560
-75.543900,-46.699181
-75.438057,-46.705002
-75.414169,-46.728069
-75.474731,-46.778622
-75.383621,-46.782780
-75.391953,-46.826679
-75.434174,-46.860279
-75.342506,-46.872780
-75.354172,-46.905842
-75.496948,-46.956680
-75.571953,-46.939732
-75.712509,-46.791401
-75.715561,-46.711670
-75.642227,-46.570011
-75.555557,-46.568890
-75.536667,-46.514172
-75.373901,-46.474171
-75.397507,-46.434448
-75.252502,-46.367229
-75.218903,-46.408901
-75.192497,-46.295292
-75.088058,-46.355831
-75.142227,-46.303341
-75.118057,-46.251678
-75.089447,-46.214729
-75.037231,-46.213890
-74.926392,-46.278339
-74.960564,-46.227230
-74.904167,-46.147781
-74.872513,-46.149731
-74.780838,-46.216949
-74.757233,-46.176960
-74.814178,-46.152779
-74.818619,-46.100571
-74.771667,-46.040562
-74.696953,-46.033340
-74.723618,-45.923351
-74.672501,-45.824718
-74.566681,-45.824451
-74.533623,-45.856121
-74.549454,-45.908340
-74.468338,-45.919460
-74.453339,-45.955559
-74.484734,-46.013062
-74.454178,-46.024731
-74.418060,-45.972778
-74.456947,-45.807499
-74.339172,-45.797230
-74.321953,-45.830570
-74.247787,-45.806671
-74.140839,-45.805851
-74.109451,-45.857231
-74.206947,-45.888340
-74.073624,-45.920841
-74.056396,-45.942501
-74.077507,-45.984180
-74.168327,-46.015011
-74.085564,-46.020840
-74.095573,-46.073071
-74.152786,-46.131111
-74.063606,-46.081669
-74.067497,-45.993061
-74.044449,-45.984451
-73.975014,-46.040291
-73.970840,-46.082500
-74.006393,-46.136681
-74.128342,-46.203060
-74.345291,-46.250839
-74.424454,-46.214451
-74.481117,-46.164730
-74.479736,-46.200840
-74.324448,-46.264462
-74.043900,-46.197231
-74.067497,-46.234180
-74.012787,-46.288342
-73.879997,-46.344460
-73.854736,-46.325840
-74.019180,-46.205002
-73.964737,-46.143620
-73.882782,-46.141109
-73.761124,-46.248611
-73.787231,-46.355000
-73.990570,-46.565289
-73.886124,-46.605282
-73.836937,-46.585011
-73.765839,-46.481121
-73.743057,-46.418621
-73.617783,-46.325001
-73.489182,-46.303890
-73.571953,-46.273609
-73.525284,-46.177231
-73.342506,-46.032230
-73.432510,-46.034729
-73.564178,-46.190289
-73.599731,-46.253342
-73.676682,-46.318619
-73.698334,-46.310570
-73.620010,-46.083900
-73.654167,-46.040001
-73.584457,-45.884178
-73.521118,-45.877239
-73.564453,-45.845291
-73.538887,-45.806400
-73.363892,-45.686111
-73.205566,-45.684170
-73.183899,-45.661949
-73.339737,-45.625290
-73.565567,-45.778061
-73.587784,-45.773621
-73.515556,-45.455002
-73.432510,-45.410839
-73.406403,-45.453060
-73.400009,-45.379459
-73.365570,-45.370010
-73.323624,-45.396400
-73.317230,-45.336670
-73.203613,-45.303612
-73.011398,-45.450001
-72.859451,-45.470852
-72.827507,-45.422501
-72.845573,-45.394730
-72.960007,-45.410290
-73.083893,-45.344452
-73.272781,-45.245831
-73.340012,-45.294731
-73.446953,-45.285278
-73.462784,-45.257511
-73.446671,-45.197781
-73.335854,-45.185280
-73.301117,-45.136120
-73.380569,-45.065281
-73.398064,-44.997509
-73.366386,-44.963902
-73.195282,-44.957241
-72.766113,-44.753330
-72.728897,-44.758350
-72.678070,-44.542229
-72.595840,-44.506680
-72.614182,-44.466400
-72.588058,-44.341969
-72.692497,-44.500278
-72.724731,-44.502239
-72.823059,-44.422791
-72.938606,-44.308071
-73.176392,-44.256672
-73.191963,-44.236679
-73.108063,-44.166401
-73.129997,-44.142509
-73.164459,-44.188351
-73.221947,-44.198620
-73.285278,-44.173351
-73.285568,-44.124458
-73.257507,-44.103062
-73.223892,-44.132511
-73.219452,-44.075569
-73.182510,-44.060841
-73.154449,-44.088348
-73.110001,-44.089741
-73.140556,-44.031960
-73.001678,-43.772228
-72.819733,-43.805561
-72.871948,-43.746681
-72.906677,-43.754730
-73.011673,-43.736679
-73.055557,-43.706120
-72.971947,-43.622231
-72.932510,-43.617779
-72.916397,-43.584179
-73.037781,-43.583900
-73.116386,-43.439732
-73.076950,-43.305561
-72.904167,-43.229179
-72.928337,-43.102509
-72.843903,-43.009449
-72.809448,-43.015839
-72.781403,-43.062511
-72.732513,-43.081402
-72.743057,-42.909740
-72.826401,-42.855011
-72.853348,-42.794731
-72.860840,-42.574459
-72.808060,-42.493900
-72.688606,-42.500278
-72.552513,-42.566669
-72.549454,-42.531120
-72.686111,-42.477501
-72.847778,-42.280010
-72.606400,-42.182789
-72.563339,-42.205830
-72.453056,-42.455841
-72.420288,-42.439449
-72.474167,-42.274441
-72.414726,-42.242790
-72.490837,-42.122791
-72.462784,-41.971119
-72.527237,-41.964169
-72.600014,-42.038342
-72.745010,-42.011959
-72.886124,-41.915852
-72.650848,-41.726109
-72.575562,-41.734459
-72.392227,-41.681400
-72.340843,-41.621960
-72.298607,-41.388889
-72.322243,-41.367512
-72.349167,-41.380009
-72.351669,-41.496960
-72.408890,-41.659451
-72.611954,-41.709461
-72.678886,-41.676121
-72.754730,-41.548069
-72.904167,-41.501122
-73.049728,-41.512508
-73.107788,-41.586948
-73.061401,-41.701672
-73.203613,-41.792511
-73.344452,-41.773621
-73.420288,-41.798351
-73.753342,-41.750561
-73.723343,-41.672508
-73.551392,-41.602791
-73.494171,-41.515839
-73.598892,-41.603340
-73.801682,-41.568069
-73.870560,-41.304180
-73.950562,-41.183620
-73.993622,-40.963890
-73.898621,-40.889462
-73.948059,-40.863892
-73.911331,-40.813221
-73.865837,-40.721951
-73.857788,-40.626400
-73.827507,-40.618351
-73.745293,-40.501122
-73.748062,-40.250561
-73.658340,-40.104740
-73.714737,-39.978611
-73.672234,-39.938900
-73.601120,-39.928619
-73.457497,-39.834171
-73.424454,-39.837791
-73.402237,-39.889721
-73.380569,-39.902229
-73.402237,-39.685841
-73.287514,-39.562778
-73.217789,-39.336941
-73.253616,-39.157780
-73.433060,-38.691669
-73.523064,-38.516682
-73.522232,-38.264450
-73.474731,-38.213619
-73.454178,-38.055561
-73.495010,-37.954449
-73.669724,-37.726120
-73.682243,-37.589451
-73.597229,-37.501122
-73.601959,-37.429451
-73.679459,-37.341400
-73.643623,-37.208630
-73.591667,-37.145279
-73.509171,-37.207500
-73.347778,-37.230831
-73.220573,-37.182240
-73.188057,-37.131401
-73.145569,-36.824451
-73.198624,-36.765011
-73.123611,-36.731949
-73.120560,-36.604450
-73.091667,-36.613071
-73.087784,-36.705570
-73.018890,-36.720570
-72.982788,-36.701962
-72.961403,-36.616402
-72.993622,-36.559460
-72.977226,-36.517502
-72.936401,-36.532501
-72.879997,-36.420559
-72.795288,-35.971951
-72.589172,-35.796680
-72.585007,-35.731670
-72.652786,-35.600010
-72.636124,-35.557240
-72.507507,-35.476959
-72.392227,-35.233891
-72.235001,-35.127239
-72.212784,-35.091961
-72.186951,-34.890289
-72.151947,-34.844730
-72.055557,-34.639462
-72.053070,-34.417789
-71.985001,-34.351959
-72.019180,-34.148621
-71.950844,-34.064178
-71.805847,-33.773060
-71.676392,-33.716961
-71.623611,-33.534451
-71.712227,-33.417511
-71.668900,-33.315571
-71.753616,-33.090569
-71.644180,-33.018070
-71.592506,-33.024181
-71.563606,-32.999458
-71.539169,-32.773621
-71.460564,-32.699181
-71.442497,-32.628620
-71.474457,-32.518902
-71.406403,-32.382511
-71.541397,-32.200008
-71.509743,-31.777500
-71.565292,-31.611950
-71.639717,-31.245560
-71.654167,-31.077780
-71.681953,-30.904730
-71.699173,-30.470011
-71.630836,-30.240561
-71.549179,-30.293341
-71.508621,-30.275841
-71.446121,-30.165001
-71.402786,-30.181950
-71.373901,-30.103889
-71.403900,-29.982510
-71.289169,-29.921949
-71.284447,-29.840281
-71.324173,-29.793341
-71.292236,-29.607510
-71.335564,-29.551121
-71.308899,-29.421391
-71.359734,-29.299450
-71.476959,-29.226391
-71.493057,-29.189449
-71.489464,-29.034731
-71.521667,-28.970011
-71.499184,-28.864731
-71.298607,-28.676950
-71.286667,-28.620840
-71.312233,-28.571671
-71.163620,-28.352230
-71.156677,-28.154169
-71.035278,-27.660009
-71.004997,-27.677231
-70.910858,-27.621950
-70.891953,-27.484730
-70.954727,-27.359730
-70.931396,-27.293341
-70.966667,-27.179171
-70.936401,-27.113899
-70.876404,-27.129730
-70.784729,-26.986950
-70.807510,-26.942499
-70.691963,-26.552509
-70.708344,-26.504450
-70.631393,-26.309170
-70.674728,-26.282511
-70.630836,-25.987789
-70.733063,-25.805559
-70.642792,-25.631950
-70.646667,-25.523060
-70.531113,-25.465839
-70.513062,-25.389170
-70.475571,-25.389999
-70.447777,-25.358061
-70.436111,-25.193060
-70.503067,-25.094730
-70.464737,-24.988621
-70.547234,-24.842230
-70.569733,-24.685280
-70.582497,-24.526670
-70.516953,-24.216949
-70.518890,-23.860840
-70.493469,-23.846180
-70.500000,-23.785839
-70.436684,-23.718889
-70.390289,-23.585291
-70.432510,-23.480009
-70.509171,-23.451670
-70.546951,-23.521120
-70.623062,-23.499729
-70.590843,-23.210011
-70.551392,-23.162510
-70.575012,-23.066950
-70.503067,-23.011110
-70.475571,-23.084450
-70.388634,-23.060841
-70.335854,-23.005560
-70.289169,-22.862230
-70.240837,-22.378340
-70.171402,-21.882509
-70.053337,-21.424170
-70.095573,-21.336670
-70.065567,-21.290840
-70.170288,-21.010839
-70.132233,-20.919451
-70.202507,-20.741949
-70.172501,-20.460840
-70.134171,-20.280279
-70.152237,-20.196119
-70.154167,-19.703899
-70.230293,-19.586670
-70.197243,-19.566120
-70.225304,-19.401119
-70.319458,-18.917780
-70.317497,-18.421391
-70.403320,-18.347990
# Triangles
731,730,729
729,727,726
728,727,729
766,762,761
765,763,762
761,760,759
762,766,765
731,729,726
725,724,720
725,720,726
754,757,755
731,726,732
761,759,766
766,759,767
758,767,759
758,770,767
756,755,757
771,758,757
724,723,720
769,768,770
784,783,782
779,778,780
785,784,786
789,787,791
786,782,795
786,784,782
796,795,782
791,786,795
765,764,763
774,776,775
778,777,780
767,770,768
777,797,780
780,797,781
796,782,781
797,777,798
776,799,798
805,804,803
776,798,777
776,774,773
781,797,796
721,723,722
698,697,700
698,700,699
702,701,704
721,720,723
733,720,719
704,703,702
719,718,716
700,704,701
700,705,704
705,700,697
695,697,696
591,593,592
717,716,718
712,711,709
711,710,709
715,733,716
733,719,716
754,771,757
751,800,771
771,770,758
754,753,771
773,799,776
772,771,773
801,800,802
800,799,773
802,800,810
771,800,773
734,737,735
734,738,737
715,738,734
737,736,735
734,733,715
752,771,753
751,750,800
738,740,739
752,751,771
741,740,738
732,720,733
347,810,800
720,732,726
805,802,810
788,787,789
791,790,789
791,795,792
786,791,787
819,818,820
823,822,824
821,820,818
793,792,795
807,806,808
805,809,806
795,794,793
806,809,808
821,824,822
824,821,825
854,853,855
853,856,855
802,805,803
860,859,851
847,863,860
861,860,862
865,864,866
847,868,863
864,867,866
862,860,863
856,858,857
859,858,851
863,867,864
873,870,869
858,856,853
870,873,872
886,897,887
882,884,883
886,885,884
850,860,851
871,870,872
858,853,851
818,817,821
821,816,815
816,821,817
821,827,825
814,821,815
814,827,821
825,827,826
837,836,835
838,837,835
852,851,853
812,811,810
813,812,810
345,813,810
830,829,814
827,829,828
833,838,834
337,844,838
835,834,838
833,341,838
829,827,814
839,838,844
830,814,813
809,805,810
850,848,847
848,850,849
875,874,869
882,881,884
874,873,869
847,846,868
868,875,869
867,863,868
884,881,880
847,860,850
842,841,843
840,839,841
843,841,844
337,845,844
846,845,876
839,844,841
868,846,876
879,878,877
845,877,876
880,877,910
877,880,879
868,876,875
910,877,845
884,880,903
341,833,832
898,897,884
543,542,544
549,551,550
577,575,578
580,579,578
575,574,578
580,578,581
577,576,575
574,581,578
551,549,552
552,549,548
545,544,546
574,573,571
569,567,566
568,567,569
554,556,555
573,572,571
584,583,581
588,585,584
581,583,582
586,585,587
588,587,585
594,589,588
589,594,593
594,588,595
589,593,590
591,590,593
584,571,570
571,584,581
598,570,562
570,598,584
581,574,571
598,595,588
596,595,597
595,598,597
680,679,678
680,685,681
569,563,570
588,584,598
678,686,680
544,542,541
539,546,544
541,540,539
538,537,536
485,487,486
554,553,556
553,552,548
558,556,553
547,538,548
538,547,546
548,538,533
546,539,538
553,548,533
539,544,541
538,535,534
526,533,527
533,558,553
532,527,533
503,500,498
538,534,533
525,560,526
527,532,531
536,535,538
485,484,487
526,558,533
565,569,566
565,563,569
556,558,557
564,563,565
563,562,570
598,562,599
605,600,599
600,605,604
562,605,599
673,675,674
559,526,560
560,605,562
560,623,605
623,560,624
623,607,605
606,605,607
558,526,559
600,604,601
602,601,604
603,602,604
614,611,615
562,561,560
525,624,560
668,675,673
500,499,498
693,705,694
705,697,694
714,713,715
708,707,712
715,742,738
712,706,642
713,712,642
707,706,712
705,677,706
742,715,355
683,682,684
708,712,709
682,681,685
687,686,688
686,685,680
688,678,677
685,684,682
689,691,690
692,705,693
742,355,743
691,688,677
355,715,713
689,688,691
677,705,692
742,741,738
744,747,746
746,745,744
748,747,743
750,749,800
831,830,345
810,347,345
341,831,343
345,830,813
800,749,348
343,831,345
749,748,353
341,339,838
744,743,747
800,348,347
743,354,748
348,749,349
345,344,343
341,340,339
343,342,341
338,337,339
339,337,838
345,347,346
341,832,831
678,688,686
695,694,697
660,676,668
668,667,661
673,669,668
677,692,691
660,668,661
658,677,676
658,657,643
677,658,643
659,658,676
660,659,676
647,657,656
667,666,665
670,672,671
655,649,648
673,672,670
662,665,663
662,661,665
663,665,664
653,650,654
665,661,667
673,670,669
656,655,647
354,353,748
353,352,749
355,354,743
356,713,642
713,356,355
644,643,646
350,352,351
350,349,749
337,336,334
334,336,335
352,350,749
643,642,706
645,644,646
647,655,648
356,642,641
357,356,641
639,641,640
845,333,910
357,641,368
657,646,643
657,647,646
334,333,337
643,706,677
675,668,676
333,845,337
913,332,325
913,333,332
893,892,894
891,894,892
895,894,891
948,947,949
949,947,950
951,950,952
954,952,950
947,946,950
950,946,961
891,890,895
895,890,896
888,890,889
896,890,888
945,961,946
955,954,956
954,950,961
960,954,961
952,954,953
957,956,954
959,957,960
957,954,960
962,961,945
1025,1029,1028
1028,1027,1025
1026,1025,1027
1029,1018,1030
1022,1018,1029
1025,1022,1029
1030,1018,1017
1025,1024,1022
1022,1024,1023
1006,1003,1007
979,978,977
1003,1005,1004
999,1002,1001
1003,1002,1007
1003,1006,1005
979,977,980
976,975,974
1007,1002,1008
944,964,963
899,901,900
963,962,945
958,957,959
964,966,965
896,888,887
901,903,902
942,941,943
899,903,901
897,886,884
967,966,968
968,966,964
968,943,969
943,968,964
969,943,941
943,964,944
970,969,971
969,936,988
899,898,903
896,887,897
981,976,983
976,974,973
981,980,976
981,983,982
983,976,973
997,995,998
996,995,997
995,994,993
980,977,976
984,987,985
988,987,983
983,969,988
985,987,986
983,971,969
983,987,984
995,993,992
991,989,988
1102,992,1103
991,990,989
995,992,1102
991,988,935
973,972,971
971,983,973
998,995,1101
992,991,1103
963,945,944
1017,1031,1030
1022,1021,1020
1018,1022,1019
1020,1019,1022
1033,1032,1016
1031,1017,1016
1032,1031,1016
1033,1015,1034
1015,1033,1016
1034,1015,1035
1010,1008,1011
1002,999,1011
1008,1010,1009
1008,1002,1011
1037,1036,1035
1035,1014,1038
1037,1035,1038
1049,1012,1011
1038,1013,1040
1014,1013,1038
1040,1013,1012
1011,999,1049
1035,1015,1014
1042,1041,1040
1038,1040,1039
1040,1012,1045
1045,1044,1040
1042,1044,1043
1042,1040,1044
1046,1048,1047
1048,1046,1045
1045,1049,1048
1052,1051,1050
1050,1053,1052
1050,1049,1089
1053,1050,1054
1056,1055,1059
1059,1055,1054
1057,1059,1058
1059,1057,1056
1059,1054,1062
1054,1050,1088
1012,1049,1045
999,1089,1049
999,1090,1089
1093,1092,1090
1087,1086,1063
998,1090,999
1091,1090,1092
1088,1087,1063
1088,1050,1089
1088,1063,1062
1086,1078,1063
1063,1078,1075
1085,1078,1086
1077,1075,1078
1088,1062,1054
1094,1093,1101
1090,998,1101
1084,1079,1085
1098,1096,1095
1082,1079,1083
1078,1085,1079
1083,1079,1084
1098,1097,1096
1090,1101,1093
995,1102,1101
1082,1081,1079
1060,1062,1061
1064,1067,1065
1075,1064,1063
1071,1064,1075
1065,1067,1066
1068,1071,1069
1071,1068,1067
1070,1069,1071
1064,1071,1067
1071,1075,1072
1074,1072,1075
1072,1074,1073
1079,1081,1080
1245,1244,1246
1247,1246,1248
1248,1246,1249
1244,1243,1246
1077,1076,1075
1059,1062,1060
1001,1000,999
941,938,969
905,904,906
906,904,903
907,906,909
884,903,898
940,939,938
938,941,940
938,937,936
938,936,969
921,919,918
903,880,906
921,918,922
931,933,932
930,933,931
920,919,921
928,930,929
907,909,908
906,880,909
1107,1104,1103
991,935,1107
1104,1106,1105
1094,1100,1095
1101,1100,1094
1095,1100,1099
1095,1099,1098
1116,1115,1113
1113,1115,1114
1106,1104,1107
936,935,988
933,924,935
1113,1112,1116
1118,1117,1116
1111,1118,1116
1127,1126,1128
991,1107,1103
934,933,935
922,918,917
917,916,922
916,915,922
926,925,927
1112,1111,1116
1108,1107,1109
1120,1119,1121
930,924,933
1118,1111,1119
319,1107,935
927,924,930
1110,1109,1107
928,927,930
1121,1119,1122
927,925,924
922,915,923
325,914,913
915,914,923
911,910,912
1110,1122,1119
1122,1110,1123
1110,1119,1111
1110,1124,1123
1110,1137,1124
303,1110,1107
935,924,319
923,914,325
910,913,912
1129,1128,1130
1130,1132,1131
1132,1130,1133
1128,1125,1130
1145,1144,1146
1146,1144,1143
1150,1149,1151
1149,1152,1151
1125,1124,1133
1133,1124,1136
1148,1141,1152
1137,1136,1124
1136,1135,1133
1147,1143,1142
1143,1147,1146
1142,1148,1147
1142,1141,1148
1134,1133,1135
1148,1152,1149
1133,1130,1125
1126,1125,1128
1139,1152,1141
924,923,321
910,333,913
1240,1246,1243
1249,1231,1252
1237,1236,1238
1243,1242,1240
1231,1246,1240
1251,1250,1249
1254,1256,1255
1252,1254,1253
1251,1249,1252
1172,1171,1170
1172,1169,1168
1172,1170,1169
1238,1236,1239
1261,1257,1254
1240,1242,1241
1261,1254,1252
1254,1257,1256
1239,1235,1240
1252,1230,1261
1236,1235,1239
1246,1231,1249
1235,1232,1240
1274,1273,1272
1269,1268,1267
1274,1272,1271
1277,1276,1279
1279,1276,1275
1279,1278,1277
1274,1280,1275
1280,1279,1275
1274,1271,1280
1259,1258,1260
1261,1260,1257
1262,1261,1263
1258,1257,1260
1270,1269,200
1269,1267,1266
1266,200,1269
1271,1281,1280
1281,1271,1270
1270,192,1281
216,1263,1261
1163,1165,1164
1172,1167,1166
1173,1175,1174
1172,1175,1173
1166,1176,1175
1166,1175,1172
1176,1165,1162
1165,1176,1166
1176,1179,1178
1162,1179,1176
1165,1163,1162
1184,1183,1182
1184,1182,1181
1180,1186,1185
1181,1185,1184
1187,1186,1188
1186,1195,1190
1178,1177,1176
1188,1186,1189
1281,192,1282
1265,201,1266
1283,1282,1289
1232,1234,1233
188,1290,1282
1240,1232,1231
1234,1232,1235
1284,1283,1285
1288,1285,1289
1286,1288,1287
1288,1286,1285
1289,1285,1283
1231,1230,1252
211,1264,1263
1190,1194,1191
1189,1186,1190
1264,210,1265
1289,1282,1290
1292,1294,1293
1294,1292,1291
1295,1294,1291
1291,1290,186
1230,225,1261
1181,1180,1185
1167,1172,1168
1141,1140,1139
910,909,880
484,483,482
487,489,488
489,482,490
489,484,482
482,481,477
527,531,528
496,498,497
498,496,495
528,531,530
489,487,484
504,498,495
494,490,471
477,490,482
494,462,495
490,494,492
491,490,492
504,495,462
501,503,502
503,498,504
524,523,625
529,528,530
474,490,477
493,492,494
625,624,524
624,525,524
623,622,607
609,608,619
615,611,610
614,612,611
618,616,610
610,616,615
618,610,609
620,608,622
621,620,622
629,628,627
608,620,619
618,609,619
632,634,633
617,616,618
607,622,608
523,626,625
650,655,654
500,503,501
477,476,474
478,481,479
474,476,475
471,462,494
490,474,471
471,474,472
462,471,470
472,474,473
462,470,463
461,504,462
428,427,429
480,479,481
425,427,426
429,427,433
470,464,463
470,469,464
464,469,468
468,465,464
507,461,460
427,425,433
507,506,505
507,505,461
504,461,505
629,627,630
634,632,631
521,630,627
523,522,626
517,519,518
515,520,516
517,516,519
519,516,520
378,375,635
627,626,522
627,522,521
631,635,634
630,514,631
515,630,521
520,515,521
635,631,378
515,514,630
507,460,508
636,635,637
468,467,465
477,481,478
326,332,331
358,360,359
360,358,357
321,319,924
1138,1137,290
1154,1139,279
1153,1152,1139
1154,1153,1139
1156,1155,1154
1162,1161,1158
369,639,638
326,329,327
330,329,326
331,330,326
1161,1159,1158
325,322,923
332,326,325
1154,278,1156
1159,1161,1160
357,368,360
650,649,655
1162,1158,1179
1191,1194,1192
1194,1193,1192
1179,249,1186
1194,1190,1195
1200,1199,1201
1198,1201,1199
1197,1196,1198
1186,1180,1179
1202,1198,1196
1204,1207,1206
1195,1186,249
1204,1206,1205
1216,1218,1217
1229,1228,1227
1216,1214,1218
1215,1214,1216
1229,1227,1225
1201,1198,1202
242,1202,1196
1224,1230,1229
641,639,369
652,651,650
637,373,638
373,637,375
638,372,369
638,373,372
369,368,641
328,327,329
323,325,324
361,365,362
365,361,368
360,368,361
321,923,322
369,371,370
369,372,371
375,374,373
325,323,322
363,362,365
364,363,365
366,365,367
368,367,365
637,635,375
1196,1195,242
1156,277,1158
1203,1202,1208
1202,240,1208
1204,1203,1208
318,1107,319
1218,1214,1219
1219,1214,1213
1213,1212,1211
1208,1207,1204
1219,1213,1220
318,304,1107
1157,1156,1158
1209,1211,1210
1209,1208,240
1211,234,1213
234,1220,1213
320,319,321
1209,235,1211
1179,1158,263
1138,279,1139
1110,303,295
1224,1229,1225
230,1222,1221
1220,234,1221
1227,1226,1225
650,653,652
1224,225,1230
612,614,613
434,424,443
434,433,425
444,443,423
443,442,434
423,443,424
442,435,434
432,430,433
430,432,431
438,436,435
442,441,435
434,425,424
423,421,444
421,423,422
421,420,419
444,421,445
445,421,419
437,436,438
435,441,439
439,441,440
439,438,435
446,445,419
446,450,449
465,467,466
459,458,460
508,457,509
514,378,631
375,378,376
378,377,376
514,379,378
460,458,457
457,508,460
457,510,509
448,447,446
449,448,446
514,513,379
510,457,511
512,511,456
512,456,455
379,513,380
457,456,511
512,380,513
418,446,419
433,430,429
418,417,415
418,415,414
415,417,416
413,451,414
418,414,450
455,454,453
413,452,451
453,452,407
450,414,451
512,453,380
418,450,446
410,413,412
413,410,452
412,411,410
410,409,408
408,407,410
380,453,407
402,401,403
380,407,406
410,407,452
404,406,405
380,404,403
400,399,398
403,401,400
403,400,380
398,381,400
400,381,380
381,398,397
392,381,397
396,395,394
396,394,397
392,397,394
404,380,406
383,388,387
386,385,384
386,384,387
383,387,384
392,391,382
382,391,390
392,382,381
390,389,383
383,389,388
390,383,382
393,392,394
453,512,455
312,317,316
315,314,313
316,315,312
313,312,315
1154,279,278
1158,277,265
306,318,311
307,306,311
290,1137,295
318,312,311
318,306,304
1156,278,277
305,304,306
310,309,308
308,307,311
311,310,308
295,1137,1110
1107,304,303
276,275,266
296,295,303
290,289,1138
296,303,299
276,266,277
265,277,266
239,1209,240
1202,241,240
243,1195,244
243,242,1195
235,239,237
235,1209,239
237,239,238
235,237,236
234,230,1221
242,241,1202
250,249,252
252,249,1179
265,264,263
252,1179,255
1195,249,244
263,255,1179
250,252,251
231,230,233
245,244,248
233,230,234
232,231,233
1222,230,228
248,244,249
265,263,1158
234,1211,235
318,317,312
298,297,296
296,299,298
300,299,303
300,302,301
290,295,291
295,294,291
291,294,292
288,280,279
288,279,289
1138,289,279
293,292,294
285,287,286
285,288,287
281,288,285
281,280,288
281,285,282
283,282,285
285,284,283
263,256,255
256,258,257
258,256,263
262,258,263
248,247,245
246,245,247
254,253,255
255,253,252
274,271,275
271,274,273
271,273,272
275,271,270
275,270,267
267,270,269
262,261,259
259,261,260
262,259,258
269,268,267
275,267,266
302,300,303
228,230,229
1261,225,217
225,1223,227
227,226,225
1223,1222,227
1222,228,227
211,1263,216
225,224,217
217,224,218
217,216,1261
218,224,223
218,223,219
210,1264,211
1224,1223,225
219,222,221
221,220,219
210,209,206
211,216,212
201,1265,210
212,216,215
213,212,215
215,214,213
201,200,1266
219,223,222
1297,1295,183
1299,1298,1300
1298,1297,1301
1300,1298,1301
1296,1295,1297
1301,1303,1302
178,1303,1301
1304,1306,1305
1307,1306,162
178,1301,1297
1303,162,1304
1308,1307,1309
1310,1309,1311
1311,1309,1313
1313,1309,156
1314,1316,1315
1313,152,1314
1320,1316,1314
1312,1311,1313
1319,1317,1316
162,1306,1304
1309,1307,161
210,206,204
208,207,206
205,204,206
202,210,204
202,201,210
202,204,203
1290,188,186
1282,192,191
188,191,190
1282,191,188
1270,200,192
1291,186,1295
194,199,197
197,199,198
196,195,197
194,197,195
190,189,188
192,200,193
194,193,200
200,199,194
188,187,186
184,1295,186
184,186,185
184,183,1295
182,180,179
180,182,181
179,178,183
178,177,176
176,162,1303
179,183,182
176,1303,178
175,174,173
163,176,173
172,171,169
169,171,170
173,172,163
167,172,169
176,163,162
162,161,1307
167,165,163
167,166,165
165,164,163
172,167,163
1314,136,1320
173,176,175
178,1297,183
206,209,208
161,156,1309
1319,1318,1317
1329,118,1330
1319,1316,1320
1335,1334,1332
1331,1335,1332
1334,1333,1332
1331,1330,118
1335,1331,117
1323,1325,1324
129,1325,1323
126,120,1325
1321,1320,1322
1325,1327,1326
1335,1337,1336
1337,1335,117
119,1329,1328
1338,108,1340
1339,1338,1340
1338,1337,108
1327,119,1328
1323,1322,133
1347,1346,1348
1345,1344,1343
1352,1346,95
1351,1350,1349
1349,1348,1346
1352,1351,1349
1346,1352,1349
1353,1352,95
1342,1341,1343
95,1355,1353
1345,1343,96
1356,91,1359
1343,1341,98
95,1346,1345
1356,1358,1357
1359,1358,1356
1364,1363,1365
1340,108,1341
1354,1353,1355
1325,120,1327
1361,1360,1362
1360,1366,1365
87,1366,1360
1360,1365,1362
1368,1366,85
1370,1369,1368
1367,1366,1368
1359,89,1360
1337,117,110
126,121,120
116,115,114
119,1327,120
1373,1372,1374
1371,1370,1372
1376,1372,1378
1374,1372,1376
1368,81,1370
116,111,117
74,1379,1372
1356,1355,91
1374,1376,1375
74,1372,1370
118,117,1331
1329,119,118
1385,1384,1386
1382,1384,1383
1384,1382,1386
1393,1396,1395
1395,1394,1393
1396,1393,1397
1398,1397,1400
1386,1388,1387
1386,63,1390
1381,1380,1382
71,1380,1379
1386,1390,1388
1378,1372,1379
1382,64,1386
1398,1400,1399
1397,1393,1392
1397,1401,1400
1401,1397,1392
1389,1388,1390
1380,64,1382
1377,1376,1378
1363,1362,1365
135,1322,1320
168,167,169
158,161,160
160,159,158
158,157,156
1313,156,154
133,132,1323
154,152,1313
154,156,155
156,161,158
1323,132,129
153,152,154
137,143,138
151,146,152
1314,145,136
136,145,137
129,132,131
135,133,1322
135,134,133
135,1320,136
145,1314,152
130,129,131
125,122,121
128,127,129
123,125,124
1325,127,126
122,125,123
114,113,111
111,113,112
110,117,111
110,108,1337
111,116,114
108,110,109
1343,98,96
1345,96,95
108,107,101
96,98,97
108,101,98
100,98,101
101,107,104
106,104,107
108,98,1341
1325,129,127
1355,95,93
126,125,121
143,137,145
143,145,144
147,146,148
141,138,142
146,151,148
142,138,143
98,100,99
105,104,106
104,103,101
139,138,140
145,152,146
149,148,150
138,141,140
101,103,102
93,92,91
91,1355,93
93,95,94
148,151,150
89,87,1360
87,86,85
88,87,89
87,85,1366
85,84,82
82,84,83
82,81,1368
81,80,75
82,1368,85
81,75,1370
75,80,78
71,1379,74
1370,75,74
78,77,76
78,76,75
70,69,65
70,1380,71
72,71,74
74,73,72
69,68,66
80,79,78
89,91,90
89,1359,91
1380,70,64
1392,1402,1401
52,1403,1402
45,1406,1405
1404,1403,52
1417,1416,1415
1410,1412,1411
1418,1417,20
47,1405,1404
1412,36,1413
1410,1409,1408
1407,1406,1408
41,1410,1408
36,1412,1410
30,1415,1414
30,1414,1413
1415,26,20
35,31,30
1415,30,26
30,1413,35
1415,20,1417
41,1408,1406
59,1402,1391
1418,20,1419
1419,1,1420
1,1419,2
1420,1,0
2,17,3
6,5,7
7,9,8
4,10,7
4,7,5
4,3,11
2,1419,18
16,15,13
17,16,3
18,1419,20
16,11,3
7,10,9
4,11,10
12,11,16
14,13,15
16,13,12
2,18,17
20,19,18
1391,1402,1392
1386,64,63
66,65,69
70,65,64
62,61,63
61,60,59
52,50,1404
45,1405,47
1402,59,52
1391,61,59
63,61,1391
46,45,47
54,53,57
54,57,55
58,57,53
52,59,53
55,57,56
48,50,49
48,47,50
52,51,50
1404,50,47
53,59,58
35,1413,36
35,34,33
36,41,37
32,31,33
25,20,26
30,29,26
20,25,21
29,27,26
21,25,24
29,28,27
31,35,33
41,40,37
42,41,45
42,44,43
44,42,45
1406,45,41
23,22,24
38,40,39
24,22,21
38,37,40
1410,41,36
63,1391,1390
67,66,68
