# Chile region 22
27 24
# Outer Vertices
-74.623291,-48.692310
-74.849731,-48.631119
-74.974731,-48.610001
-75.011673,-48.592232
-75.030289,-48.501122
-74.940567,-48.420010
-74.843903,-48.391941
-74.815292,-48.407791
-74.809723,-48.461941
-74.759171,-48.497509
-74.706680,-48.448059
-74.793327,-48.388062
-74.813339,-48.331669
-74.768890,-48.156952
-74.742783,-48.124729
-74.700844,-48.155010
-74.680557,-48.297230
-74.585564,-48.378059
-74.581390,-48.406109
-74.668327,-48.416401
-74.608337,-48.455841
-74.600571,-48.569729
-74.544724,-48.621399
-74.520279,-48.578621
-74.485001,-48.595840
-74.496948,-48.656109
-74.623291,-48.692310
# Triangles
4,3,2
5,4,2
1,9,8
9,1,26
1,8,2
5,2,8
8,6,5
6,8,7
13,12,16
15,14,13
11,16,12
26,22,21
22,26,25
21,10,9
22,24,23
24,22,25
16,15,13
11,19,16
11,10,19
20,19,10
18,17,19
19,17,16
10,21,20
21,9,26
