# Chile region 24
17 14
# Outer Vertices
-75.259171,-49.891682
-75.311722,-49.883492
-75.373901,-49.826130
-75.351959,-49.755009
-75.377228,-49.748341
-75.536392,-49.838890
-75.579727,-49.802780
-75.591667,-49.772228
-75.498901,-49.738621
-75.599731,-49.674728
-75.564453,-49.626949
-75.378616,-49.615292
-75.245827,-49.759449
-75.173073,-49.891399
-75.230827,-49.875290
-75.275009,-49.828899
-75.259171,-49.891682
# Triangles
8,7,6
8,6,5
8,5,4
10,9,8
8,11,10
11,8,4
4,3,11
15,1,16
14,13,12
3,2,15
15,12,3
12,15,14
2,1,15
3,12,11
