# Chile region 8
36 33
# Outer Vertices
-70.483337,-55.211121
-70.503067,-55.159168
-70.543060,-55.160561
-70.517502,-55.201401
-70.545837,-55.211121
-70.566963,-55.175831
-70.550003,-55.121948
-70.575562,-55.061111
-70.702789,-55.129181
-70.741386,-55.110001
-70.716949,-55.065010
-70.795288,-55.071671
-70.928886,-55.080570
-70.999184,-55.022781
-70.916397,-54.999729
-71.010834,-54.976952
-71.005569,-54.958618
-70.853638,-54.931950
-70.863892,-54.969460
-70.795288,-54.977779
-70.791397,-54.938622
-70.581947,-54.972500
-70.597778,-54.958340
-70.519180,-54.911961
-70.350883,-54.898708
-70.384171,-54.936951
-70.496948,-54.946671
-70.510834,-54.995010
-70.712784,-55.017231
-70.295288,-55.081951
-70.263901,-55.110561
-70.297501,-55.131390
-70.433899,-55.098061
-70.449448,-55.122509
-70.373611,-55.154720
-70.483337,-55.211121
# Triangles
11,14,12
12,14,13
10,8,7
8,10,9
32,7,6
7,28,10
10,28,11
19,11,28
15,14,16
17,14,18
14,17,16
11,18,14
20,28,21
18,11,19
20,19,28
21,23,22
27,21,28
4,3,2
5,2,6
2,5,4
1,35,33
34,33,35
32,31,29
2,1,6
6,1,33
26,21,27
28,7,29
23,26,25
23,21,26
7,32,29
32,6,33
25,24,23
30,29,31
