# Chile region 21
20 17
# Outer Vertices
-75.017593,-51.471889
-75.013062,-51.437778
-74.797501,-51.333069
-74.823624,-51.328350
-74.932510,-51.369179
-74.963058,-51.347240
-74.956123,-51.319172
-74.731400,-51.198341
-74.579727,-51.219170
-74.536392,-51.279171
-74.571953,-51.290279
-74.575562,-51.337780
-74.543060,-51.358891
-74.600571,-51.406952
-74.641678,-51.405560
-74.683327,-51.288349
-74.741119,-51.305851
-74.718903,-51.343620
-74.783623,-51.432240
-75.017593,-51.471889
# Triangles
19,18,1
18,2,1
5,4,6
3,2,16
6,4,3
17,16,2
6,3,7
7,3,16
2,18,17
13,12,11
13,11,14
15,14,11
7,15,8
7,16,15
8,10,9
10,8,15
15,11,10
