# Chile region 13
32 29
# Outer Vertices
-74.720840,-51.111950
-74.753067,-51.084450
-74.676682,-51.013889
-74.769447,-50.992779
-74.805847,-51.078060
-74.888634,-51.050869
-74.837227,-50.980011
-74.898621,-50.959171
-74.943336,-50.986401
-74.964737,-50.965839
-74.956947,-50.928890
-74.925568,-50.884449
-74.618057,-50.932232
-74.584457,-50.886951
-74.644180,-50.895561
-74.646118,-50.855831
-74.620293,-50.829731
-74.613342,-50.799728
-74.657791,-50.726681
-74.486954,-50.780842
-74.459457,-50.830292
-74.415009,-50.825569
-74.394730,-50.878620
-74.430283,-50.920280
-74.371948,-51.010559
-74.392502,-51.084179
-74.412781,-51.087231
-74.456390,-51.008060
-74.562233,-51.028622
-74.631958,-51.040001
-74.622223,-51.088341
-74.720840,-51.111950
# Triangles
4,6,5
1,31,2
11,3,12
31,29,2
3,6,4
9,7,10
9,8,7
11,10,7
7,6,11
2,12,3
14,13,15
11,6,3
30,29,31
13,12,28
28,12,29
26,25,24
13,28,27
24,27,26
23,27,24
16,13,17
16,15,13
17,19,18
19,17,13
13,20,19
23,22,20
21,20,22
23,20,13
13,27,23
12,2,29
