# Trinidad and Tobago region 0
22 19
# Outer Vertices
-61.902779,10.038050
-61.924450,10.055270
-61.783340,10.141390
-61.693062,10.166940
-61.630001,10.242500
-61.523060,10.232220
-61.464729,10.270280
-61.480560,10.409720
-61.489719,10.630830
-61.659729,10.680280
-61.621948,10.730830
-61.180561,10.793610
-61.079731,10.824160
-60.928341,10.838610
-60.944450,10.762220
-61.030842,10.685000
-61.023060,10.400270
-60.994999,10.270550
-60.996948,10.135830
-61.339729,10.063890
-61.803341,10.081660
-61.902779,10.038050
# Triangles
1,21,20
20,3,2
5,3,19
20,2,1
9,8,10
10,8,11
4,3,5
3,20,19
6,19,17
19,6,5
6,17,16
17,19,18
6,16,7
11,15,12
11,8,15
8,7,16
14,13,12
14,12,15
16,15,8
