# Ukraine region 0
830 827
# Outer Vertices
23.592085,51.528278
23.646099,51.520802
23.608601,51.608101
23.666700,51.640598
23.753599,51.652500
23.896700,51.635799
23.953899,51.584999
24.043100,51.610298
24.279400,51.737801
24.313299,51.822498
24.396700,51.886700
24.885300,51.899399
25.179399,51.959702
25.244200,51.959400
25.361099,51.926899
25.546976,51.923237
25.695801,51.922798
25.775801,51.939201
25.976700,51.912201
26.092199,51.917500
26.180799,51.861401
26.436899,51.856899
26.439199,51.820599
26.457199,51.812801
26.649700,51.820301
26.933300,51.749699
27.029200,51.769402
27.179701,51.762798
27.206699,51.743099
27.200001,51.670300
27.298901,51.654400
27.279400,51.597801
27.445601,51.601101
27.471701,51.629398
27.512501,51.630299
27.719700,51.592499
27.724701,51.564400
27.671101,51.506699
27.746901,51.465599
27.817499,51.530602
27.811701,51.588600
27.851400,51.620300
27.884701,51.619999
27.975300,51.567799
28.088100,51.564999
28.135000,51.580299
28.188601,51.643101
28.258600,51.661098
28.260799,51.617802
28.336100,51.576900
28.359200,51.530602
28.475599,51.579700
28.627199,51.566399
28.660601,51.451900
28.683599,51.438599
28.719200,51.452202
28.730301,51.420799
28.752501,51.411098
28.764999,51.416901
28.766100,51.484699
28.845301,51.554199
28.928900,51.576698
28.995300,51.574699
29.028299,51.595798
29.040001,51.624699
29.083300,51.638302
29.186100,51.612202
29.205000,51.568298
29.243299,51.537800
29.250799,51.504700
29.236099,51.466400
29.281900,51.443298
29.313101,51.384998
29.353901,51.375000
29.409700,51.402802
29.483101,51.390301
29.523899,51.453602
29.594400,51.453098
29.621700,51.490002
29.669701,51.498901
29.717800,51.494400
29.759199,51.441101
29.851400,51.436100
29.895800,51.469398
29.933901,51.457199
29.983299,51.486401
30.176399,51.491901
30.348101,51.405300
30.350300,51.358299
30.334999,51.345001
30.383900,51.307201
30.459999,51.296902
30.479700,51.270000
30.549400,51.252800
30.571699,51.273300
30.570801,51.301899
30.644199,51.332802
30.631901,51.355301
30.643600,51.370800
30.619699,51.416100
30.581699,51.430302
30.588600,51.454201
30.615601,51.458302
30.565800,51.515800
30.582199,51.536701
30.530300,51.551102
30.522200,51.566898
30.542801,51.577202
30.517500,51.597801
30.556700,51.625000
30.573900,51.697498
30.628300,51.711399
30.645599,51.748600
30.617500,51.764198
30.656900,51.774399
30.670000,51.796398
30.662201,51.823898
30.746901,51.895302
30.796400,51.902802
30.800800,51.944401
30.882200,51.965599
30.897800,51.997799
30.971701,52.006401
30.966900,52.025002
30.931400,52.033298
30.943899,52.049198
30.935801,52.063900
30.963100,52.081100
31.161699,52.083302
31.251699,52.045601
31.279699,52.054699
31.301100,52.091099
31.361900,52.116699
31.783899,52.108101
31.897800,52.096100
31.904200,52.053902
31.926399,52.036701
32.018600,52.057201
32.124401,52.043900
32.224998,52.079399
32.299198,52.109402
32.335602,52.157200
32.340599,52.221401
32.386398,52.254700
32.358299,52.310001
32.394199,52.335300
32.502800,52.314201
32.552502,52.320000
32.731701,52.261398
32.860001,52.270302
32.923599,52.247200
33.055599,52.313099
33.095798,52.310001
33.204700,52.379700
33.336399,52.356899
33.396702,52.366100
33.448898,52.343601
33.497799,52.366699
33.527199,52.347500
33.512199,52.311100
33.535301,52.293301
33.696400,52.361698
33.841702,52.343300
33.863899,52.316700
33.923599,52.294201
33.968300,52.230801
34.056702,52.201401
34.097801,52.151901
34.075802,52.116901
34.073101,52.060299
34.128101,51.989700
34.109402,51.959702
34.169399,51.959999
34.248100,51.906700
34.257801,51.879398
34.302799,51.887199
34.334999,51.857800
34.383999,51.843307
34.440601,51.767200
34.433300,51.732800
34.390800,51.715000
34.114700,51.680801
34.099201,51.666100
34.104198,51.644699
34.159698,51.628601
34.174400,51.588299
34.234200,51.546700
34.239201,51.427799
34.203602,51.406700
34.239201,51.379398
34.298599,51.368900
34.314400,51.347198
34.279701,51.291901
34.209702,51.259399
34.305302,51.230801
34.382198,51.263599
34.537498,51.234200
34.633598,51.242199
34.669998,51.179401
34.735001,51.172501
34.917801,51.197201
34.958099,51.222198
35.026901,51.207199
35.073898,51.221401
35.120602,51.201698
35.121899,51.144699
35.170799,51.054699
35.301899,51.060600
35.374699,51.038601
35.358601,51.010799
35.297199,50.999699
35.305801,50.959400
35.305599,50.944401
35.361401,50.926102
35.360600,50.872200
35.397499,50.845001
35.397800,50.803101
35.456699,50.772800
35.458302,50.694199
35.488602,50.675800
35.393600,50.638100
35.436401,50.521400
35.467201,50.480301
35.567200,50.453098
35.589199,50.377800
35.687500,50.346699
35.728901,50.353298
35.739201,50.383301
35.794201,50.394199
35.850300,50.428600
36.007801,50.439201
36.139198,50.425301
36.160599,50.400299
36.188301,50.401100
36.205299,50.366100
36.297501,50.284401
36.360600,50.289398
36.412800,50.321701
36.512798,50.281101
36.563301,50.276402
36.546700,50.246700
36.555599,50.227200
36.630001,50.212200
36.650002,50.214699
36.701099,50.266899
36.790798,50.303600
36.973301,50.348900
37.052799,50.336899
37.130600,50.348301
37.239700,50.376900
37.315800,50.428101
37.458599,50.439701
37.463100,50.400002
37.494400,50.351398
37.623600,50.305302
37.605301,50.216702
37.704700,50.133598
37.733101,50.087799
37.925301,50.024700
38.013599,49.934399
38.009701,49.903900
38.024200,49.903301
38.103600,49.938599
38.149200,49.928101
38.185299,49.951099
38.196400,49.989399
38.184200,50.065601
38.314201,50.073101
38.337200,50.059200
38.376099,49.987499
38.454201,49.984200
38.498901,49.951900
38.595299,49.965801
38.642502,49.956902
38.686699,49.978901
38.696098,49.927502
38.759201,49.887199
38.889198,49.868099
38.945301,49.807499
39.069199,49.817799
39.145000,49.876099
39.192799,49.877800
39.273602,49.751900
39.365299,49.733101
39.464199,49.758301
39.520599,49.734402
39.580799,49.730801
39.639702,49.615601
39.761101,49.584702
39.821701,49.549400
39.939201,49.571701
40.005001,49.614399
40.134914,49.604839
40.147800,49.568901
40.070000,49.522800
40.053101,49.478298
40.088902,49.424702
40.170799,49.355000
40.179699,49.326900
40.160599,49.283600
40.166901,49.248600
40.119202,49.231701
40.081902,49.183899
39.966400,49.123901
39.940601,49.093899
39.938900,49.055000
39.703300,49.035301
39.694401,48.973099
39.746101,48.944199
39.767200,48.903900
39.923599,48.887501
39.970600,48.860001
40.041901,48.895802
40.070599,48.883900
40.076698,48.864201
40.039700,48.820301
39.975800,48.789398
39.850300,48.822498
39.803902,48.817799
39.757198,48.766399
39.727200,48.762199
39.702202,48.714199
39.701698,48.676899
39.656898,48.616699
39.669998,48.588100
39.798901,48.583099
39.850800,48.557499
39.866901,48.500301
39.838299,48.483898
39.888302,48.443100
39.921398,48.367500
39.893600,48.337799
39.835800,48.315300
39.912800,48.277802
39.998901,48.297199
40.010300,48.259201
39.992500,48.235001
39.932800,48.213299
39.886398,48.140800
39.848301,48.113098
39.868599,48.040798
39.776100,48.026402
39.820000,47.969700
39.796101,47.916698
39.805801,47.872501
39.768101,47.831402
39.723900,47.818298
39.599201,47.839401
39.411701,47.829700
39.345299,47.853100
39.136398,47.833900
39.040871,47.866608
38.897202,47.868301
38.838299,47.852798
38.782501,47.768101
38.750599,47.683899
38.691399,47.694199
38.605801,47.638100
38.448898,47.628300
38.339401,47.601398
38.280800,47.506100
38.285599,47.396099
38.208099,47.319199
38.227798,47.296902
38.307800,47.299999
38.319199,47.278301
38.313099,47.255798
38.216099,47.194698
38.245617,47.090427
38.136101,47.059429
38.074429,47.094711
38.031940,47.080269
37.538879,47.078602
37.323879,46.871658
37.316662,46.903881
37.205269,46.928600
36.903881,46.814991
36.774151,46.640270
36.802490,46.718040
36.746929,46.763050
36.613602,46.775269
36.357769,46.697769
36.268040,46.603870
36.208881,46.662769
36.067490,46.670269
35.805820,46.616100
35.646381,46.499439
35.487209,46.444439
35.283329,46.256100
35.170818,46.133881
35.001659,46.072491
34.987770,46.093880
35.191101,46.174992
35.257771,46.246658
35.307491,46.331661
35.264431,46.354988
35.283871,46.434158
35.193321,46.479988
35.168598,46.487492
35.210819,46.393318
35.113041,46.294991
34.927490,46.226650
34.896931,46.255260
34.811100,46.176929
34.826649,46.103600
34.949429,45.797489
35.176102,45.524990
35.386662,45.336651
35.517490,45.288319
35.721100,45.338039
35.819988,45.466648
35.863602,45.457489
35.856659,45.409161
35.946930,45.365261
36.021648,45.361931
36.139709,45.460541
36.305538,45.466930
36.304440,45.436649
36.598598,45.423599
36.637211,45.376099
36.625542,45.333599
36.489429,45.338039
36.428600,45.259159
36.451382,45.070541
36.365822,45.039989
36.029709,45.036930
35.991100,44.995270
35.834709,44.991100
35.785820,45.053051
35.636379,45.112492
35.523880,45.118320
35.418320,45.068050
35.394161,45.026371
35.431381,44.998878
35.361931,44.985821
35.363041,44.941929
35.319439,44.964161
35.151100,44.893040
35.100819,44.802761
35.066929,44.786930
34.954430,44.838329
34.534710,44.750271
34.435551,44.699162
34.331928,44.543598
34.267769,44.542210
34.239990,44.495819
34.006939,44.395260
33.846931,44.398041
33.453602,44.515820
33.368320,44.589161
33.568321,44.614429
33.513882,44.640820
33.548321,44.700260
33.519428,44.779148
33.544991,44.832489
33.608601,44.869160
33.610538,44.969440
33.550541,45.104988
33.387211,45.186649
33.299709,45.163319
32.932209,45.343601
32.813599,45.358318
32.643879,45.310261
32.501099,45.347210
32.491379,45.418880
32.573879,45.482491
32.825260,45.558880
32.834431,45.604988
33.151371,45.732491
33.258598,45.747761
33.436939,45.835541
33.692211,45.860821
33.689991,45.907490
33.751381,45.918598
33.744991,45.945271
33.621929,45.944149
33.639431,46.106098
33.582760,46.157211
33.494991,46.043320
33.321930,46.119991
33.269161,46.141651
33.214989,46.127769
33.209438,46.193050
33.112492,46.129711
33.028320,46.163879
33.031101,46.131378
32.866650,46.121929
32.509430,46.074989
32.263050,46.127209
32.243320,46.173038
31.882219,46.314430
31.890551,46.279709
31.801661,46.279991
31.759439,46.310822
31.777220,46.325260
31.984159,46.352772
32.059158,46.395821
32.003880,46.451099
31.809719,46.484989
31.703329,46.489712
31.680269,46.430820
31.510830,46.581379
31.842489,46.528881
32.356659,46.458881
32.422489,46.490261
32.421650,46.536930
32.551380,46.594711
32.325829,46.556099
32.236660,46.603039
32.139149,46.559158
31.989441,46.658039
31.936380,46.805538
31.985550,46.853600
32.008598,46.932770
31.932220,46.949162
31.978050,47.009991
31.867769,47.021381
31.889160,47.108601
31.748329,47.222759
31.871670,47.081100
31.836380,47.016380
31.858330,46.991379
31.944160,46.997490
31.900551,46.949989
31.904720,46.924709
31.974440,46.919159
31.939720,46.851650
31.882500,46.829151
31.863609,46.785549
31.908880,46.728600
31.900829,46.644161
31.809160,46.615551
31.621380,46.650269
31.557220,46.610271
31.474991,46.644711
31.591940,46.783871
31.601379,46.825260
31.515829,46.739159
31.469440,46.763321
31.506380,46.720539
31.461941,46.662491
31.334999,46.601101
31.189440,46.624981
30.796101,46.552490
30.748051,46.505550
30.793051,46.439991
30.688881,46.316929
30.668880,46.271381
30.444719,46.048038
30.414000,46.025059
30.331940,45.997761
30.313169,45.949440
30.138420,45.817371
30.128330,45.857769
30.089991,45.809990
30.018330,45.838329
29.964720,45.835541
29.957769,45.782490
29.934441,45.723320
29.889999,45.764431
29.804440,45.736931
29.797489,45.711929
29.863609,45.669159
29.735680,45.609589
29.679440,45.698040
29.697220,45.781651
29.637211,45.822769
29.649170,45.782490
29.596939,45.687771
29.595270,45.552212
29.659910,45.534969
29.600830,45.474991
29.641939,45.436649
29.734440,45.471661
29.755280,45.442490
29.730551,45.224709
29.661770,45.210239
29.670830,45.287491
29.636940,45.350269
29.561939,45.395260
29.314159,45.437759
29.004440,45.321098
28.784439,45.320820
28.756941,45.265541
28.799721,45.237759
28.748600,45.224979
28.558611,45.246090
28.316660,45.337490
28.276100,45.433319
28.212019,45.448200
28.238100,45.503300
28.283899,45.525299
28.477501,45.506401
28.522800,45.517799
28.530300,45.543598
28.511400,45.569199
28.556101,45.586700
28.533600,45.607201
28.528299,45.644699
28.489401,45.665001
28.526899,45.714199
28.582500,45.719700
28.583599,45.763100
28.675301,45.775299
28.694700,45.794399
28.688900,45.818901
28.754700,45.838600
28.768900,45.866901
28.747801,45.929199
28.755800,45.959999
28.971901,46.006699
28.980600,46.029701
28.957199,46.105598
29.041100,46.193901
28.949400,46.270802
28.965000,46.311901
28.932199,46.428299
29.034700,46.495300
29.205000,46.541401
29.219400,46.532799
29.228300,46.484699
29.226400,46.416901
29.200800,46.381401
29.224199,46.365299
29.263901,46.398602
29.306700,46.402199
29.300800,46.445000
29.323900,46.476398
29.347500,46.476398
29.393101,46.416100
29.396099,46.438099
29.483601,46.492199
29.507500,46.481098
29.499701,46.432201
29.576099,46.419998
29.590799,46.383301
29.626699,46.369202
29.672800,46.391399
29.663300,46.428600
29.733101,46.439400
29.733299,46.478100
29.801701,46.425598
29.830299,46.388100
29.827200,46.361698
29.848301,46.348301
29.884701,46.351101
29.930000,46.383598
30.103901,46.381901
30.134199,46.415600
30.073099,46.422798
30.006901,46.456699
30.018600,46.469700
29.998899,46.496101
29.970600,46.488098
29.928600,46.505299
29.898600,46.529999
29.895800,46.551102
29.968901,46.575298
29.948299,46.636902
29.972799,46.734402
29.946400,46.789200
29.950001,46.814201
29.908899,46.814201
29.868900,46.861401
29.761400,46.866402
29.715300,46.911701
29.575600,46.943100
29.593300,47.025299
29.623600,47.046101
29.613600,47.084400
29.569700,47.098598
29.539400,47.066898
29.496901,47.118301
29.571400,47.140800
29.556700,47.233101
29.599199,47.263302
29.584999,47.319698
29.559401,47.342800
29.505800,47.346401
29.475000,47.292198
29.405600,47.294998
29.379400,47.321899
29.380301,47.357800
29.354401,47.380001
29.322800,47.378601
29.307800,47.414398
29.262501,47.431900
29.252501,47.455299
29.186701,47.439999
29.131399,47.544201
29.166700,47.586700
29.205601,47.632198
29.208099,47.718102
29.258101,47.764400
29.249201,47.779999
29.195000,47.793098
29.194201,47.808899
29.257500,47.874699
29.193600,47.895000
29.178101,47.951900
29.141899,47.986099
29.080601,47.982800
29.050800,47.939400
29.003599,47.933102
28.956100,47.950001
28.878300,48.009998
28.851700,48.031898
28.853901,48.055599
28.827499,48.078899
28.833099,48.101700
28.815599,48.121399
28.642500,48.153599
28.551399,48.160599
28.477501,48.118301
28.460800,48.071400
28.421700,48.118599
28.438101,48.138302
28.418600,48.169399
28.388599,48.163898
28.345600,48.126900
28.312799,48.139400
28.370600,48.196098
28.356701,48.241100
28.295000,48.238098
28.222500,48.205299
28.187201,48.215599
28.181900,48.249699
28.165600,48.257500
28.128099,48.231701
28.094400,48.229401
28.081900,48.243301
28.096701,48.288601
28.085600,48.307499
27.963100,48.325001
27.904110,48.354271
27.870001,48.398300
27.770800,48.447800
27.653299,48.441700
27.607201,48.454399
27.599701,48.486698
27.520800,48.465000
27.418900,48.416698
27.392200,48.438900
27.343100,48.442799
27.270300,48.378899
27.233900,48.367802
27.053600,48.406898
27.049400,48.365002
26.968901,48.358601
26.853901,48.404999
26.835800,48.378899
26.791401,48.381699
26.810801,48.321899
26.803301,48.297199
26.750601,48.299400
26.703100,48.344700
26.688299,48.311699
26.648899,48.298100
26.635000,48.240871
26.316380,48.186371
26.272221,48.076099
26.159161,47.984989
26.011101,47.979420
25.468330,47.929710
25.230270,47.881371
25.123880,47.763882
25.029720,47.728870
24.897490,47.716091
24.816389,47.813042
24.676100,47.860271
24.660271,47.906368
24.531111,47.952770
24.238050,47.903309
24.168591,47.923340
24.131109,47.910809
23.975550,47.960541
23.874161,47.928600
23.641380,47.992760
23.544991,48.008430
23.480551,47.977482
23.174160,48.108601
23.123880,48.088322
23.091101,48.015820
23.034161,47.989979
22.934160,48.008881
22.937220,47.964989
22.894859,47.953300
22.865271,48.010540
22.886940,48.036652
22.840950,48.086769
22.744160,48.114712
22.620461,48.101810
22.507771,48.245258
22.383329,48.244148
22.315830,48.321098
22.319441,48.361660
22.260269,48.360821
22.271379,48.404148
22.151449,48.412060
22.157221,48.576649
22.326389,48.683868
22.465269,48.975540
22.547489,49.032200
22.558001,49.079418
22.598049,49.091091
22.674160,49.044151
22.828329,49.025822
22.882610,49.006351
22.821659,49.116100
22.700270,49.165531
22.725550,49.219978
22.759991,49.281929
22.656099,49.519711
22.680830,49.572491
22.974710,49.834980
23.283331,50.081379
23.630831,50.308880
23.707769,50.380539
23.991659,50.407200
24.132771,50.544430
24.108330,50.629978
23.954720,50.787209
23.995819,50.831100
24.130550,50.834980
24.144711,50.858040
23.973049,50.944149
23.749439,51.207489
23.632219,51.307758
23.671379,51.431660
23.592085,51.528278
# Triangles
588,587,592
589,588,590
588,591,590
591,588,592
587,586,592
582,593,586
596,593,582
595,594,596
596,594,593
596,582,603
593,592,586
599,598,600
600,598,601
768,767,766
768,766,765
596,601,598
602,601,603
598,597,596
604,606,605
596,603,601
603,582,604
583,586,585
584,583,585
581,606,582
582,606,604
607,609,608
610,607,606
609,607,610
582,586,583
566,613,611
623,613,566
615,613,622
613,615,614
612,611,613
610,566,611
580,610,606
615,617,616
615,622,617
690,689,687
691,690,687
617,622,620
621,620,622
617,620,618
689,688,687
691,693,692
618,620,619
613,623,622
580,606,581
775,774,773
777,776,775
786,785,784
773,771,775
770,769,768
768,765,764
770,768,764
772,771,773
764,771,770
818,771,764
771,818,775
807,777,775
787,784,788
787,786,784
789,788,781
807,790,789
791,790,792
788,784,781
782,781,783
807,780,778
779,778,780
781,780,789
807,778,777
783,781,784
780,807,789
763,818,764
701,704,703
705,704,701
762,761,760
701,703,702
696,695,694
705,701,707
697,699,698
93,700,699
697,696,694
709,701,700
716,715,713
721,720,719
715,714,713
707,706,705
708,707,709
716,713,712
710,709,700
711,710,73
707,701,709
760,759,762
700,75,710
763,762,759
579,578,572
572,578,574
579,572,571
580,571,569
571,580,579
570,569,571
568,580,569
576,575,577
577,575,574
578,577,574
563,561,564
574,573,572
625,624,623
610,568,566
623,566,629
635,629,566
623,629,625
633,629,635
634,633,635
628,625,629
561,565,564
637,636,643
566,636,635
639,638,637
644,636,566
556,566,565
567,566,568
610,580,568
562,561,563
559,558,557
559,557,556
559,556,565
559,565,560
645,555,553
553,555,554
551,550,553
553,552,551
556,555,645
550,647,553
556,644,566
643,636,644
644,556,645
642,641,643
645,647,646
643,639,637
550,548,647
648,548,547
648,546,544
648,647,548
547,546,648
649,648,651
647,645,553
548,550,549
641,639,643
560,565,561
627,626,628
626,625,628
630,633,631
672,671,670
673,672,670
669,673,670
632,631,633
630,629,633
693,685,678
686,685,687
693,697,694
691,685,693
677,697,693
691,687,685
683,685,684
682,681,680
682,680,679
683,682,678
677,693,678
682,679,678
678,685,683
697,677,676
674,673,675
639,641,640
655,654,656
656,654,657
654,653,657
649,651,650
544,659,648
653,652,657
659,657,648
657,652,648
652,651,648
518,661,543
659,544,543
666,668,667
665,668,666
669,668,663
673,669,675
663,675,669
661,676,675
665,663,668
659,658,657
660,659,661
664,663,665
662,661,663
663,661,675
659,543,661
518,676,661
676,518,697
546,545,544
699,697,93
697,518,93
795,794,793
796,795,797
798,797,799
800,799,797
797,795,800
795,792,800
792,795,793
800,792,807
801,800,805
806,800,807
805,800,806
807,775,815
803,802,804
805,802,801
804,802,805
813,812,811
809,808,810
810,808,811
814,813,811
811,808,814
808,807,814
815,814,807
775,816,815
792,790,807
759,758,757
759,757,755
751,755,754
756,755,757
763,819,818
753,752,754
747,746,748
744,743,745
751,754,752
750,749,751
748,746,749
31,749,746
23,755,751
817,816,818
749,23,751
746,743,31
745,743,746
755,819,759
740,742,741
739,743,740
737,739,738
739,737,736
38,743,739
740,743,742
38,739,736
818,816,775
763,759,819
827,826,828
828,826,6
1,829,828
828,4,1
6,5,828
826,825,6
820,819,824
821,820,822
824,823,820
822,820,823
6,825,7
819,14,824
7,825,824
5,4,828
4,3,1
3,2,1
824,8,7
8,10,9
8,11,10
13,12,14
8,824,11
12,11,14
11,824,14
819,15,14
819,16,15
32,31,37
33,32,34
30,29,31
32,37,34
31,29,25
38,37,31
43,39,38
36,35,37
41,40,39
41,39,42
37,35,34
20,755,23
19,18,20
20,18,16
21,20,22
18,17,16
819,20,16
25,29,26
29,28,27
29,27,26
23,22,20
24,23,25
25,23,31
20,819,755
749,31,23
743,38,31
57,38,736
729,728,730
730,728,731
727,726,723
731,728,727
725,724,726
721,719,718
717,712,722
718,717,721
724,723,726
722,721,717
727,723,732
722,73,57
732,723,722
57,735,732
733,732,735
734,733,735
50,38,54
50,54,53
731,727,732
57,56,54
72,70,58
54,56,55
72,71,70
732,722,57
54,38,57
57,72,58
70,62,58
722,712,711
700,90,75
92,91,90
73,72,57
90,89,82
89,88,87
73,722,711
710,75,73
94,93,96
122,98,129
96,98,97
95,94,96
700,93,92
90,700,92
75,74,73
75,90,82
81,75,82
75,77,76
77,75,81
81,79,77
100,99,102
84,83,82
102,101,100
87,86,89
99,98,102
84,82,89
89,86,84
98,118,102
93,518,96
53,52,51
38,50,44
60,59,58
38,44,43
50,45,44
53,51,50
80,79,81
77,79,78
68,67,69
62,61,58
70,69,67
63,70,67
50,48,45
48,50,49
45,48,46
47,46,48
64,63,65
65,63,67
70,63,62
66,65,67
60,58,61
42,39,43
106,105,107
108,107,109
109,107,104
105,104,107
111,109,104
103,102,104
109,111,110
112,114,113
115,114,112
112,111,118
111,104,102
116,115,117
117,115,118
118,120,119
122,120,118
115,112,118
122,121,120
127,123,128
125,127,126
127,125,123
124,123,125
123,122,128
118,111,102
122,118,98
85,84,86
129,98,96
736,735,57
712,717,716
465,463,462
465,462,461
463,465,464
465,461,466
461,460,466
468,459,469
466,468,467
468,466,460
468,460,459
459,458,469
489,488,487
503,489,487
490,489,495
487,486,504
486,484,506
486,485,484
483,482,484
482,480,479
481,480,482
479,477,482
482,506,484
469,458,470
450,448,447
451,450,452
453,452,454
452,455,454
455,452,450
446,455,447
444,446,445
444,443,442
444,442,456
446,444,455
447,455,450
457,442,441
455,444,456
470,458,471
478,477,479
456,442,457
458,457,471
472,471,473
457,441,471
476,475,474
474,403,476
403,474,473
476,403,477
471,441,473
404,403,473
482,477,506
473,441,405
450,449,448
477,398,506
502,499,498
542,541,538
534,533,532
501,500,499
493,492,494
490,495,494
502,501,499
497,502,498
528,531,529
490,494,492
538,540,539
537,536,538
536,535,528
538,536,518
540,538,541
536,527,521
528,532,531
536,521,520
518,520,519
518,536,520
528,527,536
535,532,528
534,532,535
538,518,542
518,138,96
492,491,490
495,489,496
503,497,496
502,497,503
529,531,530
504,503,487
505,504,506
509,508,510
507,506,508
510,508,512
504,486,506
513,508,506
527,526,524
524,523,521
515,517,516
521,523,522
521,527,524
525,524,526
515,514,513
515,513,506
512,508,513
510,512,511
517,515,506
517,506,222
503,496,489
193,518,517
403,402,477
440,439,438
405,440,406
391,390,389
437,440,438
405,404,473
436,435,434
437,436,407
437,407,406
436,434,432
431,436,432
431,407,436
432,434,433
437,406,440
389,392,391
392,389,388
402,401,400
398,402,400
393,388,394
388,393,392
387,394,388
400,399,398
396,395,394
397,396,387
394,387,396
405,441,440
408,430,429
430,408,431
409,408,429
409,429,428
426,425,428
413,428,425
425,424,414
422,424,423
422,414,424
428,427,426
409,413,412
409,428,413
409,412,410
411,410,412
414,422,417
413,425,414
418,420,419
421,420,418
415,417,416
417,415,414
417,421,418
421,417,422
408,407,431
397,387,386
398,397,385
385,397,386
384,383,381
225,398,385
382,381,383
385,384,225
378,377,376
380,379,376
376,379,378
380,376,375
381,380,384
380,235,384
372,375,374
362,372,371
372,374,373
362,371,370
369,367,370
372,242,375
364,363,366
368,367,369
367,366,363
367,363,362
362,360,372
360,362,361
367,362,370
375,242,380
359,372,360
365,364,366
358,357,356
353,359,358
356,353,358
355,354,356
343,346,345
347,346,343
341,348,347
354,353,356
351,350,349
349,324,351
323,352,351
349,348,341
341,343,342
349,341,332
343,341,347
278,353,352
340,339,341
332,339,338
333,338,337
339,332,341
345,344,343
359,353,261
359,260,372
506,398,222
402,398,477
333,337,336
194,198,196
198,194,221
196,198,197
194,196,195
193,517,194
200,206,205
206,200,199
200,205,202
202,201,200
203,202,205
205,204,203
198,220,199
185,183,188
183,185,184
185,188,186
183,182,150
182,181,171
188,183,193
192,191,190
192,190,189
188,187,186
189,188,193
193,192,189
181,180,174
193,183,150
222,224,223
194,517,222
220,206,199
220,219,218
222,221,194
226,225,235
227,226,228
229,228,230
234,230,228
230,232,231
234,228,226
398,225,224
211,206,212
206,211,210
210,207,206
207,210,209
207,209,208
206,220,212
216,218,217
220,216,214
214,213,212
214,216,215
214,212,220
220,218,216
220,198,221
193,138,518
122,129,128
133,130,136
130,132,131
132,130,133
129,96,130
136,135,133
138,136,96
137,136,138
140,193,150
139,193,140
135,134,133
96,136,130
141,143,142
143,141,146
143,145,144
145,143,146
141,147,146
148,150,149
148,141,140
153,152,154
150,152,151
150,160,152
148,147,141
140,150,148
138,193,139
172,171,174
171,170,169
168,167,166
169,168,165
171,169,160
180,178,177
177,176,180
174,173,172
176,175,174
180,176,174
174,171,181
182,160,150
157,156,159
159,156,154
157,159,158
156,155,154
159,154,160
169,165,160
165,168,166
160,165,163
162,161,163
163,161,160
165,164,163
152,160,154
160,182,171
179,178,180
224,222,398
323,278,352
325,324,328
321,320,307
322,321,323
323,321,307
332,324,349
329,331,330
332,331,329
328,326,325
326,328,327
328,332,329
332,328,324
351,324,323
307,306,282
283,306,287
287,306,288
287,285,283
285,287,286
283,285,284
307,278,323
318,317,309
318,309,320
306,289,288
306,303,289
307,309,308
309,317,310
307,320,309
318,320,319
283,282,306
317,311,310
317,316,311
295,289,303
304,306,305
303,306,304
312,311,315
312,315,314
314,313,312
315,311,316
336,334,333
303,296,295
290,289,295
296,302,301
290,294,291
294,290,295
291,294,292
303,302,296
301,300,299
299,297,296
294,293,292
298,297,299
301,299,296
336,335,334
241,240,238
240,239,238
241,236,235
236,241,238
237,236,238
384,235,225
257,243,260
243,242,372
255,257,256
244,243,245
248,257,255
247,245,243
247,243,257
242,241,380
245,247,246
232,234,233
232,230,234
253,249,255
248,247,257
255,249,248
249,253,250
252,251,250
253,252,250
253,255,254
234,226,235
359,261,260
261,353,263
263,353,276
263,262,261
276,271,263
275,271,276
260,259,258
279,278,282
276,353,278
280,279,282
282,281,280
278,277,276
307,282,278
267,265,268
266,265,267
265,264,269
275,272,271
272,275,273
269,268,265
269,271,270
273,275,274
269,264,263
271,269,263
260,258,257
372,260,243
380,241,235
333,332,338
518,543,542
