# Zimbabwe region 0
145 142
# Outer Vertices
28.759760,-16.537670
28.761909,-16.534401
28.850550,-16.399731
28.858330,-16.062500
28.927219,-15.972220
29.138050,-15.860000
29.319160,-15.748610
29.831381,-15.616110
30.378050,-15.650560
30.413879,-15.633610
30.422770,-16.009171
30.928600,-16.002230
30.984711,-16.059170
31.058050,-16.023060
31.300831,-16.028620
31.423880,-16.161110
31.760550,-16.240000
31.908051,-16.418329
32.062759,-16.449169
32.240261,-16.438890
32.655258,-16.581390
32.708321,-16.607780
32.707760,-16.684170
32.768501,-16.717819
32.982201,-16.708611
32.943871,-16.832781
32.842480,-16.931110
32.968319,-17.147499
33.044922,-17.346260
32.960270,-17.520840
33.043320,-17.613890
33.018589,-17.723339
32.966091,-17.842230
32.974701,-17.923611
32.946091,-17.975000
32.975811,-18.101391
33.001099,-18.183331
32.966648,-18.235840
33.073040,-18.348890
33.001438,-18.405029
33.013599,-18.466949
32.888321,-18.530560
32.949711,-18.690281
32.928040,-18.767229
32.899990,-18.791109
32.817211,-18.779169
32.701099,-18.836950
32.720261,-18.882780
32.699150,-18.944450
32.716091,-19.021950
32.845261,-19.037230
32.852211,-19.286671
32.784710,-19.366390
32.783039,-19.467779
32.850540,-19.493891
32.845539,-19.684999
32.912762,-19.692499
32.953602,-19.648609
32.978588,-19.664169
32.975811,-19.736670
33.059429,-19.780279
33.039150,-19.813890
33.026649,-20.031120
32.953041,-20.036390
32.901089,-20.134729
32.665821,-20.557230
32.550819,-20.555000
32.502209,-20.598610
32.483601,-20.661671
32.521370,-20.914169
32.360271,-21.135839
32.492168,-21.346460
32.410259,-21.311119
31.393330,-22.354170
31.297630,-22.416140
31.155830,-22.321671
30.866940,-22.296120
30.294991,-22.343340
30.231100,-22.292231
30.133051,-22.300560
29.767490,-22.136110
29.450821,-22.163340
29.370529,-22.191380
29.258150,-22.066521
29.156660,-22.076950
29.073879,-22.037781
29.037220,-21.974171
29.037769,-21.894730
29.083340,-21.825121
29.080830,-21.820841
28.568050,-21.631109
28.491940,-21.660830
28.357220,-21.603060
28.202770,-21.596670
28.012770,-21.561951
27.908600,-21.313890
27.739429,-21.145559
27.685270,-21.063620
27.719440,-20.811951
27.700821,-20.606670
27.724710,-20.567499
27.713970,-20.509859
27.357220,-20.465000
27.287491,-20.494720
27.297211,-20.302509
27.219990,-20.091669
27.026661,-20.000280
26.969709,-20.009729
26.610821,-19.854450
26.588600,-19.799170
26.441099,-19.731110
26.404440,-19.675831
26.325821,-19.654449
26.348049,-19.597231
26.191940,-19.544729
25.961941,-19.100281
25.973320,-18.945560
25.808331,-18.776951
25.797489,-18.681669
25.659439,-18.531120
25.393330,-18.122511
25.309160,-18.065840
25.236660,-17.894449
25.265751,-17.797661
25.391939,-17.850840
25.599720,-17.841391
25.719990,-17.836390
25.854160,-17.908621
25.859711,-17.973339
25.971661,-18.006390
26.214991,-17.884171
26.314720,-17.935841
26.462770,-17.968611
26.689159,-18.075279
27.020769,-17.964180
27.031410,-17.955450
27.122431,-17.880760
27.146219,-17.845280
27.145821,-17.804449
27.619160,-17.337231
27.638880,-17.224720
27.825270,-16.959169
28.138599,-16.823620
28.259991,-16.724171
28.759760,-16.537670
# Triangles
104,103,102
104,101,105
98,97,96
102,101,104
99,98,100
136,105,101
113,112,111
115,114,113
115,113,116
107,109,108
109,107,106
111,110,109
113,109,133
113,111,109
109,106,134
106,105,134
84,87,86
84,88,87
86,85,84
82,81,83
83,81,80
83,80,88
84,83,88
88,80,89
98,90,100
92,98,95
95,98,96
95,94,93
92,91,90
90,98,92
93,92,95
101,90,89
0,101,48
100,90,101
101,89,48
120,119,128
124,121,120
119,118,129
116,132,118
128,119,129
131,129,118
116,133,132
113,133,116
118,117,116
125,120,128
122,124,123
124,120,125
122,121,124
130,129,131
126,125,128
127,126,128
132,131,118
109,134,133
135,134,105
136,101,137
139,141,140
141,139,142
139,0,142
138,137,139
101,139,137
0,143,142
2,10,6
10,2,1
3,2,4
2,6,5
4,2,5
10,7,6
0,139,101
135,105,136
1,0,10
67,89,80
80,76,68
76,78,77
76,80,78
74,73,75
75,73,70
72,71,70
76,75,70
70,73,72
70,69,68
48,89,67
80,68,67
53,67,66
46,48,47
48,67,49
48,46,0
66,65,64
49,67,53
76,70,68
0,46,10
64,63,55
59,56,55
55,63,59
55,53,66
61,59,63
60,59,61
59,58,56
61,63,62
57,56,58
49,52,51
52,49,53
54,53,55
49,51,50
45,44,43
55,66,64
46,45,41
19,22,20
18,22,19
17,29,18
34,17,46
26,22,18
23,22,26
22,21,20
26,25,23
29,26,18
12,46,17
11,10,12
9,8,10
8,7,10
10,46,12
15,13,12
13,15,14
17,15,12
17,16,15
34,46,41
34,37,35
34,41,37
39,37,41
17,34,32
39,41,40
35,37,36
37,39,38
27,29,28
26,29,27
29,32,31
17,32,29
30,29,31
32,34,33
25,24,23
42,41,45
43,42,45
78,80,79
