# Martinique region 0
21 18
# Outer Vertices
-60.855282,14.403050
-60.884731,14.426390
-60.857510,14.458890
-61.021671,14.474440
-61.057499,14.457780
-61.102501,14.513050
-61.045280,14.558890
-60.996948,14.547500
-61.017231,14.608610
-61.091671,14.600550
-61.229450,14.805000
-61.198620,14.858890
-61.165001,14.880280
-60.976959,14.780280
-60.936390,14.762780
-60.878059,14.773330
-60.940830,14.740830
-60.871948,14.602220
-60.829731,14.540280
-60.810009,14.463330
-60.855282,14.403050
# Triangles
5,4,3
6,3,7
3,6,5
11,10,12
9,13,10
10,13,12
13,9,8
7,17,8
2,18,7
2,1,20
19,18,2
19,2,20
7,18,17
13,16,14
8,16,13
16,15,14
17,16,8
2,7,3
