# Kyrgyzstan region 0
403 400
# Outer Vertices
70.969398,42.252800
70.906898,42.266899
70.873299,42.313099
70.962502,42.388302
70.955002,42.427502
70.996399,42.486698
71.060600,42.460800
71.089699,42.480801
71.033897,42.534698
71.031097,42.573601
71.167198,42.604198
71.166901,42.686901
71.227501,42.706699
71.275299,42.759201
71.352798,42.743599
71.424698,42.804199
71.502800,42.789200
71.530296,42.802200
71.574203,42.765301
71.597198,42.763599
71.725601,42.821701
71.808899,42.823601
71.869698,42.842800
72.123901,42.757198
72.171700,42.773602
72.296898,42.773602
72.504700,42.687801
72.599197,42.692200
72.757202,42.656101
72.791901,42.638100
72.832802,42.576900
72.908600,42.548302
72.968102,42.538898
73.156700,42.560001
73.209198,42.521400
73.328598,42.512501
73.339699,42.432800
73.406403,42.434399
73.507202,42.404701
73.533600,42.418900
73.451103,42.533298
73.432503,42.621101
73.460800,42.710602
73.525803,42.799999
73.513901,42.896400
73.556702,42.956902
73.583900,43.038601
73.831902,43.129200
73.913300,43.122799
73.973099,43.223900
74.059402,43.188099
74.235001,43.207199
74.235802,43.231400
74.201103,43.268600
74.293297,43.216702
74.391403,43.195301
74.451103,43.152199
74.566101,43.132500
74.631401,43.066101
74.751701,42.993099
74.880600,42.982800
75.209999,42.853298
75.568604,42.834202
75.676102,42.806400
75.747200,42.850601
75.802498,42.940601
75.910797,42.946701
76.017799,42.923599
76.095001,42.941399
76.187202,42.927799
76.240303,42.936901
76.323303,42.924999
76.343102,42.906700
76.410599,42.916100
76.441399,42.891899
76.500603,42.923302
76.616898,42.900299
76.669403,42.920300
76.724197,42.916698
76.774399,42.947498
76.811996,42.946899
76.853600,42.981899
76.976898,42.996399
77.062202,42.970600
77.147499,42.965599
77.207802,42.917198
77.350304,42.896702
77.459702,42.930302
77.535599,42.921398
77.591103,42.887501
77.660004,42.915298
77.729698,42.914700
77.811996,42.902500
77.829399,42.870800
77.897499,42.900299
77.999199,42.867199
78.093903,42.857498
78.265297,42.875599
78.336899,42.852501
78.416901,42.885601
78.512199,42.885300
78.653900,42.842800
78.689201,42.812500
78.801697,42.809200
78.920799,42.775002
78.973900,42.782799
79.027802,42.759701
79.194702,42.795799
79.209702,42.779701
79.196899,42.726700
79.215302,42.679199
79.269997,42.629200
79.356697,42.607800
79.443901,42.472198
79.571899,42.453098
79.716904,42.474201
79.815598,42.446098
79.952797,42.434200
80.056702,42.336899
80.113602,42.303600
80.176697,42.219700
80.285477,42.182358
80.276367,42.059711
80.204697,42.029148
79.977188,42.034161
79.852188,41.999989
79.801361,41.902760
79.570534,41.840260
79.296082,41.785820
78.670807,41.531940
78.639969,41.483040
78.531082,41.463871
78.365517,41.366379
78.373581,41.275539
78.160248,41.085541
77.505814,40.986099
77.021637,41.049992
76.867462,41.011101
76.781921,40.940819
76.793579,40.862492
76.647476,40.740261
76.639420,40.608601
76.442177,40.399151
76.328033,40.354160
76.289963,40.451382
76.269699,40.452209
76.186630,40.375542
76.045242,40.388882
75.903847,40.301380
75.689682,40.309151
75.661362,40.398319
75.696617,40.444981
75.594421,40.639980
75.563293,40.643879
75.277473,40.482479
75.058853,40.447762
74.869133,40.521370
74.844704,40.503601
74.811081,40.417488
74.872192,40.368320
74.877747,40.324711
74.724136,40.336651
74.483032,40.168049
74.322197,40.092758
74.198013,40.113880
73.994423,40.046101
73.850250,39.825821
73.841637,39.762489
73.956093,39.597759
73.848022,39.474979
73.672440,39.458954
73.491402,39.470001
73.369698,39.441898
73.360298,39.401402
73.343903,39.394699
73.153900,39.353298
73.098602,39.382500
73.028297,39.351700
72.948898,39.366402
72.858299,39.362499
72.664200,39.401901
72.593102,39.363899
72.538597,39.381901
72.497498,39.351700
72.415802,39.358601
72.385803,39.335800
72.342201,39.336399
72.306396,39.257198
72.248596,39.191898
72.229698,39.245300
72.109200,39.288101
72.101700,39.341400
72.076698,39.374699
71.979202,39.351898
71.857201,39.286701
71.773102,39.278099
71.731400,39.337502
71.774399,39.391102
71.756699,39.462200
71.605003,39.448601
71.542503,39.461102
71.514999,39.498901
71.553101,39.567200
71.479698,39.620300
71.444397,39.602501
71.406403,39.606400
71.316101,39.564701
71.275299,39.516899
71.203003,39.533600
71.097198,39.510601
71.032799,39.411900
70.997803,39.401100
70.952499,39.410301
70.921898,39.435299
70.889702,39.401901
70.848602,39.411098
70.801102,39.388901
70.747803,39.398602
70.720596,39.419201
70.724403,39.476700
70.673897,39.507500
70.633904,39.580799
70.548897,39.582199
70.491898,39.608299
70.417198,39.591900
70.407204,39.577499
70.356102,39.582199
70.269203,39.529202
70.234703,39.526100
70.227501,39.624699
70.163101,39.553902
70.052498,39.580002
70.002502,39.533901
69.943100,39.558601
69.842796,39.537498
69.772797,39.576401
69.708099,39.587799
69.589699,39.578899
69.543602,39.546101
69.445801,39.530800
69.384399,39.559200
69.362503,39.534401
69.340599,39.516899
69.306099,39.539398
69.311401,39.681702
69.249199,39.754398
69.264999,39.860298
69.338303,39.996399
69.398102,39.951900
69.425003,39.901901
69.526100,39.931900
69.500298,39.968601
69.483902,40.036098
69.540802,40.131401
69.572197,40.107201
69.605797,40.111900
70.024200,40.216400
70.172798,40.141899
70.286102,40.132801
70.348602,40.083099
70.542198,40.046101
70.560303,40.026402
70.552200,40.009399
70.492500,39.973598
70.467201,39.936401
70.498100,39.906898
70.528297,39.950298
70.603104,39.958302
70.643600,39.989399
70.661697,40.036900
70.661102,40.103600
70.775597,40.134998
70.819702,40.171398
70.833603,40.159698
70.861397,40.179699
70.918098,40.168900
70.974403,40.181099
70.996399,40.215302
70.982162,40.244663
70.999199,40.270302
71.064201,40.277500
71.217201,40.269199
71.273598,40.331902
71.308899,40.303299
71.389999,40.301899
71.421097,40.272800
71.464401,40.275299
71.490303,40.232800
71.562798,40.206100
71.621696,40.206402
71.634697,40.255299
71.665604,40.261101
71.688103,40.220798
71.687500,40.168900
71.710602,40.145802
71.797203,40.183899
71.863297,40.264198
71.957199,40.238899
71.983101,40.252800
72.041901,40.246899
72.049400,40.263302
71.980301,40.292500
71.974403,40.318298
72.098297,40.372501
72.110298,40.430801
72.173599,40.460300
72.282501,40.462502
72.276398,40.445801
72.237503,40.439701
72.240601,40.426399
72.295601,40.431099
72.423599,40.388901
72.453003,40.464401
72.381104,40.521099
72.395798,40.560001
72.369400,40.598598
72.384399,40.615002
72.473602,40.557800
72.522499,40.557201
72.597198,40.518600
72.648598,40.516899
72.672501,40.532799
72.690002,40.583302
72.768097,40.570000
72.804497,40.674702
72.916702,40.700001
73.096100,40.771400
73.170303,40.817200
73.168900,40.832199
73.145599,40.848598
73.054703,40.842800
73.046898,40.873100
73.027802,40.878899
72.895302,40.822800
72.899399,40.867802
72.881897,40.876701
72.725601,40.869202
72.631699,40.885300
72.566704,40.964699
72.507500,40.975601
72.506104,41.015301
72.404999,41.033600
72.351402,41.082802
72.319199,41.032200
72.194504,41.004295
72.216698,41.060001
72.183601,41.192501
72.121902,41.201900
72.052803,41.158901
71.999397,41.201900
71.893303,41.194401
71.887199,41.333302
71.763901,41.461700
71.748299,41.431400
71.725304,41.455601
71.695000,41.431900
71.716400,41.522499
71.691399,41.556400
71.646103,41.556400
71.620598,41.507500
71.660004,41.428902
71.603600,41.319199
71.550301,41.300800
71.438103,41.348900
71.440002,41.137199
71.418098,41.118599
71.349998,41.165798
71.311096,41.122501
71.285301,41.119202
71.271400,41.175598
71.243301,41.196400
71.202499,41.182201
71.213303,41.136902
71.195602,41.116699
71.151398,41.164200
71.107498,41.164398
71.054703,41.194698
70.933098,41.199402
70.847198,41.256401
70.784698,41.243301
70.792801,41.357498
70.711899,41.470798
70.669403,41.476398
70.540298,41.421902
70.474197,41.412201
70.421700,41.473099
70.376701,41.496899
70.191704,41.525002
70.181099,41.577499
70.470001,41.713100
70.526100,41.796700
70.685303,41.904999
70.844200,41.925301
70.853302,42.016399
70.871101,42.040001
70.986900,42.044399
71.146698,42.131901
71.216904,42.139400
71.259697,42.170300
71.276100,42.204201
71.067200,42.302799
71.027802,42.296398
70.969398,42.252800
# Triangles
243,242,241
240,243,241
238,240,239
244,243,240
244,240,237
246,245,244
237,240,238
236,250,237
249,244,237
235,250,236
234,233,235
231,233,232
229,228,227
230,229,231
227,226,229
265,229,226
256,233,231
223,222,265
265,226,224
222,221,265
224,226,225
229,257,231
233,256,235
223,265,224
246,248,247
248,246,249
249,237,250
251,250,254
244,249,246
252,254,253
252,251,254
235,255,250
254,250,255
255,235,256
257,256,231
229,264,259
264,263,259
267,266,265
268,267,221
265,221,267
258,257,259
259,263,260
262,261,260
270,269,271
263,262,260
269,268,271
257,229,259
264,229,265
268,221,209
219,217,216
219,216,215
212,211,210
215,214,213
218,217,219
213,221,219
213,210,209
219,215,213
209,221,213
212,210,213
275,268,209
197,196,195
194,197,195
191,190,189
192,191,186
202,201,200
199,202,200
193,192,198
198,197,193
192,297,198
193,197,194
202,199,198
192,184,299
273,271,275
209,208,276
271,268,275
271,273,272
276,208,206
207,206,208
281,276,206
274,273,275
276,281,277
277,279,278
209,276,275
206,205,281
203,202,294
205,203,287
203,294,288
294,202,198
295,294,198
293,288,294
288,287,203
289,288,293
297,296,295
292,289,293
299,298,297
290,289,292
297,295,198
205,287,281
192,299,297
203,205,204
300,299,311
221,220,219
385,384,383
379,378,380
380,378,376
392,381,380
388,387,386
388,386,389
383,389,385
389,383,382
390,389,382
385,389,386
391,382,381
279,277,280
282,281,283
281,280,277
373,372,374
376,375,374
392,380,363
372,371,374
371,370,376
376,370,363
374,371,376
376,378,377
366,370,369
363,380,376
382,391,390
391,381,392
393,395,394
395,393,392
392,363,395
3,2,1
6,4,3
0,3,1
0,401,3
4,6,5
400,6,3
7,6,400
397,396,395
358,398,397
399,7,400
10,9,8
10,8,7
11,10,12
14,12,10
10,7,399
14,13,12
401,400,3
395,363,397
285,284,283
285,287,286
292,291,290
281,287,285
367,366,369
366,365,364
363,366,364
366,363,370
285,283,281
302,301,300
302,300,303
304,303,305
303,309,305
308,305,309
309,303,300
347,349,348
346,26,352
344,343,345
346,345,342
351,350,349
359,363,362
359,362,361
360,359,361
357,399,358
359,358,363
358,399,398
14,16,15
18,14,399
399,14,10
19,18,399
17,16,18
18,16,14
19,399,23
397,363,358
354,353,352
355,354,356
351,347,346
346,352,351
354,352,356
19,21,20
26,23,357
399,357,23
356,26,357
22,21,23
21,19,23
352,26,356
23,25,24
347,351,349
308,306,305
368,367,369
189,186,191
187,186,189
186,184,192
299,184,182
312,311,319
184,186,185
309,300,311
307,306,308
317,313,312
309,311,310
299,182,311
189,188,187
176,178,177
180,179,178
312,319,318
182,180,311
180,320,311
178,320,180
180,182,181
323,321,320
176,323,178
320,319,311
178,323,320
172,323,176
182,184,183
317,312,318
315,314,316
316,314,317
314,313,317
342,341,340
342,31,346
340,339,338
340,338,335
31,342,340
337,336,338
325,324,323
326,325,323
326,323,166
335,334,332
336,335,338
330,329,331
36,332,331
36,340,332
332,334,333
335,332,340
329,328,38
321,323,322
331,329,36
172,176,175
342,345,343
174,173,172
166,323,172
167,171,170
167,170,169
172,171,166
168,167,169
167,166,171
164,163,162
327,165,164
165,326,166
326,165,327
159,161,160
164,161,157
151,149,148
159,158,161
145,147,146
151,148,147
143,142,144
147,152,151
151,150,149
161,164,162
158,157,161
328,164,157
156,155,154
157,39,328
145,152,147
156,154,153
140,145,144
39,157,156
152,63,153
153,61,156
140,139,138
140,138,152
140,152,145
144,141,140
152,138,63
142,141,144
136,76,137
132,135,134
86,136,135
133,132,134
131,130,129
89,135,132
98,131,129
128,127,113
129,128,104
96,132,131
138,137,63
164,328,327
172,175,174
126,125,127
31,340,32
33,32,34
34,36,35
36,34,32
340,36,32
25,23,26
27,26,30
28,30,29
30,28,27
30,26,346
346,31,30
41,40,42
40,39,42
38,328,39
42,39,43
37,36,38
45,44,43
48,43,39
156,59,39
62,61,153
63,67,64
137,74,72
61,59,156
137,72,63
62,153,63
36,329,38
45,47,46
45,43,47
50,48,51
56,48,39
51,48,56
43,48,47
49,48,50
54,52,51
55,54,51
54,53,52
56,55,51
68,67,69
67,63,69
70,69,72
72,71,70
73,72,74
67,66,64
58,57,56
56,39,58
66,65,64
61,60,59
59,58,39
72,69,63
106,110,109
111,106,104
106,109,107
104,106,105
111,110,106
112,111,113
104,128,111
102,101,100
102,104,103
107,109,108
104,102,129
116,125,124
120,124,123
119,124,120
122,121,120
122,120,123
127,114,113
114,125,115
115,125,116
117,116,118
124,118,116
119,118,124
128,113,111
98,129,102
75,74,76
77,76,78
136,78,76
136,85,78
85,136,86
85,80,78
79,78,80
81,80,82
83,80,85
83,82,80
85,84,83
86,89,87
132,95,93
93,89,132
94,93,95
98,97,96
100,98,102
131,98,96
100,99,98
89,88,87
90,89,91
91,93,92
91,89,93
86,135,89
95,132,96
74,137,76
125,114,127
