# Japan region 7
17 14
# Outer Vertices
138.247696,37.793598
138.210800,37.809429
138.327698,37.936649
138.333801,37.976379
138.295197,37.998600
138.252197,37.966930
138.230499,38.006649
138.304703,38.161098
138.466904,38.308601
138.516602,38.303879
138.510895,38.281189
138.448898,38.059158
138.546097,38.079990
138.580002,38.067760
138.512207,37.918049
138.375504,37.823601
138.247696,37.793598
# Triangles
1,16,2
16,15,2
6,4,7
6,5,4
11,4,3
4,11,7
2,14,3
10,7,11
3,14,11
11,14,12
12,14,13
8,10,9
7,10,8
2,15,14
