# Japan region 4
162 159
# Outer Vertices
130.592499,32.693878
130.601593,32.794991
130.430801,32.919159
130.427704,33.053051
130.382996,33.103321
130.216904,33.181660
130.117706,33.093601
130.217697,32.949429
130.095795,32.851101
130.130203,32.835270
130.301300,32.867210
130.334106,32.848598
130.376602,32.766380
130.332703,32.654148
130.169403,32.590260
130.131302,32.673599
130.164398,32.680820
130.203003,32.728600
130.168304,32.785820
129.944702,32.743320
129.893005,32.640549
129.746094,32.561100
129.787399,32.599152
129.858597,32.716381
129.771103,32.812210
129.731903,32.792488
129.634399,32.961929
129.682205,33.079990
129.726593,33.067760
129.772995,33.006100
129.820801,32.979431
129.832504,32.910549
129.795197,32.937210
129.804092,32.878601
130.007996,32.830540
129.926895,33.012760
129.738007,33.080540
129.760193,33.134159
129.665497,33.096371
129.669693,33.158329
129.563797,33.207211
129.574707,33.311378
129.602203,33.368881
129.702499,33.338600
129.763901,33.358601
129.805496,33.328880
129.852707,33.279991
129.878006,33.385540
129.798004,33.437771
129.814102,33.468330
129.867203,33.438320
129.864395,33.538879
129.966599,33.503601
129.952698,33.466942
130.028000,33.447769
130.169098,33.543880
130.114700,33.541100
130.098297,33.579990
130.218307,33.654991
130.243301,33.609989
130.362701,33.582771
130.415207,33.625549
130.417206,33.665539
130.362503,33.645550
130.338303,33.654430
130.464401,33.729710
130.457199,33.809711
130.703903,33.936378
130.901901,33.880260
130.996597,33.950821
131.015198,33.938042
130.955795,33.810551
131.095795,33.612492
131.222397,33.593601
131.423004,33.568050
131.507706,33.662491
131.562195,33.672489
131.669693,33.647491
131.741104,33.537209
131.701401,33.413879
131.578003,33.340549
131.522995,33.355259
131.499695,33.331661
131.519104,33.261379
131.578903,33.245541
131.902496,33.251099
131.817993,33.111931
131.911301,33.114990
131.874893,33.064991
131.949402,33.081100
132.011902,33.042488
131.935806,33.034710
131.899094,32.975269
131.932495,32.945820
132.071594,32.925819
131.951401,32.822781
132.001907,32.816101
131.943802,32.786098
131.734695,32.580540
131.697403,32.581928
131.683807,32.516380
131.731903,32.487209
131.709106,32.462769
131.655594,32.457600
131.667694,32.417759
131.628601,32.384991
131.446899,31.880550
131.492706,31.794720
131.461304,31.680550
131.382996,31.553329
131.397202,31.489441
131.328003,31.366659
131.247696,31.382771
131.200195,31.460831
131.059692,31.441660
131.003006,31.351940
131.056595,31.341940
131.109695,31.306940
130.942703,31.120270
130.666397,30.996660
130.677200,31.073050
130.742493,31.123880
130.798294,31.318331
130.696396,31.540550
130.601898,31.566660
130.604401,31.591379
130.671600,31.620270
130.716599,31.603609
130.718002,31.558611
130.751099,31.553329
130.795807,31.604719
130.802704,31.692770
130.671097,31.724991
130.607193,31.671379
130.514099,31.454161
130.563797,31.324160
130.664902,31.260269
130.635498,31.178881
130.578293,31.156380
130.479706,31.234159
130.234100,31.246111
130.228302,31.271660
130.119705,31.405830
130.164703,31.424160
130.224106,31.380831
130.308807,31.462219
130.333801,31.633329
130.177505,31.765829
130.192703,31.852489
130.208603,31.921101
130.162399,32.006939
130.197205,32.061939
130.176300,32.086102
130.210205,32.124722
130.268799,32.102489
130.569702,32.442490
130.569901,32.558601
130.650803,32.607208
130.658295,32.647499
130.474396,32.618599
130.456100,32.633598
130.592499,32.693878
# Triangles
22,20,23
20,22,21
19,23,20
15,14,16
142,144,143
25,24,33
25,33,26
34,33,19
31,30,32
24,23,33
26,33,32
18,9,34
34,9,8
18,34,19
18,10,9
19,33,23
34,8,35
16,14,13
149,148,146
150,149,151
154,151,149
152,151,153
148,147,146
145,141,139
145,144,141
146,145,134
141,140,139
142,141,144
132,154,149
16,13,17
154,153,151
11,10,17
10,18,17
11,17,12
2,1,3
12,17,13
133,149,146
7,6,8
27,26,28
37,39,38
41,40,39
29,26,32
37,35,46
29,28,26
32,30,29
43,39,37
41,43,42
41,39,43
43,45,44
45,43,37
49,48,50
51,50,53
47,50,48
46,45,37
35,37,36
47,46,54
6,46,35
54,53,47
52,51,53
6,54,46
53,50,47
6,35,8
5,55,54
4,60,5
4,3,61
5,54,6
57,55,58
55,57,56
59,58,55
59,55,60
61,60,4
62,65,64
62,64,63
65,62,61
55,5,60
72,61,3
138,137,135
139,135,134
135,139,138
135,137,136
120,119,121
129,123,122
119,118,121
134,133,146
154,132,155
133,132,149
131,155,132
125,124,126
126,123,128
127,126,128
130,129,115
126,124,123
123,129,128
122,118,115
118,122,121
116,115,118
114,130,115
118,117,116
114,131,130
113,112,110
110,112,111
114,113,131
109,113,110
109,108,106
106,131,113
106,108,107
155,106,157
106,113,109
105,104,103
100,103,102
158,105,103
106,105,157
155,131,106
129,122,115
101,100,102
156,155,157
158,1,161
72,3,1
158,161,159
1,83,72
99,83,158
74,82,81
83,82,73
76,74,79
74,81,79
1,158,83
157,105,158
73,82,74
65,71,67
65,61,71
68,67,71
70,69,68
68,71,70
65,67,66
73,72,83
74,76,75
72,71,61
159,161,160
99,97,92
93,92,95
99,92,86
97,99,98
99,84,83
97,96,95
95,94,93
95,92,97
92,91,88
77,79,78
77,76,79
79,81,80
91,89,88
89,91,90
87,86,88
86,85,84
86,84,99
92,88,86
158,103,99
99,103,100
145,139,134
