# Japan region 0
434 431
# Outer Vertices
135.762695,33.427490
135.772202,33.454990
135.412201,33.570271
135.336594,33.654148
135.398300,33.694439
135.320206,33.751381
135.204407,33.801102
135.143005,33.874710
135.066101,33.873322
135.092697,33.978039
135.159897,34.023041
135.129898,34.116940
135.197205,34.139149
135.064102,34.258041
135.074707,34.292759
135.352203,34.439991
135.451096,34.545269
135.454407,34.631649
135.346603,34.712769
135.194702,34.670551
135.099106,34.624710
134.972702,34.632771
134.762497,34.756649
134.586105,34.762489
134.456100,34.759159
134.419098,34.721661
134.249405,34.689159
134.127197,34.584709
133.941101,34.585819
133.926300,34.562481
134.022598,34.581890
134.046402,34.576931
133.942993,34.454430
133.798798,34.431381
133.722198,34.520821
133.417999,34.466930
133.354401,34.356380
133.272705,34.317211
133.316895,34.362492
133.264694,34.422211
133.181107,34.344990
133.207199,34.306099
133.089401,34.250542
133.064697,34.298038
133.104904,34.345539
133.120804,34.309990
133.169998,34.355549
133.146301,34.378601
133.084396,34.382488
133.074707,34.339710
132.852997,34.286381
132.822998,34.308601
132.662399,34.201382
132.550797,34.190540
132.529099,34.339989
132.404999,34.364990
132.302704,34.314991
132.224106,34.238041
132.240799,34.155270
132.201096,34.060822
132.214096,33.995541
132.159393,33.947208
132.128799,33.941929
132.158295,33.842491
132.053299,33.791931
132.106598,33.828320
132.103607,33.866650
131.848602,33.999710
131.788605,33.960541
131.794098,33.993320
131.826096,34.015820
131.745804,34.053600
131.535202,33.994160
131.457993,34.002769
131.396103,33.976379
131.397507,34.033871
131.359100,33.993881
131.267197,33.920551
131.131302,33.988319
131.033295,34.040272
130.914703,33.914989
130.878296,33.937210
130.906097,33.980259
130.858597,34.099152
130.925201,34.168880
130.887207,34.327492
130.949707,34.356380
131.011597,34.366650
130.999695,34.391651
130.934402,34.389992
130.964996,34.425270
131.157394,34.365551
131.170197,34.402489
131.225204,34.430820
131.207703,34.368881
131.400208,34.417210
131.554703,34.603321
131.977707,34.811100
132.201904,34.997490
132.383606,35.115261
132.468307,35.201099
132.638901,35.286381
132.680801,35.365822
132.628601,35.409988
132.681107,35.440540
133.046402,35.542210
133.094101,35.583321
133.243607,35.554440
133.324097,35.564709
133.250504,35.533871
133.265503,35.485538
133.328293,35.451649
133.414703,35.446381
133.514099,35.504162
133.595505,35.516651
133.867706,35.491379
134.308807,35.576931
134.579697,35.642208
134.900497,35.633320
135.167999,35.752491
135.222198,35.762211
135.303604,35.691101
135.208298,35.545551
135.257706,35.559429
135.243607,35.534431
135.324707,35.508881
135.313004,35.439430
135.401596,35.476101
135.345795,35.524712
135.351303,35.545818
135.461105,35.588039
135.474396,35.522491
135.572998,35.491379
135.661102,35.535549
135.640198,35.491100
135.713593,35.476379
135.753296,35.499989
135.697403,35.536930
135.723297,35.556660
135.803604,35.518318
135.850494,35.573601
135.822205,35.633041
135.968002,35.611931
135.964401,35.706100
136.017502,35.742210
136.048004,35.702770
136.034897,35.669430
136.072693,35.648602
136.098602,35.762760
135.961304,35.957211
136.035797,36.090549
136.305206,36.329151
136.382401,36.369709
136.649094,36.655819
136.751602,36.831379
136.767700,36.965260
136.679993,37.136379
136.736099,37.321930
136.821899,37.373600
137.260803,37.519711
137.340195,37.514709
137.360794,37.442490
137.265793,37.419159
137.240204,37.373600
137.272507,37.331379
137.236099,37.286098
137.133606,37.283871
137.037399,37.181931
136.931900,37.215820
136.871597,37.065540
137.050507,37.091099
137.033798,36.924431
136.990005,36.856098
137.069901,36.783329
137.280807,36.747761
137.385498,36.789711
137.432205,36.916100
137.997498,37.096100
138.517700,37.353039
138.564407,37.379429
138.740204,37.580269
138.812195,37.770550
138.918594,37.868881
139.235794,37.993881
139.424393,38.151661
139.551895,38.555271
139.762207,38.785259
139.904099,39.159710
139.917694,39.262211
140.001907,39.331928
140.062195,39.522770
140.047195,39.779148
139.997696,39.853600
139.931900,39.889709
139.760803,39.857491
139.699997,39.961380
139.706604,39.994160
139.805206,39.958050
139.854095,39.965820
139.919693,40.020821
140.022202,40.204430
140.024704,40.318878
139.940201,40.408039
139.944901,40.507210
139.923294,40.553600
139.855194,40.585541
139.922195,40.650539
140.024704,40.746929
140.218796,40.771648
140.268799,40.806660
140.322205,41.011101
140.378296,40.979988
140.326096,41.081661
140.263901,41.124710
140.320801,41.134708
140.338303,41.241379
140.396103,41.228870
140.461105,41.181381
140.551895,41.220539
140.634399,41.186378
140.660797,40.925541
140.697205,40.851940
140.749695,40.821381
140.815506,40.830269
140.871597,40.890541
140.869095,40.974991
140.927704,40.982208
141.116104,40.860538
141.159393,40.869160
141.233002,40.991100
141.279099,41.149712
141.228897,41.229988
141.179703,41.261662
141.062698,41.177212
140.866592,41.153881
140.806107,41.122761
140.773605,41.138599
140.776306,41.233318
140.908798,41.523602
141.087494,41.470539
141.141205,41.434429
141.208603,41.362209
141.300797,41.339710
141.406906,41.368320
141.453598,41.409710
141.473801,41.387489
141.394104,41.096931
141.458801,40.598598
141.511093,40.527210
141.582703,40.530270
141.820206,40.267208
141.841293,40.219990
141.806107,40.186649
141.874893,40.145550
141.833603,40.088329
141.906601,40.005260
141.947403,39.991650
141.978897,39.652760
141.953903,39.591381
142.022705,39.640270
142.069702,39.546650
141.955505,39.461380
141.991592,39.442490
142.040802,39.477772
142.038300,39.422489
141.945496,39.383320
141.906601,39.324711
141.982498,39.345268
141.976898,39.311100
141.899994,39.270821
141.952499,39.225269
141.874405,39.198040
141.925003,39.177761
141.845505,39.146931
141.918304,39.104431
141.819397,39.051929
141.851105,39.020821
141.727997,39.029991
141.733597,38.955540
141.705795,38.943600
141.688797,38.993320
141.633301,38.993320
141.661301,38.851101
141.608307,38.885540
141.580505,38.873600
141.593307,38.817760
141.522507,38.774712
141.566605,38.714710
141.462494,38.665272
141.501602,38.637760
141.535797,38.631378
141.464096,38.568600
141.542404,38.528049
141.539398,38.478600
141.493301,38.462212
141.474899,38.403049
141.526596,38.358601
141.525803,38.266380
141.425507,38.338039
141.425507,38.379162
141.191895,38.376930
141.173004,38.313881
141.095795,38.364429
141.044098,38.317760
141.082993,38.300270
140.983002,38.204151
140.923004,38.033600
140.947998,37.812210
141.023605,37.649990
141.039093,37.374981
140.975494,36.987770
140.930801,36.936100
140.826904,36.903320
140.636597,36.530540
140.605804,36.421650
140.624893,36.368881
140.565506,36.247490
140.593002,36.094440
140.857193,35.688881
140.681107,35.674992
140.545502,35.596100
140.450806,35.503880
140.397995,35.385269
140.416397,35.233879
140.334702,35.131378
140.002197,35.015270
139.956894,34.912769
139.863602,34.889992
139.773804,34.949429
139.866898,34.993881
139.824402,35.154148
139.879105,35.214432
139.848801,35.278881
139.781296,35.298870
139.906296,35.341381
139.908295,35.409161
140.101898,35.534431
140.110001,35.564709
140.008606,35.651932
139.931595,35.655270
139.896301,35.619709
139.777206,35.633320
139.760498,35.560261
139.786102,35.514992
139.645493,35.458881
139.691605,35.406940
139.636093,35.389709
139.676895,35.270260
139.745804,35.253601
139.680801,35.139149
139.620804,35.126659
139.572205,35.271931
139.449402,35.304150
139.283798,35.289440
139.175507,35.239990
139.140793,35.184990
139.158600,35.133881
139.127701,35.129711
139.088303,35.057209
139.151093,34.928879
139.138596,34.874710
139.001297,34.725552
138.934097,34.637760
138.853302,34.593880
138.796097,34.621658
138.744705,34.684429
138.780807,34.995541
138.893799,35.008881
138.907394,35.033871
138.781906,35.109989
138.710495,35.124439
138.573898,35.094711
138.503799,34.986660
138.532700,34.980820
138.366898,34.901661
138.329697,34.851650
138.342194,34.806660
138.205200,34.666100
138.201401,34.616100
138.225800,34.581928
137.982498,34.652210
137.657700,34.653599
137.472397,34.655540
137.036102,34.564709
137.023804,34.578320
137.069901,34.639992
137.177704,34.652489
137.344696,34.709148
137.321396,34.770550
137.224106,34.798038
137.050201,34.757210
136.988800,34.806931
136.980194,34.919430
136.929398,34.846661
136.916901,34.774990
136.974106,34.688320
136.889694,34.714161
136.847397,34.746658
136.867493,34.810551
136.824707,34.886662
136.831894,34.944988
136.896896,35.069149
136.713806,35.019989
136.653793,34.974991
136.639694,34.854160
136.537201,34.746380
136.519394,34.692490
136.535797,34.600819
136.858002,34.476379
136.917404,34.431660
136.895798,34.379429
136.901596,34.273602
136.852707,34.244160
136.774094,34.256649
136.779404,34.269989
136.846298,34.273041
136.854904,34.303051
136.703293,34.286098
136.726105,34.325550
136.678299,34.333321
136.607193,34.256939
136.521103,34.270550
136.509094,34.224709
136.322205,34.172771
136.290802,34.138050
136.316895,34.100269
136.284698,34.078602
136.254395,34.103600
136.217499,34.070271
136.277695,33.981659
136.104095,33.870819
135.934692,33.592770
135.918594,33.541370
135.762695,33.427490
# Triangles
81,80,82
79,82,80
76,78,77
83,79,84
79,83,82
91,84,79
73,75,74
75,73,72
75,72,95
78,91,79
78,76,75
78,75,94
63,62,66
63,65,64
67,66,62
63,66,65
59,62,61
70,69,67
57,71,70
62,59,67
67,69,68
67,59,57
70,67,57
60,59,61
71,95,72
57,59,58
84,86,85
84,87,86
91,78,94
91,87,84
57,96,71
96,95,71
89,88,90
87,91,88
92,94,93
91,90,88
75,95,94
94,92,91
97,57,56
54,53,52
54,52,51
45,43,42
45,40,46
50,48,51
43,45,44
54,99,55
48,50,49
99,54,51
48,47,39
46,39,47
55,97,56
45,42,41
48,101,51
4,3,2
12,5,4
1,433,432
2,1,4
4,15,12
7,9,8
7,6,10
10,12,11
10,6,5
5,12,10
7,10,9
4,1,431
15,4,430
432,431,1
429,428,430
424,426,425
430,4,431
16,427,424
427,426,424
428,427,16
412,414,413
423,422,421
16,424,423
430,428,16
41,40,45
13,12,14
38,37,36
39,38,35
38,36,35
101,48,39
33,32,29
35,34,112
29,34,33
29,32,30
111,39,35
40,39,46
421,420,419
414,412,415
416,411,410
411,416,415
412,411,415
416,418,417
423,17,16
418,416,410
16,15,430
407,421,419
407,423,421
410,409,408
408,407,419
408,419,418
418,410,408
14,12,15
34,29,28
96,57,97
97,55,98
99,51,101
99,98,55
114,112,34
28,115,34
100,99,101
102,104,103
105,104,102
101,105,102
111,101,39
111,110,101
111,35,112
26,28,27
28,26,115
19,21,20
22,21,19
116,24,23
25,24,26
19,126,22
22,126,122
127,126,18
127,18,132
23,22,117
18,126,19
26,24,116
135,132,18
31,30,32
105,110,109
110,105,101
105,109,106
112,114,113
34,115,114
107,106,109
107,109,108
23,117,116
117,22,118
118,122,119
115,26,116
118,22,122
132,134,133
132,131,127
128,127,129
127,131,129
125,124,126
119,121,120
122,124,123
121,119,122
131,130,129
126,124,122
132,135,134
135,18,17
405,17,406
405,135,17
400,399,393
405,404,403
136,138,137
136,135,139
138,136,139
142,139,403
142,140,139
402,147,403
139,135,405
405,403,139
17,423,406
396,394,397
395,394,396
384,383,385
383,386,385
393,392,400
394,398,397
393,398,394
399,398,393
390,392,391
392,401,400
389,401,392
389,392,390
174,152,401
406,423,407
148,402,401
142,141,140
143,142,146
147,146,142
146,145,143
142,403,147
143,145,144
150,149,148
148,151,150
151,148,152
174,173,153
152,148,401
147,402,148
155,172,169
172,155,154
155,169,156
173,172,154
170,169,171
171,169,172
154,153,173
157,168,158
168,157,156
168,167,166
168,156,169
158,166,159
168,166,158
163,166,165
152,174,153
388,401,389
382,386,383
381,388,382
380,374,381
379,378,380
378,377,380
377,375,380
387,382,388
375,374,380
381,374,388
373,372,374
174,388,374
377,376,375
371,374,372
382,387,386
362,365,364
362,364,363
365,361,366
361,360,367
361,365,362
359,367,360
371,370,177
368,367,358
370,369,354
368,355,369
367,359,358
366,361,367
358,357,368
175,374,371
164,163,165
174,374,175
177,176,175
354,178,177
175,371,177
163,162,159
159,162,160
163,159,166
180,179,341
161,160,162
179,178,341
357,356,355
370,354,177
351,347,346
353,341,178
353,178,354
180,182,181
180,183,182
352,346,344
346,352,351
344,341,353
312,184,183
344,346,345
180,313,183
353,352,344
347,351,350
355,354,369
368,357,355
174,401,388
349,348,347
329,328,327
329,327,326
343,342,344
342,341,344
334,333,332
330,329,325
349,347,350
334,331,324
325,329,326
331,330,325
334,324,336
323,322,324
324,331,325
336,324,322
341,340,339
322,337,336
336,335,334
338,337,317
320,337,321
321,337,322
317,337,320
332,331,334
338,316,339
338,317,316
341,316,314
318,317,319
320,319,317
314,316,315
312,307,184
312,183,313
312,309,307
184,307,306
312,310,309
312,311,310
314,313,180
306,185,184
308,307,309
304,303,305
186,306,305
301,300,302
288,302,300
298,295,299
295,298,296
295,294,299
300,299,291
298,297,296
187,303,302
186,305,303
316,341,339
341,314,180
299,294,291
185,306,186
197,194,198
188,187,189
193,198,194
302,189,187
194,197,195
197,196,195
206,205,204
204,207,206
199,198,193
192,200,199
222,200,191
191,200,192
222,201,200
227,223,247
191,248,222
203,208,207
203,202,201
203,207,204
209,208,222
209,222,221
208,201,222
201,208,203
222,248,223
191,190,254
199,193,192
286,190,189
214,213,212
211,221,220
221,211,209
212,211,217
210,209,211
220,217,211
214,216,215
216,214,217
220,219,217
217,214,212
219,218,217
234,237,236
247,228,227
224,226,225
226,224,227
234,238,237
238,234,233
238,233,239
232,241,240
231,241,232
239,233,240
240,233,232
234,236,235
223,227,224
187,186,303
288,291,289
302,286,189
289,291,290
291,294,292
291,288,300
284,286,285
287,286,288
284,281,190
283,281,284
281,283,282
190,286,284
254,190,281
277,280,278
278,280,279
273,281,277
276,275,277
277,275,273
273,275,274
266,273,271
271,273,272
269,271,270
266,271,269
266,268,267
266,269,268
266,281,273
277,281,280
281,266,258
247,246,229
228,247,229
223,248,247
250,252,251
252,249,248
250,249,252
252,254,253
252,248,254
254,248,191
231,230,242
242,230,243
231,242,241
246,243,230
243,246,245
245,244,243
230,229,246
261,265,262
261,258,266
262,264,263
262,265,264
261,260,258
259,258,260
256,255,257
257,255,258
258,255,254
254,281,258
265,261,266
286,302,288
293,292,294
