# Japan region 5
139 136
# Outer Vertices
140.202499,41.397491
140.069702,41.419159
139.987198,41.541100
140.004898,41.662769
140.143600,41.885818
140.138901,41.981380
140.049103,42.090820
139.815201,42.214710
139.768600,42.295818
139.844696,42.467770
139.829102,42.596661
139.863297,42.653599
140.129105,42.742771
140.181305,42.813320
140.265198,42.754711
140.312195,42.773041
140.368607,42.881378
140.528793,43.000542
140.421600,43.150539
140.346893,43.189709
140.321396,43.235538
140.358307,43.318878
140.474899,43.367489
140.795502,43.188599
141.012207,43.227489
141.006302,43.180538
141.158798,43.137760
141.217194,43.145260
141.367203,43.249149
141.425201,43.321659
141.435196,43.404991
141.353302,43.533600
141.386902,43.578880
141.335495,43.696098
141.376297,43.779709
141.603302,43.883881
141.663300,43.994709
141.650803,44.294708
141.745193,44.417210
141.797501,44.667759
141.765793,44.850269
141.575806,45.184158
141.616302,45.304989
141.652496,45.343040
141.633606,45.405819
141.651093,45.439991
141.682495,45.436100
141.690506,45.401661
141.813797,45.416660
141.958694,45.505520
142.068604,45.384430
142.311295,45.205818
142.709702,44.809429
143.101105,44.504990
143.658798,44.219151
143.776093,44.184990
143.679092,44.181931
143.764404,44.097210
143.932495,44.092770
143.997192,44.132210
144.162704,44.112492
144.171600,44.094990
144.126297,44.084709
144.105804,44.029148
144.149399,44.014709
144.239700,44.116650
144.257706,44.115822
144.311600,44.000271
144.352402,43.959709
144.617706,43.917759
144.772705,43.912491
144.956894,44.045551
145.329407,44.341381
145.374405,44.279991
145.332703,44.185261
145.109695,43.895550
145.070206,43.758881
145.355499,43.325550
145.382706,43.292488
145.276901,43.342209
145.256104,43.314991
145.506897,43.230820
145.586105,43.338039
145.752396,43.391102
145.818298,43.373600
145.683807,43.306099
145.578003,43.267769
145.527206,43.161652
145.295807,43.164440
145.136597,43.126659
145.117706,43.095829
145.106903,43.041660
144.926605,42.973598
144.848297,42.997490
144.836594,43.036098
144.798798,43.044708
144.735199,42.990822
144.779404,42.930271
144.478897,42.929150
144.379105,42.954990
144.355194,42.995819
144.147705,42.959709
143.892700,42.849152
143.431107,42.436939
143.334106,42.293880
143.316895,42.042759
143.246307,41.925270
142.867203,42.123600
142.313599,42.340820
141.848007,42.587769
141.658798,42.616100
141.445496,42.572491
141.070206,42.370541
140.992996,42.295269
140.938797,42.308041
140.936905,42.329990
140.901901,42.414989
140.761902,42.544708
140.694901,42.574989
140.499405,42.577492
140.461594,42.567760
140.339096,42.448601
140.284698,42.344990
140.280197,42.267490
140.302994,42.237209
140.534897,42.108318
140.719696,42.126099
141.177505,41.788879
141.011597,41.707489
140.710800,41.738880
140.716904,41.773319
140.728302,41.804150
140.676102,41.826099
140.634903,41.810822
140.602707,41.734150
140.450195,41.679710
140.432495,41.605549
140.444397,41.539711
140.202499,41.397491
# Triangles
3,2,138
136,4,3
138,2,1
138,137,136
135,4,136
136,3,138
5,4,125
7,6,9
9,8,7
6,122,9
124,123,6
125,124,5
9,122,12
122,6,123
6,5,124
121,12,122
135,125,4
133,132,125
133,125,135
130,128,131
128,130,129
132,131,126
128,126,131
127,126,128
126,125,132
114,113,115
116,115,112
112,115,113
116,112,117
117,112,26
133,135,134
14,121,120
10,9,11
13,12,14
12,11,9
15,119,16
14,120,15
119,118,17
14,12,121
15,120,119
21,19,18
21,20,19
18,17,23
23,22,18
23,17,118
24,23,25
16,119,17
18,22,21
23,118,117
25,23,117
27,26,111
29,28,110
111,28,27
30,32,31
109,35,30
32,30,35
109,30,29
26,25,117
33,32,34
32,35,34
41,43,42
48,43,41
45,44,47
47,44,43
110,28,111
112,111,26
36,35,108
35,109,108
108,107,103
105,104,107
104,103,107
105,107,106
108,103,53
101,57,102
99,98,100
103,102,57
98,97,96
95,94,89
95,100,96
96,100,98
69,100,95
100,68,101
92,90,94
91,90,92
90,89,94
89,88,80
81,88,87
87,86,81
89,80,95
78,77,79
80,88,81
76,79,77
80,76,95
86,85,82
85,83,82
83,85,84
81,86,82
92,94,93
76,80,79
53,56,54
53,36,108
38,53,52
53,38,36
63,58,57
56,55,54
53,103,56
103,57,56
43,48,47
45,47,46
40,39,51
40,48,41
50,40,51
48,50,49
48,40,50
51,39,52
39,38,52
37,36,38
68,67,64
63,57,101
65,64,67
64,63,101
76,75,70
69,95,70
71,70,75
75,74,71
69,68,100
68,64,101
62,61,60
60,59,62
62,59,63
72,74,73
67,66,65
72,71,74
63,59,58
70,95,76
109,29,110
