# Japan region 6
66 63
# Outer Vertices
132.998596,32.709431
132.942200,32.766651
132.641602,32.749989
132.661301,32.833881
132.711594,32.879990
132.716293,32.904991
132.501602,32.889992
132.488800,32.927212
132.486298,33.024151
132.450500,33.105820
132.457703,33.160820
132.532196,33.240261
132.477402,33.245270
132.515198,33.295818
132.382202,33.304710
132.417206,33.442211
132.316895,33.456100
132.033005,33.349709
132.492203,33.610271
132.635498,33.669991
132.695801,33.752209
132.706100,33.872490
132.758896,33.895550
132.777206,33.987770
132.923004,34.087490
132.934692,34.126099
133.036102,34.027210
133.064697,33.955818
133.142502,33.912491
133.403793,33.978870
133.524094,33.961380
133.623001,34.047771
133.645798,34.136929
133.637695,34.194988
133.562195,34.245270
133.656296,34.232491
133.733002,34.248051
133.931305,34.375542
134.080505,34.336651
134.128799,34.385269
134.160202,34.378880
134.158295,34.327770
134.261597,34.337769
134.259399,34.288052
134.441895,34.205269
134.609695,34.187210
134.638901,34.163052
134.603806,34.064899
134.600800,33.990261
134.692993,33.934990
134.698898,33.898319
134.645004,33.839710
134.753006,33.826099
134.396103,33.634159
134.224899,33.390541
134.187698,33.238319
133.925003,33.474152
133.743805,33.516930
133.609695,33.505260
133.255493,33.326931
133.227203,33.142769
133.195801,33.149712
133.020798,33.003319
132.964401,32.818600
133.025497,32.742210
132.998596,32.709431
# Triangles
5,8,7
5,7,6
11,8,5
10,9,11
12,11,13
9,8,11
1,63,4
63,1,64
0,64,1
2,1,4
2,4,3
5,62,11
5,4,63
62,5,63
62,61,11
59,13,11
15,13,18
13,15,14
16,18,17
16,15,18
59,20,19
13,19,18
19,13,59
21,20,22
27,22,20
28,27,20
22,27,23
24,23,26
26,25,24
23,27,26
59,28,20
61,60,59
58,28,59
30,29,58
58,57,30
28,58,29
31,30,57
31,57,56
59,11,61
55,54,56
53,52,51
38,56,53
48,51,49
51,48,53
50,49,51
53,56,54
48,44,53
33,36,35
36,33,32
31,36,32
33,35,34
38,37,36
36,31,38
56,38,31
44,47,45
38,53,43
46,45,47
39,41,40
41,39,38
42,41,43
38,43,41
44,43,53
48,47,44
