# Japan region 12
26 23
# Outer Vertices
127.684097,26.078880
127.652802,26.083050
127.686897,26.252220
127.743896,26.306940
127.716103,26.428600
127.958900,26.544439
127.951401,26.594440
127.878304,26.615829
127.876900,26.690281
127.993896,26.684160
127.987503,26.641380
128.067398,26.642500
128.287598,26.855040
128.329102,26.811939
128.308594,26.705271
128.240204,26.628611
128.131897,26.588329
128.143295,26.556660
127.849701,26.436380
127.836601,26.414160
127.916603,26.309999
127.818901,26.308611
127.764099,26.196390
127.818001,26.187220
127.779999,26.119720
127.684097,26.078880
# Triangles
1,25,2
2,25,22
22,24,23
24,22,25
2,22,3
19,4,3
21,3,22
19,3,21
4,18,5
18,4,19
20,19,21
10,7,6
5,17,16
5,18,17
6,5,10
16,11,5
10,5,11
9,8,10
15,14,12
13,12,14
15,12,11
16,15,11
10,8,7
