# Uganda region 0
129 126
# Outer Vertices
33.999470,0.230419
33.907200,0.103055
33.976089,-0.134167
33.918591,-0.452778
33.920330,-1.001492
33.433319,-1.000278
32.766651,-0.999722
32.094429,-0.999444
31.839861,-0.999339
31.835661,-0.999337
31.765530,-0.999308
31.423599,-0.999167
30.751181,-0.997581
30.641380,-1.072222
30.482309,-1.061622
30.356100,-1.065000
30.279720,-1.214445
30.184719,-1.275000
30.170549,-1.339722
29.974991,-1.464444
29.901939,-1.455833
29.883329,-1.367778
29.829161,-1.319167
29.597469,-1.385249
29.578329,-0.900000
29.628330,-0.888889
29.632771,-0.646111
29.671940,-0.572222
29.652700,-0.476124
29.653000,-0.474059
29.709890,-0.075810
29.710819,-0.069301
29.716660,0.072222
29.777220,0.175278
29.813881,0.158611
29.858330,0.366667
29.962490,0.487222
29.944160,0.572500
29.961889,0.830358
30.216101,0.992500
30.231661,1.125000
30.278049,1.168888
30.332211,1.151388
30.348600,1.196110
30.472389,1.231599
30.475651,1.232531
30.693331,1.498888
31.036659,1.765555
31.302771,2.121388
31.279720,2.176666
31.277451,2.178203
31.202490,2.229166
31.196939,2.305832
31.049721,2.303888
31.070271,2.334999
30.987209,2.408332
30.946381,2.408888
30.898050,2.335277
30.862209,2.353611
30.826660,2.442221
30.729160,2.447777
30.786940,2.674721
30.856380,2.790833
30.877769,2.897222
30.824989,2.988055
30.763611,3.067222
30.935551,3.424721
30.909161,3.525832
30.868521,3.492140
30.954710,3.671110
31.176661,3.795277
31.288050,3.794722
31.540831,3.653610
31.661940,3.705554
31.701929,3.713055
31.794720,3.823333
31.930550,3.691943
31.950270,3.594721
32.063869,3.590277
32.093601,3.532499
32.193310,3.511388
32.195259,3.611944
32.404430,3.743610
32.716648,3.755277
33.016651,3.888610
33.183868,3.766110
33.516930,3.752222
33.997601,4.221760
34.054699,4.185554
34.129711,3.954443
34.099430,3.879999
34.214149,3.887499
34.210541,3.840555
34.163311,3.827221
34.176090,3.775555
34.263599,3.786388
34.299431,3.706666
34.354988,3.738610
34.463322,3.671388
34.455540,3.524166
34.404980,3.406666
34.454151,3.181943
34.559151,3.111110
34.590820,2.939443
34.662201,2.861110
34.749710,2.855833
34.839149,2.603888
34.935810,2.506944
34.940540,2.450555
34.882198,2.413054
34.944698,2.213055
34.994991,2.091110
34.979149,1.994722
35.026089,1.919722
34.999432,1.876666
34.999989,1.671944
34.792210,1.393611
34.829708,1.288888
34.819710,1.231388
34.605820,1.158888
34.577480,1.092499
34.527439,1.113417
34.410809,0.821944
34.291100,0.686389
34.260818,0.641111
34.159981,0.603055
34.107769,0.356944
34.004230,0.236989
33.999470,0.230419
# Triangles
25,24,22
26,25,27
24,23,22
17,22,21
27,25,15
22,17,25
15,29,27
28,27,29
31,30,34
29,15,30
32,34,33
34,32,31
35,34,36
12,34,30
21,20,19
18,17,21
17,16,15
17,15,25
12,30,14
13,12,14
15,14,30
37,36,39
39,38,37
12,11,36
39,42,40
36,11,39
42,41,40
39,45,42
34,12,36
39,11,45
19,18,21
43,42,44
46,45,10
42,45,44
59,58,56
60,59,61
61,59,56
55,62,61
65,64,66
72,66,63
68,67,69
66,69,67
66,64,63
63,62,52
58,57,56
54,52,55
52,54,53
79,52,49
50,49,52
52,51,50
48,47,1
77,72,52
62,55,52
70,69,66
72,71,66
55,61,56
74,73,77
52,72,63
70,66,71
73,72,77
80,49,48
46,10,47
45,11,10
8,7,47
8,47,9
1,47,7
5,4,3
7,6,1
3,6,5
1,6,3
2,1,3
128,127,125
1,128,125
126,125,127
124,123,125
125,123,122
125,48,1
125,121,48
121,119,116
119,121,120
121,80,48
117,116,119
121,116,110
117,119,118
114,116,115
109,121,110
108,107,109
109,103,121
114,113,112
112,111,110
110,116,112
116,114,112
121,125,122
106,109,107
79,78,77
76,75,74
77,52,79
81,80,82
86,85,103
80,83,82
80,121,85
80,79,49
83,85,84
85,83,80
90,89,87
88,87,89
86,90,87
86,94,90
74,77,76
102,101,103
100,99,96
100,94,86
106,105,104
103,109,104
85,121,103
101,86,103
94,93,90
92,91,93
93,91,90
96,98,97
98,96,99
96,95,94
94,100,96
100,86,101
104,109,106
9,47,10
