# Luxembourg region 0
22 19
# Outer Vertices
5.783038,49.527271
5.839999,49.552212
5.899166,49.662762
5.820555,49.749149
5.746666,49.795269
5.753333,49.849152
5.731111,49.894150
5.808332,49.961102
5.819721,50.009708
5.980000,50.172211
6.106943,50.167759
6.131833,50.125530
6.139722,49.996651
6.326666,49.839710
6.522222,49.811100
6.510555,49.706379
6.372499,49.590260
6.362221,49.459980
6.165277,49.504711
5.981388,49.448318
5.963333,49.488319
5.783038,49.527271
# Triangles
1,20,2
20,1,0
2,12,3
7,3,12
5,4,3
12,8,7
7,6,5
3,7,5
2,20,18
18,13,2
18,16,13
17,16,18
15,13,16
9,11,10
11,9,12
12,2,13
14,13,15
8,12,9
20,19,18
