# Grenada region 0
146 143
# Outer Vertices
-61.752499,11.996400
-61.755001,12.000800
-61.756100,12.006100
-61.761101,12.008600
-61.765301,12.005800
-61.769402,12.003300
-61.774700,12.001700
-61.779400,11.999700
-61.783600,12.001400
-61.787201,12.004700
-61.789700,12.009200
-61.785301,12.010300
-61.781101,12.012800
-61.776901,12.015300
-61.772499,12.018100
-61.768101,12.020600
-61.763901,12.023100
-61.759399,12.025600
-61.756699,12.029400
-61.753300,12.033600
-61.749199,12.036100
-61.746101,12.040000
-61.744701,12.045600
-61.744999,12.051700
-61.746101,12.057200
-61.748901,12.061400
-61.751900,12.065000
-61.751099,12.068600
-61.751099,12.073900
-61.753601,12.078100
-61.755299,12.083100
-61.757198,12.088100
-61.755600,12.093300
-61.752800,12.097200
-61.748901,12.100600
-61.746899,12.105300
-61.744999,12.110800
-61.744202,12.116900
-61.743099,12.123100
-61.741402,12.128300
-61.739700,12.133900
-61.737499,12.138600
-61.733898,12.141900
-61.730801,12.145800
-61.727200,12.149200
-61.724701,12.153900
-61.725300,12.160000
-61.724701,12.166700
-61.724701,12.172200
-61.721699,12.176400
-61.718899,12.180300
-61.715801,12.184200
-61.712799,12.188300
-61.709702,12.192200
-61.707500,12.196900
-61.703098,12.199400
-61.698601,12.201900
-61.695000,12.205300
-61.692799,12.210000
-61.689999,12.213900
-61.686699,12.218100
-61.683102,12.221400
-61.679401,12.224400
-61.675800,12.227800
-61.670799,12.229700
-61.665298,12.230800
-61.661701,12.233900
-61.658600,12.236700
-61.653099,12.237800
-61.647499,12.237500
-61.643299,12.234700
-61.636902,12.233600
-61.630798,12.232800
-61.624401,12.233100
-61.617500,12.232800
-61.611900,12.231100
-61.610001,12.227800
-61.606400,12.224200
-61.604698,12.220600
-61.606899,12.215800
-61.609402,12.211100
-61.608101,12.205600
-61.606098,12.200800
-61.604198,12.195800
-61.602501,12.190800
-61.599701,12.186700
-61.599998,12.180000
-61.599701,12.173600
-61.599998,12.166900
-61.601898,12.161400
-61.603298,12.156100
-61.604198,12.150000
-61.604698,12.144400
-61.602798,12.139400
-61.599998,12.135300
-61.597500,12.131100
-61.596401,12.125600
-61.598598,12.120800
-61.603901,12.118900
-61.610600,12.119200
-61.617802,12.119400
-61.621399,12.116400
-61.621700,12.109400
-61.620300,12.103900
-61.619400,12.098300
-61.618900,12.092200
-61.616100,12.088100
-61.613098,12.084400
-61.611099,12.079400
-61.614700,12.076100
-61.618301,12.073100
-61.621399,12.068900
-61.623901,12.064200
-61.624699,12.058100
-61.626099,12.052800
-61.628601,12.048100
-61.631699,12.044200
-61.635300,12.040800
-61.638901,12.037500
-61.642502,12.034200
-61.646900,12.031700
-61.651402,12.029200
-61.657501,12.028600
-61.663300,12.027500
-61.666901,12.024400
-61.671902,12.022500
-61.676701,12.023300
-61.679199,12.018600
-61.683300,12.016100
-61.689701,12.016900
-61.691898,12.012200
-61.692799,12.006100
-61.696098,12.002200
-61.698898,11.998300
-61.703098,11.999700
-61.706699,12.003300
-61.711399,12.004200
-61.717499,12.003900
-61.721699,12.006700
-61.724998,12.010300
-61.730801,12.009200
-61.734402,12.005800
-61.738098,12.002800
-61.742500,12.000300
-61.746899,11.997500
-61.752499,11.996400
# Triangles
8,7,6
6,12,8
8,11,9
3,2,17
5,4,13
17,2,141
6,5,13
14,4,3
11,10,9
12,6,13
8,12,11
14,13,4
16,15,3
141,18,17
3,15,14
3,17,16
2,1,144
144,143,2
142,2,143
142,141,2
134,133,132
135,134,132
135,132,131
19,18,20
18,141,140
140,21,20
18,140,20
139,136,129
135,130,136
139,138,136
140,139,21
139,22,21
137,136,138
129,22,139
1,0,144
27,26,25
34,30,29
23,126,24
27,24,28
24,27,25
28,24,35
35,24,126
34,29,28
31,30,32
32,30,33
30,34,33
123,36,35
37,39,38
42,39,37
44,37,36
34,28,35
23,22,129
41,40,42
44,43,42
40,39,42
102,44,36
47,46,45
48,47,49
45,50,47
37,44,42
49,47,50
51,45,52
51,50,45
54,53,55
56,55,53
52,101,56
53,52,56
56,90,57
45,44,101
101,52,45
131,130,135
129,127,126
127,129,128
126,23,129
126,125,124
112,123,122
124,123,126
36,123,112
126,123,35
120,118,122
119,118,120
122,118,112
117,116,113
115,114,113
115,113,116
118,117,112
120,122,121
112,117,113
112,111,105
36,105,104
111,110,105
102,36,104
110,109,106
109,107,106
107,109,108
110,106,105
103,102,104
101,100,92
44,102,101
99,98,95
96,95,98
96,98,97
100,99,93
94,99,95
105,36,112
56,101,91
61,59,65
61,60,59
59,57,65
63,62,64
62,65,64
62,61,65
80,73,72
81,70,65
58,57,59
67,66,68
70,69,68
68,66,70
73,80,74
74,76,75
70,66,65
71,70,81
71,80,72
91,101,92
89,84,57
90,89,57
87,86,89
87,89,88
57,84,83
100,93,92
86,84,89
80,71,81
76,79,77
79,76,80
77,79,78
80,76,74
85,84,86
65,57,82
81,65,82
57,83,82
91,90,56
99,94,93
129,136,130
