# Antigua and Barbuda region 0
150 147
# Outer Vertices
-61.738899,17.540600
-61.742802,17.543900
-61.745602,17.547800
-61.751900,17.549400
-61.757198,17.548100
-61.761398,17.545300
-61.767200,17.544701
-61.769402,17.549200
-61.771702,17.553600
-61.773899,17.558300
-61.777500,17.562201
-61.782200,17.565001
-61.786900,17.567801
-61.791401,17.570601
-61.797798,17.572201
-61.801701,17.575600
-61.806400,17.578300
-61.811100,17.581100
-61.815601,17.583900
-61.821899,17.585600
-61.828300,17.586901
-61.834702,17.588600
-61.839401,17.586700
-61.842800,17.582800
-61.847500,17.580799
-61.853100,17.583099
-61.855301,17.587500
-61.856701,17.592501
-61.856098,17.598900
-61.855801,17.605000
-61.857498,17.610001
-61.857800,17.615601
-61.857800,17.621901
-61.857498,17.628099
-61.857800,17.633600
-61.857800,17.639999
-61.858299,17.645599
-61.858898,17.651100
-61.859402,17.656900
-61.861698,17.661400
-61.863899,17.665800
-61.865799,17.670300
-61.868900,17.674200
-61.871101,17.678600
-61.872501,17.683901
-61.873901,17.688900
-61.874401,17.694401
-61.875301,17.698601
-61.873100,17.703899
-61.868099,17.701099
-61.866100,17.696699
-61.868099,17.692200
-61.866100,17.687799
-61.862202,17.684401
-61.859402,17.680599
-61.856098,17.676701
-61.853298,17.672501
-61.849400,17.669201
-61.847198,17.664700
-61.845001,17.660299
-61.842800,17.655800
-61.840599,17.651400
-61.839199,17.646400
-61.839699,17.639999
-61.840599,17.633301
-61.841702,17.626400
-61.843300,17.620600
-61.842800,17.614700
-61.839699,17.610800
-61.833900,17.610001
-61.830601,17.613899
-61.828899,17.619699
-61.826698,17.625000
-61.825001,17.631100
-61.823601,17.637800
-61.822800,17.644400
-61.822498,17.650801
-61.823101,17.656401
-61.823601,17.661900
-61.825600,17.666700
-61.827801,17.671101
-61.831699,17.674400
-61.836399,17.677200
-61.840302,17.680599
-61.844200,17.683901
-61.848900,17.686701
-61.853600,17.689400
-61.856400,17.693300
-61.858601,17.697800
-61.859200,17.703300
-61.858898,17.709700
-61.856701,17.714701
-61.853901,17.719200
-61.850300,17.722799
-61.845600,17.725000
-61.839199,17.724701
-61.834202,17.721901
-61.829700,17.719200
-61.826698,17.715300
-61.823601,17.711399
-61.821701,17.706900
-61.819401,17.702499
-61.820801,17.697800
-61.825802,17.696400
-61.831902,17.695801
-61.831402,17.691700
-61.826401,17.688900
-61.821098,17.686701
-61.813900,17.685600
-61.809399,17.686399
-61.807499,17.690300
-61.806400,17.695601
-61.803299,17.700001
-61.798901,17.702200
-61.793098,17.702801
-61.787201,17.700600
-61.783600,17.697201
-61.780602,17.693300
-61.777500,17.689400
-61.774700,17.685600
-61.771400,17.681700
-61.767502,17.678101
-61.765301,17.673599
-61.761700,17.670300
-61.758900,17.666401
-61.755001,17.663099
-61.751099,17.659700
-61.746899,17.656401
-61.743301,17.653099
-61.740299,17.649200
-61.738098,17.644699
-61.736900,17.639700
-61.735298,17.634701
-61.733898,17.629400
-61.731701,17.625000
-61.730598,17.620001
-61.730000,17.614401
-61.729198,17.608601
-61.729401,17.602501
-61.730000,17.596100
-61.730301,17.590000
-61.730598,17.583900
-61.731400,17.576900
-61.730801,17.571400
-61.731098,17.565300
-61.730801,17.559401
-61.730801,17.553301
-61.731098,17.547199
-61.732800,17.541100
-61.738899,17.540600
# Triangles
30,67,31
31,66,32
26,25,23
27,22,28
26,22,27
29,28,68
32,66,33
67,30,29
58,39,38
39,56,40
57,39,58
64,35,34
61,37,36
35,63,36
38,37,59
64,34,33
56,39,57
24,23,25
22,68,28
67,29,68
22,21,68
67,66,31
21,20,69
19,70,69
18,71,70
71,18,72
21,69,68
64,33,65
38,59,58
59,37,60
63,35,64
33,66,65
36,62,61
60,37,61
63,62,36
20,19,69
22,26,23
44,43,53
52,45,44
54,43,42
54,53,43
54,41,55
51,45,52
52,44,53
41,54,42
45,51,46
47,46,49
49,48,47
46,50,49
50,46,51
90,104,91
89,104,90
104,89,88
56,55,41
86,85,87
106,82,81
105,83,82
105,84,83
106,105,82
41,40,56
85,84,104
104,88,87
96,93,92
93,95,94
96,95,93
104,96,91
98,104,99
104,87,85
96,98,97
98,96,104
96,92,91
84,105,104
80,107,81
9,8,4
11,139,12
10,9,142
6,5,7
4,3,9
4,7,5
4,8,7
10,140,11
16,72,17
18,17,72
18,70,19
16,73,72
133,15,13
15,14,13
73,15,133
73,16,15
12,139,13
142,9,3
1,149,147
147,2,1
147,149,148
145,2,146
144,2,145
143,3,144
146,2,147
143,142,3
139,11,140
133,135,134
136,135,133
141,140,10
142,141,10
136,133,13
136,138,137
136,13,138
138,13,139
2,144,3
73,133,132
79,78,108
77,109,78
109,77,120
122,77,76
80,108,107
108,78,109
117,110,109
75,124,76
107,106,81
100,99,104
101,100,103
101,103,102
100,104,103
111,110,113
113,112,111
113,110,114
75,74,124
79,108,80
127,126,131
125,74,126
125,124,74
131,128,127
131,129,128
129,131,130
74,73,126
122,76,124
116,110,117
110,115,114
110,116,115
109,118,117
123,122,124
109,119,118
121,120,122
109,120,119
122,120,77
131,126,73
73,132,131
