# Antigua and Barbuda region 1
170 167
# Outer Vertices
-61.738098,16.989700
-61.743599,16.990601
-61.750000,16.992201
-61.755299,16.994400
-61.761700,16.996099
-61.767200,16.998100
-61.768600,17.003300
-61.770802,17.007799
-61.773602,17.011700
-61.780800,17.012800
-61.785301,17.010599
-61.788300,17.006100
-61.790001,17.000299
-61.797199,17.001400
-61.803299,17.002800
-61.809399,17.002199
-61.814400,17.001101
-61.819401,16.998899
-61.823898,16.996901
-61.829201,16.996901
-61.832199,16.999399
-61.835300,17.003300
-61.840599,17.005600
-61.847801,17.006701
-61.851700,17.010000
-61.857800,17.011400
-61.864201,17.013100
-61.870300,17.014700
-61.876099,17.016899
-61.880600,17.019699
-61.883598,17.023600
-61.885799,17.028099
-61.887199,17.033100
-61.885601,17.039200
-61.883099,17.044399
-61.881401,17.050301
-61.881100,17.056700
-61.882500,17.061701
-61.885601,17.065599
-61.887798,17.070000
-61.886902,17.075600
-61.882198,17.077499
-61.876099,17.078100
-61.870300,17.078600
-61.866901,17.082199
-61.868301,17.085800
-61.872200,17.089199
-61.877800,17.091400
-61.883099,17.090300
-61.888901,17.089701
-61.891102,17.094200
-61.889400,17.100000
-61.887199,17.105301
-61.884201,17.109699
-61.880798,17.113300
-61.877499,17.116899
-61.872501,17.119200
-61.868900,17.115801
-61.862499,17.114201
-61.856098,17.112499
-61.849201,17.111700
-61.843300,17.112200
-61.839699,17.115801
-61.839699,17.120600
-61.845299,17.122801
-61.851700,17.124399
-61.853901,17.128901
-61.854198,17.134399
-61.851898,17.139700
-61.848301,17.143299
-61.845001,17.146900
-61.841702,17.150801
-61.838600,17.155300
-61.836102,17.160299
-61.832802,17.163900
-61.826401,17.167200
-61.820801,17.166401
-61.814400,17.164700
-61.807499,17.163900
-61.801399,17.164200
-61.794399,17.163300
-61.789200,17.161100
-61.784199,17.158300
-61.781399,17.154400
-61.778301,17.150600
-61.776100,17.146099
-61.773102,17.142200
-61.771702,17.136900
-61.772499,17.131701
-61.776100,17.128099
-61.774700,17.122801
-61.771702,17.118900
-61.767799,17.115601
-61.763100,17.112801
-61.756901,17.111401
-61.755600,17.115801
-61.756100,17.121700
-61.755001,17.126900
-61.751099,17.129999
-61.746899,17.132799
-61.744202,17.137199
-61.739700,17.136700
-61.737499,17.131901
-61.735298,17.127501
-61.730801,17.124701
-61.724701,17.125299
-61.719398,17.126699
-61.714401,17.127800
-61.708599,17.127199
-61.705601,17.123100
-61.705601,17.118299
-61.709702,17.115601
-61.715000,17.114201
-61.720798,17.113600
-61.726398,17.112200
-61.730801,17.110300
-61.730301,17.105801
-61.727200,17.101900
-61.724201,17.098101
-61.721901,17.093599
-61.719700,17.089199
-61.714699,17.090599
-61.709202,17.091700
-61.702801,17.090300
-61.696701,17.088600
-61.693100,17.092199
-61.689201,17.094999
-61.684399,17.092199
-61.679699,17.094400
-61.674198,17.093599
-61.670300,17.090300
-61.668900,17.084999
-61.669998,17.078300
-61.674198,17.075600
-61.680599,17.075800
-61.686901,17.076099
-61.692501,17.074699
-61.695801,17.071100
-61.693600,17.067801
-61.689400,17.065800
-61.683102,17.064199
-61.676701,17.062799
-61.671398,17.060600
-61.668301,17.056700
-61.666901,17.051399
-61.666401,17.045799
-61.667500,17.040600
-61.672501,17.039200
-61.677200,17.037201
-61.680801,17.033300
-61.682499,17.027500
-61.686699,17.024401
-61.691898,17.023300
-61.698898,17.024401
-61.705299,17.025801
-61.711700,17.027500
-61.716900,17.029699
-61.721699,17.032499
-61.728100,17.034201
-61.733898,17.033600
-61.736900,17.029200
-61.734699,17.024700
-61.731701,17.020800
-61.729401,17.016399
-61.728100,17.011101
-61.727501,17.005600
-61.727798,16.999399
-61.728600,16.993900
-61.732201,16.990299
-61.738098,16.989700
# Triangles
31,30,33
31,33,32
34,33,28
33,30,28
34,26,35
27,34,28
28,30,29
36,35,43
43,35,24
40,39,41
50,49,48
41,39,38
42,41,38
42,37,43
42,38,37
47,46,57
37,36,43
51,48,47
26,34,27
19,18,20
21,20,17
17,20,18
21,17,16
11,14,13
21,15,22
13,12,11
16,15,21
10,15,14
24,44,43
35,26,25
25,24,35
60,45,44
24,22,44
15,44,22
10,14,11
15,10,44
9,61,10
10,61,44
22,24,23
46,45,59
61,9,92
47,52,51
47,53,52
53,47,54
50,48,51
59,45,60
54,47,57
57,46,58
58,46,59
61,60,44
54,57,55
55,57,56
68,67,64
64,67,66
64,63,69
64,69,68
63,70,69
63,71,70
64,66,65
62,92,91
78,63,89
63,62,89
83,85,84
85,83,89
89,86,85
79,89,83
89,62,90
89,87,86
89,88,87
62,91,90
73,72,76
74,76,75
76,74,73
72,77,76
83,81,79
79,81,80
71,77,72
78,89,79
63,78,77
82,81,83
77,71,63
62,61,92
9,8,160
161,6,3
6,5,4
6,4,3
163,3,2
169,168,167
169,166,1
166,169,167
2,1,165
1,166,165
6,161,7
3,162,161
161,160,7
159,9,160
93,9,159
163,162,3
2,164,163
157,156,138
158,157,137
2,165,164
120,159,158
149,153,152
154,138,155
153,149,154
152,151,149
150,149,151
147,146,145
139,149,148
139,154,149
144,148,147
139,148,140
137,157,138
137,120,158
138,154,139
141,148,144
141,144,143
142,141,143
141,140,148
147,145,144
138,156,155
124,137,136
116,115,94
92,9,93
119,94,120
95,94,115
116,94,117
119,118,117
114,104,115
119,117,94
93,159,94
105,114,113
98,96,103
96,98,97
99,98,103
103,96,95
103,95,115
103,115,104
99,101,100
99,102,101
102,99,103
114,105,104
113,106,105
137,124,123
137,121,120
137,122,121
122,137,123
127,125,135
131,133,132
134,133,131
127,135,134
131,127,134
130,129,131
135,125,124
124,136,135
112,111,107
112,107,106
107,111,108
111,109,108
106,113,112
131,128,127
128,131,129
110,109,111
127,126,125
159,120,94
8,7,160
