# Sierra Leone region 1
106 103
# Outer Vertices
-12.900910,9.270466
-12.844170,9.282219
-12.788060,9.327219
-12.704720,9.399164
-12.583610,9.662218
-12.519450,9.710829
-12.503330,9.862217
-12.235560,9.938885
-12.131940,9.874996
-11.893330,9.931385
-11.895000,9.996107
-11.214720,9.997496
-10.936390,9.658331
-10.828610,9.433331
-10.748330,9.387775
-10.656670,9.294996
-10.726940,9.181108
-10.733890,9.079996
-10.571250,9.057003
-10.595280,8.889441
-10.530280,8.751387
-10.467220,8.684162
-10.500280,8.624996
-10.589720,8.571663
-10.650280,8.434996
-10.701270,8.275755
-10.652220,8.338051
-10.549440,8.310274
-10.485830,8.354996
-10.386110,8.494995
-10.266520,8.488701
-10.294450,8.365829
-10.297220,8.198330
-10.355550,8.146385
-10.498060,8.136385
-10.603330,8.030552
-10.600440,7.773164
-10.684720,7.744442
-10.904170,7.509165
-11.098890,7.387220
-11.277500,7.224442
-11.355830,7.146943
-11.337780,7.092776
-11.498700,6.913198
-11.755000,7.099443
-11.946110,7.186666
-12.428060,7.361110
-12.498060,7.397221
-12.438890,7.415554
-12.365840,7.389721
-12.494450,7.452221
-12.428340,7.530276
-12.296110,7.528054
-12.185560,7.598610
-12.295280,7.568054
-12.463610,7.556109
-12.505000,7.633610
-12.542220,7.657221
-12.461940,7.769999
-12.541390,7.708610
-12.606390,7.682776
-12.861950,7.811943
-12.958060,7.908332
-12.881940,7.937498
-12.822500,7.918055
-12.908060,8.033331
-12.878060,8.101664
-12.982780,8.188887
-12.976950,8.252220
-13.022220,8.236942
-13.160000,8.168053
-13.162220,8.244719
-13.224720,8.342220
-13.285280,8.498886
-13.198060,8.493608
-13.068890,8.371386
-13.035280,8.379997
-13.098060,8.422497
-13.125830,8.453331
-13.014720,8.556387
-12.950830,8.551107
-12.871390,8.567219
-12.946670,8.591663
-13.087780,8.593330
-13.028890,8.648052
-13.162220,8.655275
-13.101950,8.579720
-13.145280,8.514442
-13.165560,8.518608
-13.240840,8.665276
-13.236950,8.824163
-13.198610,8.860275
-13.172220,8.839996
-13.069170,8.856386
-13.162220,8.890553
-13.113890,8.925552
-13.084170,8.941109
-13.194170,8.914164
-13.251110,8.954720
-13.298430,9.038452
-13.187500,9.086941
-13.095830,9.045830
-13.007500,9.103607
-12.960830,9.234440
-12.930560,9.288885
-12.900910,9.270466
# Triangles
71,70,69
72,71,75
75,69,76
69,75,71
79,76,80
73,72,74
78,77,79
72,75,74
88,87,86
77,76,79
76,69,68
63,62,61
64,61,60
63,61,64
57,56,58
60,59,64
66,64,58
81,76,68
68,67,66
76,81,80
81,68,66
58,81,66
64,66,65
81,17,3
90,92,91
85,90,89
85,92,90
85,89,88
85,93,92
88,86,85
100,99,98
100,98,97
93,95,94
100,97,101
97,96,101
93,96,95
85,84,93
96,93,102
81,93,82
81,102,93
82,93,84
103,0,104
103,102,0
102,81,1
2,81,3
81,2,1
102,1,0
3,5,4
102,101,96
84,83,82
64,59,58
48,47,46
46,45,49
50,49,51
46,49,48
52,49,45
58,56,54
54,56,55
58,25,81
52,51,49
54,53,58
52,45,53
25,58,53
45,40,53
44,43,41
41,43,42
44,41,40
39,53,40
53,39,25
25,38,37
35,37,36
39,38,25
34,33,28
25,35,34
37,35,25
44,40,45
32,28,33
17,13,9
14,13,16
8,3,17
24,17,25
17,16,13
9,13,12
14,16,15
5,7,6
7,5,8
8,5,3
11,10,9
9,8,17
12,11,9
81,25,17
27,26,25
17,24,23
28,31,29
28,27,34
30,29,31
25,34,27
18,17,19
17,23,19
19,23,20
22,21,20
22,20,23
31,28,32
