# Bermuda region 0
91 88
# Outer Vertices
-64.823097,32.260601
-64.831100,32.261398
-64.838303,32.261398
-64.846100,32.262501
-64.852203,32.264400
-64.858299,32.266701
-64.857803,32.270599
-64.851898,32.271900
-64.845596,32.272499
-64.839401,32.270599
-64.833298,32.268299
-64.826698,32.269199
-64.820000,32.269699
-64.814201,32.271099
-64.807503,32.272499
-64.801399,32.273899
-64.796402,32.275799
-64.790604,32.277500
-64.784698,32.278599
-64.779999,32.281700
-64.777199,32.286098
-64.780602,32.290001
-64.784698,32.293098
-64.788300,32.296902
-64.783096,32.299198
-64.777802,32.301102
-64.771896,32.302502
-64.766899,32.304699
-64.761703,32.306900
-64.756401,32.309200
-64.751099,32.311100
-64.747803,32.312199
-64.745598,32.315300
-64.741898,32.318901
-64.738098,32.322800
-64.734200,32.326401
-64.730598,32.330002
-64.726700,32.333599
-64.722198,32.336700
-64.718300,32.340302
-64.714996,32.344700
-64.712196,32.349201
-64.708900,32.353600
-64.705803,32.358101
-64.702499,32.362499
-64.699402,32.366901
-64.696404,32.371399
-64.692497,32.375000
-64.688103,32.377800
-64.683601,32.380798
-64.677803,32.382198
-64.671700,32.380001
-64.674202,32.375000
-64.679199,32.372799
-64.683601,32.369999
-64.688301,32.366901
-64.691902,32.363300
-64.695801,32.359699
-64.698303,32.354401
-64.699997,32.348301
-64.698601,32.343601
-64.694702,32.339699
-64.692497,32.335300
-64.694702,32.330002
-64.700600,32.328602
-64.706703,32.327499
-64.711700,32.325298
-64.716400,32.322201
-64.721397,32.320301
-64.725304,32.316399
-64.728897,32.312801
-64.733597,32.310001
-64.737503,32.306099
-64.741096,32.302502
-64.745003,32.298901
-64.748901,32.295300
-64.753304,32.292198
-64.756897,32.288601
-64.761101,32.285000
-64.765297,32.281898
-64.769997,32.279202
-64.775299,32.276901
-64.779198,32.273300
-64.783302,32.270599
-64.788902,32.268299
-64.793900,32.266102
-64.799202,32.263901
-64.803299,32.262501
-64.809700,32.261700
-64.816399,32.261101
-64.823097,32.260601
# Triangles
6,5,4
9,3,2
3,8,4
1,10,2
4,8,7
7,6,4
3,9,8
11,10,1
2,10,9
1,90,11
12,90,89
14,88,87
89,88,13
14,87,15
88,14,13
13,12,89
16,85,84
15,86,85
87,86,15
17,84,83
90,12,11
15,85,16
83,18,17
17,16,84
18,82,19
18,83,82
23,22,24
24,22,21
25,21,26
21,25,24
19,82,81
20,81,80
81,20,19
20,80,79
20,78,26
78,20,79
26,78,77
27,76,28
27,26,77
30,29,74
28,75,29
76,75,28
77,76,27
20,26,21
30,74,31
31,73,72
74,73,31
71,32,72
72,32,31
71,33,32
34,33,71
34,69,35
35,68,36
70,34,71
74,29,75
68,35,69
37,68,67
38,67,66
68,37,36
67,38,37
39,38,66
65,39,66
61,64,63
65,64,60
63,62,61
69,34,70
39,65,40
41,60,59
60,41,40
41,59,42
60,40,65
43,58,44
58,43,42
46,45,56
44,57,45
44,58,57
42,59,58
56,55,46
54,53,48
55,54,47
46,55,47
47,54,48
48,53,49
50,52,51
50,49,53
50,53,52
56,45,57
64,61,60
