# Cambodia region 1
169 166
# Outer Vertices
106.332397,14.445320
106.438301,14.487500
106.433296,14.523330
106.541702,14.598980
106.627701,14.466940
106.733597,14.442500
106.838303,14.312500
106.997498,14.363880
107.050201,14.443050
107.108902,14.401110
107.278000,14.559720
107.296097,14.598610
107.326599,14.606940
107.422501,14.545550
107.454102,14.557770
107.529404,14.693610
107.545898,14.704960
107.535500,14.556940
107.478302,14.430830
107.416100,14.429440
107.383904,14.260830
107.367996,14.033890
107.385201,14.002780
107.445503,14.005000
107.474297,13.930010
107.462402,13.796210
107.628899,13.542780
107.636398,13.381660
107.495796,13.005550
107.509697,12.882500
107.567703,12.802220
107.583000,12.500000
107.548897,12.356390
107.440804,12.253610
107.318901,12.329440
107.166901,12.277780
106.978897,12.084440
106.781898,12.065830
106.730301,11.975830
106.476601,11.970830
106.420197,11.973610
106.471298,11.869460
106.423599,11.767500
106.458504,11.664560
106.190002,11.749160
106.039101,11.776390
105.966599,11.646390
105.821404,11.620830
105.818199,11.596440
105.899101,11.448050
105.885803,11.399740
105.869698,11.296940
106.074699,11.106660
106.159103,11.093890
106.214401,10.975550
106.155197,10.975830
106.145798,10.915550
106.203300,10.770550
105.957497,10.900000
105.932999,10.833610
105.870201,10.851660
105.791603,11.007220
105.758301,11.021390
105.467201,10.955000
105.429703,10.966110
105.355499,10.846660
105.109100,10.955550
105.043602,10.901390
105.066399,10.781390
105.099701,10.726390
104.890503,10.540000
104.821404,10.520000
104.598602,10.534160
104.448402,10.422500
104.392197,10.455270
104.250801,10.566660
104.208603,10.552220
103.992500,10.570830
103.861099,10.693050
103.823601,10.540830
103.744400,10.519440
103.737999,10.496390
103.630501,10.490830
103.500298,10.621390
103.588303,10.731110
103.684402,10.740550
103.721901,10.866110
103.699997,10.929160
103.555298,11.156940
103.500000,11.164160
103.449997,11.051660
103.416901,10.889720
103.275497,10.928890
103.216599,10.873330
103.135201,10.893610
103.102997,11.174440
103.078300,11.282780
103.146103,11.306110
103.063599,11.443610
103.126099,11.460000
103.170303,11.424170
103.141602,11.491390
103.106400,11.463610
103.033600,11.545280
102.993599,11.538610
102.956398,11.551390
102.988602,11.635000
103.043602,11.629720
102.966499,11.669860
102.997803,11.708610
103.065300,11.702500
103.082703,11.726390
102.974701,11.713610
102.966904,11.713890
102.954399,11.569720
102.914200,11.633420
102.916397,11.742770
102.781898,11.999720
102.736900,12.303610
102.788597,12.424720
102.592499,12.626660
102.512199,12.665000
102.525002,12.766940
102.495796,13.011940
102.351402,13.267220
102.360199,13.571660
102.527199,13.567780
102.622704,13.606940
102.560501,13.652500
102.563301,13.681390
102.722198,13.763610
102.790001,13.934440
102.919701,14.104720
102.958000,14.203050
103.228600,14.332780
103.507797,14.396660
103.659103,14.447780
103.695801,14.440000
103.700798,14.390550
103.973602,14.364440
104.187500,14.386670
104.443298,14.372220
104.571602,14.364720
104.714996,14.437770
104.782204,14.430550
104.880501,14.422500
105.001900,14.383330
105.032997,14.247770
105.069397,14.218330
105.137199,14.239720
105.210403,14.352560
105.209999,14.284440
105.364098,14.109440
105.517197,14.140830
105.598297,14.151660
105.732399,14.111490
105.849197,14.007220
105.857002,14.000240
105.939102,13.926940
106.091904,13.920000
106.174400,14.050280
106.101898,14.186660
106.041603,14.224720
105.993896,14.343330
106.028297,14.360270
106.209702,14.375550
106.246902,14.446390
106.251099,14.493330
106.332397,14.445320
# Triangles
94,93,92
95,97,96
92,95,94
90,95,92
89,97,90
95,90,97
91,90,92
100,89,88
106,104,103
104,106,105
107,106,103
103,101,107
98,97,100
100,97,89
98,100,99
101,103,102
100,88,101
110,107,101
111,101,88
82,81,80
82,80,85
78,80,79
74,73,72
67,72,71
75,74,72
70,67,71
80,78,85
85,84,82
86,85,78
87,86,78
78,75,87
87,75,67
78,76,75
68,70,69
70,68,67
67,75,72
88,67,66
77,76,78
67,88,87
82,84,83
47,111,88
118,117,119
121,120,122
123,122,120
115,114,113
119,117,111
111,117,116
116,115,113
119,139,130
123,120,119
124,123,126
126,125,124
126,123,127
129,127,130
127,129,128
127,123,119
132,131,130
132,130,138
119,130,127
132,134,133
113,112,116
109,108,107
109,107,110
148,119,111
101,111,110
47,148,111
135,132,138
141,119,148
147,142,148
130,139,138
139,119,141
152,149,148
111,116,112
138,136,135
136,138,137
135,134,132
140,139,141
145,147,146
147,145,144
144,143,142
144,142,147
148,142,141
66,47,88
64,63,51
51,62,61
51,63,62
66,64,48
60,59,58
58,56,55
61,58,52
57,56,58
60,58,61
55,52,58
51,50,48
49,48,50
47,152,148
51,48,64
53,52,55
40,158,45
40,45,44
45,152,47
45,47,46
51,61,52
66,48,47
53,55,54
158,40,159
41,40,42
40,44,42
42,44,43
37,36,35
38,37,39
39,37,40
37,28,159
159,28,25
34,29,35
25,28,27
29,28,35
34,33,32
28,37,35
31,30,34
34,30,29
27,26,25
31,34,32
159,40,37
159,25,6
152,156,153
156,152,157
153,155,154
155,153,156
158,157,152
161,160,165
162,161,165
152,45,158
164,163,162
162,165,164
151,150,149
167,166,0
0,166,165
0,165,160
3,2,1
3,1,4
0,4,1
4,0,160
151,149,152
21,20,9
7,6,21
9,7,21
8,7,9
20,19,9
21,6,22
22,24,23
6,160,159
19,18,13
22,6,25
9,19,10
11,10,12
5,4,6
18,14,13
10,19,13
14,17,15
16,15,17
13,12,10
17,14,18
6,4,160
24,22,25
64,66,65
