# Togo region 0
91 88
# Outer Vertices
-0.150955,11.139270
0.506944,11.002500
0.504167,10.936940
0.671667,10.996660
0.917435,10.995760
0.785278,10.524440
0.776667,10.376660
1.355000,9.995274
1.368333,9.596663
1.337500,9.542496
1.473611,9.256386
1.596389,9.116940
1.627777,8.881107
1.624722,8.548052
1.660833,8.496941
1.613055,8.374718
1.634722,8.357773
1.644444,7.265554
1.642500,6.995553
1.548611,6.995275
1.623055,6.757776
1.575278,6.679720
1.771389,6.392498
1.799956,6.280929
1.634175,6.210679
1.203850,6.099102
1.201111,6.159998
1.100000,6.160554
1.000278,6.327776
0.904722,6.329443
0.733611,6.490831
0.683706,6.587327
0.571111,6.813332
0.529167,6.825831
0.563889,6.917498
0.513889,6.970832
0.608055,7.014443
0.665833,7.303609
0.646667,7.399999
0.570278,7.385276
0.510556,7.460554
0.521111,7.585832
0.581944,7.620831
0.587222,7.694164
0.626944,7.769165
0.588889,8.197496
0.726944,8.284996
0.674167,8.405552
0.633889,8.491663
0.472500,8.592773
0.383055,8.762218
0.390000,8.787497
0.482500,8.791664
0.514444,8.911942
0.448055,9.019997
0.551944,9.361107
0.548889,9.414997
0.462778,9.488329
0.364444,9.489717
0.287778,9.421385
0.229014,9.432280
0.221111,9.472773
0.275000,9.480551
0.297222,9.509720
0.223055,9.528608
0.233056,9.572218
0.348611,9.564442
0.376389,9.590551
0.349167,9.611662
0.285278,9.591106
0.253056,9.653608
0.275278,9.679996
0.335833,9.649719
0.349444,9.692219
0.322500,9.729162
0.368055,10.027500
0.399444,10.061110
0.349722,10.115270
0.383240,10.273630
0.393333,10.308330
0.320833,10.330550
0.286389,10.413890
0.196389,10.397780
0.045833,10.586110
-0.068333,10.633890
-0.071389,10.737770
0.032500,10.989720
0.034444,11.075000
-0.021111,11.103610
-0.133889,11.111390
-0.150955,11.139270
# Triangles
61,60,62
62,59,58
59,62,60
62,58,63
63,66,65
63,65,64
66,63,58
69,68,72
66,58,67
50,49,52
41,40,42
48,52,49
58,57,67
48,53,52
56,76,57
51,50,52
67,57,73
53,55,54
68,67,72
84,83,85
71,70,72
86,83,2
90,89,88
1,87,86
88,87,1
85,83,86
88,1,90
81,83,82
73,72,67
74,73,75
76,75,73
77,76,78
73,57,76
79,81,80
1,86,2
79,5,81
5,2,81
79,78,6
2,83,81
76,6,78
70,69,72
36,32,31
30,29,28
30,28,31
19,36,31
36,35,34
33,32,34
40,39,38
19,37,36
17,38,37
32,36,34
38,42,40
28,21,31
28,26,21
26,24,21
24,26,25
23,22,24
19,21,20
19,31,21
18,17,19
21,24,22
17,37,19
27,26,28
38,17,44
43,42,44
45,44,46
46,44,15
38,44,42
6,76,7
48,12,53
10,55,53
5,79,6
47,13,48
9,56,55
2,5,3
76,56,7
13,47,46
48,13,12
11,10,12
13,15,14
53,12,10
15,44,16
9,7,56
5,4,3
8,7,9
10,9,55
15,13,46
17,16,44
