# Guyana region 0
161 158
# Outer Vertices
-59.944450,8.210274
-59.831951,8.228884
-59.801392,8.274998
-59.989052,8.533598
-59.952511,8.509163
-59.855831,8.379442
-59.435280,8.128330
-59.522511,8.226109
-59.752781,8.347498
-59.781952,8.386663
-59.765011,8.410000
-59.327511,8.159998
-58.953609,7.862498
-58.653889,7.598331
-58.467510,7.281665
-58.478889,7.012499
-58.553341,6.942221
-58.618340,6.549165
-58.634731,6.449720
-58.683331,6.379998
-58.596401,6.413332
-58.486679,6.780554
-58.426121,6.866111
-58.327511,6.895276
-57.995838,6.795277
-57.636669,6.482221
-57.519451,6.270832
-57.497509,6.341109
-57.363899,6.289999
-57.210011,6.158333
-57.159679,5.997243
-57.184719,5.592499
-57.248138,5.485810
-57.335560,5.313332
-57.286671,5.229443
-57.261120,5.220553
-57.252499,5.269165
-57.212780,5.232222
-57.190552,5.164165
-57.228882,5.140832
-57.266109,5.177775
-57.297230,5.160276
-57.289169,5.016665
-57.375832,5.006109
-57.688332,5.010277
-57.853619,4.912776
-57.926392,4.798609
-57.838612,4.654720
-57.882500,4.559164
-57.954170,4.287776
-58.071671,4.152221
-58.040562,3.994721
-57.929169,3.886666
-57.835831,3.664999
-57.735001,3.610277
-57.636951,3.461110
-57.666950,3.395555
-57.642231,3.355833
-57.299450,3.370832
-57.293331,3.263888
-57.210560,3.035277
-57.202221,2.820833
-57.127781,2.791666
-57.093609,2.715832
-57.023060,2.624721
-56.691891,2.026975
-56.557781,2.021944
-56.470909,1.944464
-56.554722,1.903333
-56.628330,1.939722
-56.670841,1.913611
-56.979160,1.916388
-57.053051,1.952777
-57.067501,2.010833
-57.100559,2.023888
-57.236950,1.947222
-57.303051,1.981388
-57.353062,1.955555
-57.507511,1.736388
-57.564449,1.698055
-57.753620,1.720555
-57.825279,1.682222
-57.980831,1.656944
-57.974720,1.601388
-58.013889,1.512222
-58.252781,1.565833
-58.311939,1.603333
-58.347500,1.549444
-58.503899,1.450555
-58.471111,1.320555
-58.515560,1.267777
-58.695271,1.286944
-58.726391,1.228611
-58.807220,1.185555
-58.865841,1.201944
-58.928341,1.302777
-59.000542,1.331178
-59.232769,1.379166
-59.531391,1.718888
-59.642780,1.731111
-59.678051,1.771389
-59.631111,1.846388
-59.751949,1.865277
-59.734730,2.287221
-59.849731,2.330555
-59.965279,2.626666
-59.976940,2.911388
-59.859730,3.286944
-59.821388,3.468054
-59.858341,3.563888
-59.760559,3.628332
-59.518890,3.952499
-59.598621,4.016387
-59.635830,4.146387
-59.705280,4.167220
-59.732769,4.227498
-59.712780,4.309443
-59.676121,4.388887
-59.754719,4.430276
-60.147789,4.517498
-60.152222,4.573332
-60.025829,4.707221
-59.974720,5.093054
-60.051941,5.134443
-60.111420,5.225906
-60.200550,5.273609
-60.440552,5.176387
-60.666950,5.216665
-60.732929,5.205276
-61.389999,5.939998
-61.279140,6.066760
-61.219158,6.128886
-61.113060,6.187220
-61.113892,6.282221
-61.156658,6.328887
-61.153610,6.492220
-61.204720,6.574443
-61.138050,6.701942
-60.896111,6.759721
-60.909439,6.809164
-60.713058,6.758054
-60.408329,6.947498
-60.368061,6.930276
-60.331390,7.024165
-60.278339,7.112499
-60.357780,7.175553
-60.495281,7.181109
-60.535561,7.123887
-60.617771,7.194442
-60.634449,7.258054
-60.588051,7.316386
-60.645840,7.436665
-60.691109,7.455832
-60.719730,7.528887
-60.693611,7.566109
-60.632771,7.601110
-60.535278,7.802220
-60.340939,7.846042
-60.178051,7.981387
-60.023331,8.041386
-59.944450,8.210274
# Triangles
118,121,119
121,120,119
121,118,122
106,103,107
53,111,108
104,103,105
103,106,105
110,109,108
129,128,130
130,132,131
132,130,128
128,127,132
126,125,127
132,125,140
127,125,132
123,122,124
19,142,125
125,124,19
99,98,101
101,100,99
102,101,103
101,98,103
95,94,92
103,98,86
97,96,98
88,96,95
98,96,88
53,108,107
113,116,115
108,111,110
112,111,113
113,117,116
117,113,111
113,115,114
122,117,46
53,107,103
118,117,122
117,111,50
122,19,124
134,133,135
136,135,137
138,137,135
135,133,138
138,140,139
140,138,133
141,140,142
133,132,140
153,152,154
154,152,151
151,155,154
148,146,150
146,148,147
156,155,157
155,151,150
150,145,155
145,150,146
150,149,148
143,142,144
145,144,157
157,144,158
157,155,145
144,16,12
144,159,158
144,12,6
1,159,6
159,144,6
11,6,12
7,6,11
125,142,140
160,159,1
5,3,2
4,3,5
6,5,2
9,8,10
10,8,7
7,11,10
1,6,2
144,142,19
93,92,94
90,88,91
88,90,89
88,86,98
95,91,88
82,86,85
83,85,84
82,85,83
87,86,88
103,86,57
82,81,80
53,56,54
53,103,56
57,82,80
86,82,57
80,61,57
57,56,103
56,55,54
77,80,78
80,79,78
53,51,111
74,76,75
77,76,61
72,71,73
71,70,65
66,69,68
65,70,69
71,65,73
67,66,68
62,61,63
58,57,59
59,57,60
61,60,57
65,64,73
65,69,66
64,63,76
74,73,64
63,61,76
64,76,74
80,77,61
117,50,46
20,19,45
46,19,122
49,48,50
111,51,50
48,46,50
47,46,48
46,45,19
51,53,52
24,20,25
144,17,16
14,13,16
12,16,13
17,19,18
21,23,22
23,21,24
15,14,16
24,21,20
20,45,44
144,19,17
44,43,41
34,41,40
42,41,43
44,41,33
33,41,34
39,38,40
40,37,35
37,40,38
40,35,34
36,35,37
28,26,29
25,20,26
28,27,26
26,33,32
26,44,33
30,29,26
26,31,30
26,32,31
26,20,44
91,95,92
