# Finland region 0
29 26
# Outer Vertices
19.761391,60.072208
19.648331,60.256649
19.685280,60.263882
19.786381,60.299709
19.792500,60.191380
19.821110,60.193878
19.935280,60.282768
19.898609,60.339710
19.850830,60.312481
19.780001,60.349152
19.905830,60.399990
19.927500,60.349991
20.141390,60.330540
20.277500,60.274151
20.171671,60.163879
20.085550,60.174160
20.105829,60.221371
20.089161,60.227772
20.055000,60.188881
20.037220,60.298321
20.021111,60.263321
19.972219,60.268600
20.016390,60.181381
19.921671,60.220539
19.945829,60.180820
20.044170,60.171940
20.050831,60.089710
19.957781,60.089432
19.761391,60.072208
# Triangles
1,28,2
2,28,4
28,5,4
24,5,27
23,5,24
23,21,6
4,3,2
5,28,27
5,23,6
9,8,10
7,6,11
11,19,12
11,10,7
6,21,11
7,10,8
27,25,24
21,23,22
15,14,16
21,20,19
21,19,11
17,16,12
18,17,19
13,12,16
16,14,13
17,12,19
27,26,25
