# Finland region 2
421 418
# Outer Vertices
28.015240,70.069366
28.094160,69.938568
28.379721,69.827469
29.098881,69.708023
29.294720,69.495239
29.285549,69.463593
28.826941,69.238022
28.781670,69.149696
28.786940,69.119133
28.964769,69.051910
28.456940,68.918297
28.432220,68.886368
28.737770,68.875793
28.805830,68.821373
28.759159,68.751923
28.458611,68.534698
28.696659,68.193298
29.356939,68.082474
29.691660,67.815247
30.028610,67.694687
29.986380,67.615250
29.977770,67.572479
29.932770,67.513870
29.406111,67.209137
29.134159,67.013603
29.087780,66.969971
29.075001,66.879959
29.159439,66.799133
29.350269,66.682457
29.387131,66.624847
29.548330,66.495506
29.618330,66.345810
29.948330,66.049698
30.134159,65.719131
30.123890,65.664978
30.024441,65.691071
29.728880,65.642197
29.745831,65.621078
29.855270,65.576080
29.845551,65.554138
29.746111,65.514420
29.749439,65.347748
29.598881,65.259697
29.609440,65.235237
29.843050,65.219971
29.858610,65.175522
29.823330,65.148857
29.874439,65.125793
29.637220,65.068314
29.606380,65.007202
29.645000,64.913857
29.794161,64.797203
30.087780,64.791641
30.130280,64.753036
30.131390,64.721626
30.209160,64.672737
30.178881,64.631638
29.980829,64.585800
30.002769,64.517754
30.087219,64.483032
30.051661,64.405533
30.156111,64.354141
30.359440,64.319702
30.560829,64.244423
30.558050,64.200256
30.559441,64.156082
30.614441,64.086639
30.595280,64.046921
30.255831,63.817760
30.004721,63.752769
30.027500,63.718040
30.481661,63.478588
30.904160,63.357491
30.962490,63.309711
31.196110,63.234150
31.250549,63.191650
31.275000,63.117760
31.587299,62.913830
31.430000,62.758881
31.264721,62.512760
30.545830,62.107491
30.152981,61.857121
30.039761,61.784969
29.839720,61.657490
29.734440,61.565262
29.002501,61.177212
28.712219,61.041660
28.638880,60.966091
28.428049,60.905540
27.794769,60.547562
27.774719,60.573879
27.735001,60.551659
27.751659,60.500542
27.648609,60.488041
27.683331,60.517490
27.606670,60.506100
27.626110,60.466648
27.487221,60.506939
27.473049,60.476379
27.446390,60.461380
27.214439,60.554710
27.145830,60.521648
27.040279,60.541660
26.967489,60.445271
26.794720,60.484150
26.699711,60.413601
26.576111,60.450260
26.514441,60.440269
26.480040,60.474522
26.594999,60.598049
26.753889,60.571659
26.695271,60.640820
26.615549,60.640270
26.461941,60.507488
26.482220,60.436939
26.346380,60.372761
26.188330,60.409988
26.061110,60.423870
25.936939,60.483051
25.940830,60.466648
26.046671,60.415821
26.003330,60.391930
26.111660,60.330269
26.083050,60.294991
25.996111,60.344711
25.838051,60.401100
25.915279,60.355820
25.902220,60.285549
25.928610,60.248600
25.887501,60.241650
25.763611,60.311649
25.780279,60.272209
25.783890,60.238041
25.653610,60.291660
25.705000,60.338871
25.672501,60.362770
25.526939,60.323879
25.518890,60.255550
25.378330,60.239990
25.204439,60.242210
25.195271,60.186378
25.031111,60.144989
25.016390,60.171940
25.024441,60.201382
24.982500,60.200260
24.965000,60.141380
24.850830,60.136662
24.857780,60.154430
24.842779,60.192211
24.671391,60.100552
24.553890,60.154430
24.587500,60.128880
24.602501,60.117489
24.482220,59.991379
24.413330,59.991100
24.460550,60.045269
24.323330,59.992489
24.344999,60.025829
24.366659,60.068050
24.161110,60.043049
24.014999,60.004162
24.014999,60.037491
23.701941,59.954430
23.434441,59.950550
23.479441,60.007210
23.546110,60.067211
23.457781,60.027489
23.346939,59.927761
23.213890,59.884159
23.253050,59.843601
22.909719,59.804989
22.934719,59.840549
23.165550,59.886101
23.159161,59.917210
23.257219,59.919430
23.338329,60.019989
23.319441,60.024990
23.224970,59.924999
23.150551,59.933319
23.107780,59.968319
23.224720,60.003319
23.250000,60.038601
23.049440,60.036098
22.972219,60.091930
22.879440,60.150829
23.062220,60.331928
23.055830,60.353321
22.642220,60.220268
22.590269,60.229988
22.447220,60.244431
22.631390,60.381100
22.566940,60.365551
22.476669,60.400269
22.285271,60.371380
22.175831,60.431381
22.031670,60.442211
21.937500,60.521381
21.837500,60.518318
21.874161,60.472759
21.783609,60.481659
21.799999,60.566929
21.844999,60.587212
21.831940,60.622761
21.670280,60.543320
21.628611,60.488602
21.559441,60.484711
21.583330,60.516102
21.410830,60.582211
21.465830,60.605820
21.395281,60.636929
21.355000,60.683601
21.441669,60.696930
21.389441,60.746101
21.319719,60.863041
21.423330,60.863880
21.424160,60.906101
21.296730,61.057281
21.482780,61.059711
21.434719,61.139149
21.559441,61.203880
21.477501,61.247761
21.544439,61.276371
21.527220,61.374439
21.445271,61.401661
21.531670,61.405270
21.559999,61.427212
21.423889,61.483879
21.586660,61.477211
21.585831,61.492489
21.486940,61.539440
21.493330,61.573879
21.716391,61.520550
21.610550,61.587490
21.543051,61.675270
21.493891,61.734711
21.378611,61.934711
21.309170,61.933319
21.248329,61.999989
21.389999,62.203602
21.327770,62.352211
21.277500,62.336102
21.269171,62.406101
21.192221,62.333321
21.187500,62.391930
21.125000,62.406101
21.125271,62.547489
21.206940,62.590260
21.064159,62.596371
21.080549,62.671940
21.125830,62.684429
21.128611,62.730549
21.112499,62.774429
21.184999,62.784988
21.240000,62.868599
21.370831,62.859150
21.462500,62.949429
21.439159,63.042488
21.519720,63.066101
21.620001,63.018600
21.682779,63.029709
21.628050,63.054989
21.495831,63.187210
21.497780,63.209991
21.542770,63.231930
21.647221,63.191929
21.703051,63.223320
21.890829,63.253319
21.881660,63.175270
21.982500,63.140541
21.959160,63.179150
22.045561,63.240551
22.165550,63.221931
22.280001,63.295269
22.318050,63.269161
22.347500,63.286098
22.354441,63.344990
22.198059,63.421379
22.197781,63.465549
22.400829,63.416370
22.264441,63.500820
22.283890,63.524151
22.337780,63.518318
22.408051,63.452209
22.493050,63.570820
22.502781,63.623878
22.592501,63.663319
22.586941,63.705818
22.680550,63.697769
22.740829,63.617771
22.824440,63.641380
22.931391,63.755821
22.909161,63.772491
22.923330,63.801102
23.004169,63.756939
22.991110,63.808601
23.043051,63.838871
23.243891,63.886379
23.416660,63.921650
23.367500,63.996929
23.395830,64.049973
23.610001,64.024139
23.624161,64.047470
23.567499,64.099136
23.637220,64.116638
23.831390,64.224136
23.856390,64.260529
23.945551,64.246094
23.999439,64.385803
24.209160,64.450813
24.560551,64.768311
24.674999,64.784698
24.680830,64.829147
25.112780,64.909416
25.260830,64.813583
25.364161,64.831917
25.360830,64.906647
25.303049,64.903870
25.188330,64.966087
25.218611,64.989151
25.420830,64.944138
25.448601,64.960533
25.408331,65.038589
25.213051,65.124687
25.299721,65.237473
25.318890,65.314423
25.266390,65.377197
25.355270,65.410812
25.342220,65.484421
25.004440,65.622482
24.670561,65.633324
24.554720,65.732483
24.556391,65.786926
24.648050,65.881638
24.517220,65.791092
24.236660,65.816360
24.247219,65.776093
24.214439,65.774979
24.167070,65.812843
24.004999,66.052750
23.719160,66.204971
23.657770,66.406921
23.658890,66.460533
23.887501,66.569977
23.900000,66.754700
24.007771,66.800522
23.935829,66.884140
23.725830,67.012756
23.573891,67.167740
23.611389,67.207199
23.584440,67.223862
23.614441,67.263313
23.741659,67.284698
23.781940,67.326370
23.761940,67.420242
23.549160,67.453308
23.500549,67.436363
23.431110,67.465530
23.438881,67.498581
23.553610,67.587479
23.477221,67.774979
23.492491,67.875793
23.665550,67.929962
23.656940,67.950813
23.542219,67.978027
23.294439,68.142197
23.147770,68.127457
23.159439,68.178848
23.119720,68.241913
22.673889,68.420807
22.050550,68.479141
21.897221,68.569977
21.757500,68.576920
21.668610,68.630798
21.207769,68.819702
20.895281,68.893593
20.891380,68.926849
20.931110,68.946350
20.866659,69.004967
20.586090,69.063141
20.738331,69.096359
21.067499,69.039139
21.113050,69.108017
21.066111,69.126358
21.039721,69.182457
21.055000,69.228577
21.320829,69.326080
21.681940,69.284698
22.348610,68.842468
22.398331,68.711090
23.063881,68.695511
23.204161,68.628571
23.703609,68.715263
23.856380,68.832474
24.044720,68.823868
24.131390,68.779968
24.690269,68.676361
24.797779,68.640808
24.881390,68.558578
24.918329,68.561897
24.935551,68.593857
25.095831,68.629143
25.166660,68.785797
25.384720,68.880524
25.612221,68.881348
25.809160,69.011368
25.708611,69.206627
25.751110,69.336090
25.830549,69.378304
25.853050,69.546921
25.934441,69.566360
25.975830,69.630249
25.942221,69.667473
25.988880,69.706627
26.369720,69.849983
26.460550,69.931923
26.807770,69.951920
27.038610,69.908310
27.292500,69.950531
27.377220,70.002762
27.806660,70.079422
28.015240,70.069366
# Triangles
211,210,209
208,211,209
211,202,214
212,211,214
214,213,212
202,217,215
216,215,217
211,208,203
221,220,219
219,218,217
217,202,219
206,205,204
231,228,227
214,202,215
207,206,208
231,225,221
230,229,228
223,222,224
225,224,222
227,225,231
226,225,227
222,221,225
228,231,230
219,231,221
244,243,245
245,243,246
254,252,246
243,241,246
246,249,247
249,248,247
250,249,252
252,249,246
252,254,253
252,251,250
235,238,237
238,235,234
238,233,231
234,233,238
238,259,239
241,240,239
243,242,241
239,254,246
258,255,254
257,256,255
258,254,239
255,258,257
239,246,241
231,233,232
236,235,237
203,208,206
172,171,170
174,173,168
169,168,172
168,173,172
172,170,169
185,183,182
185,184,183
179,178,180
176,181,180
178,177,180
182,181,185
167,174,168
174,167,175
164,163,162
176,175,166
167,166,175
176,166,165
162,165,164
162,161,165
165,185,176
161,186,165
160,159,161
181,176,185
176,180,177
161,150,186
202,211,203
201,200,197
197,200,199
198,197,199
196,201,197
258,239,259
264,260,259
231,202,194
259,268,267
201,196,202
238,268,259
231,219,202
268,238,231
260,264,261
206,204,203
189,188,190
190,188,187
186,185,165
187,186,190
192,190,231
270,269,268
196,194,202
186,231,190
194,193,192
195,194,196
231,194,192
192,191,190
268,231,271
274,231,186
150,297,186
259,267,265
261,263,262
263,261,264
264,259,265
270,268,271
265,267,266
278,277,276
281,280,279
276,275,278
271,273,272
274,273,231
278,282,281
278,275,274
282,278,283
281,279,278
274,288,278
285,284,283
289,288,274
285,287,286
287,285,288
288,285,283
283,278,288
289,297,293
271,231,273
378,377,379
375,374,376
376,373,380
373,376,374
380,373,381
376,380,377
380,379,377
382,381,384
385,384,381
381,373,385
382,384,383
373,386,385
292,291,290
293,290,289
293,292,290
295,294,293
386,372,370
370,372,371
372,386,373
370,369,387
388,387,369
369,368,388
370,387,386
388,368,389
274,186,289
295,293,296
299,297,300
289,186,297
301,300,306
297,299,298
293,297,296
302,301,303
341,340,342
342,340,339
301,304,303
304,306,305
306,304,301
308,307,306
334,336,335
308,306,118
344,343,342
337,334,338
334,337,336
338,344,342
332,344,338
352,344,397
339,338,342
345,344,352
306,300,136
346,345,352
357,356,355
354,357,355
359,361,360
390,389,367
389,368,367
390,364,391
364,366,365
364,367,366
367,364,390
364,363,391
358,357,354
347,346,348
349,348,350
351,350,348
397,361,353
351,346,352
353,358,354
346,351,348
358,353,361
362,361,394
362,391,363
391,394,393
394,391,362
393,392,391
361,395,394
359,358,361
397,353,352
332,338,334
297,148,300
159,150,161
156,155,157
150,159,158
154,153,155
155,153,152
155,158,157
158,155,150
151,150,155
152,151,155
148,147,144
146,145,147
148,150,149
300,148,139
150,148,297
145,144,147
143,141,140
141,143,142
143,140,139
144,143,139
136,139,138
137,136,138
127,129,128
127,130,129
131,133,132
144,139,148
300,139,136
134,133,130
125,130,127
130,133,131
134,130,125
134,125,135
125,127,126
135,125,118
121,120,119
121,124,122
119,118,125
124,121,125
121,119,125
135,118,136
136,118,306
122,124,123
113,116,115
116,113,118
114,113,115
106,108,107
106,109,108
314,112,111
109,106,105
112,118,113
118,117,116
314,118,112
308,118,313
102,104,103
105,104,110
96,95,97
98,97,99
104,102,110
102,101,100
102,100,111
90,100,97
97,95,91
100,99,97
100,88,111
105,110,109
94,92,91
92,94,93
94,91,95
90,89,88
314,111,88
91,90,97
69,86,85
87,86,88
85,84,69
70,83,82
84,83,70
314,88,86
88,100,90
70,82,81
61,69,68
69,84,70
69,61,60
62,68,65
68,62,61
81,71,70
69,58,51
60,58,69
59,58,60
56,54,57
55,54,56
57,51,58
69,314,86
74,76,75
80,79,73
74,73,76
79,78,76
77,76,78
73,79,76
64,62,65
64,63,62
72,71,73
67,66,65
68,67,65
73,71,80
80,71,81
102,111,110
52,57,54
308,310,309
311,310,312
310,313,312
333,332,334
329,328,332
332,331,329
328,327,332
329,331,330
398,344,332
315,319,318
316,318,317
314,320,319
314,69,320
314,319,315
118,314,313
322,321,323
324,321,326
321,324,323
403,327,16
321,320,326
326,325,324
316,315,318
26,327,326
310,308,313
332,327,400
395,397,396
395,361,397
398,400,399
400,398,332
344,398,397
400,402,401
402,400,403
405,404,407
407,406,405
404,409,407
403,15,404
400,327,403
409,408,407
410,413,412
413,410,409
410,412,411
404,413,409
413,415,414
415,413,416
419,418,1
1,420,419
404,416,413
11,417,416
1,418,417
15,416,404
326,320,26
42,49,43
320,42,26
43,49,48
46,43,48
49,320,50
42,41,40
29,27,42
30,29,31
39,37,40
40,37,36
32,31,36
31,29,36
42,36,29
42,40,36
28,27,29
48,47,46
46,45,44
44,43,46
52,51,57
51,50,69
35,34,33
33,32,35
32,36,35
38,37,39
69,50,320
14,11,15
11,1,417
15,403,16
12,14,13
14,12,11
1,10,2
10,1,11
2,10,7
7,6,2
8,7,10
9,8,10
2,6,3
11,416,15
23,16,24
16,25,24
23,22,18
20,22,21
26,42,27
23,17,16
3,5,4
3,6,5
20,19,18
18,17,23
20,18,22
25,16,26
26,16,327
320,49,42
52,54,53
