# Papua New Guinea region 11
274 271
# Outer Vertices
141.006195,-6.333089
141.006104,-5.955000
141.006104,-5.286668
141.006104,-4.617500
141.006104,-3.947778
141.006104,-3.277778
141.007401,-2.607778
141.131302,-2.609168
141.572403,-2.796667
141.894699,-2.971945
141.998001,-2.955000
142.076904,-3.017778
142.061905,-3.055556
142.520203,-3.208611
143.023300,-3.358612
143.442703,-3.411945
143.595505,-3.511111
143.683304,-3.576111
143.713303,-3.555000
143.726898,-3.601389
143.949097,-3.733334
144.010803,-3.807222
144.209396,-3.839445
144.242996,-3.872778
144.278595,-3.805833
144.511597,-3.820834
144.552200,-3.881111
144.543900,-3.953611
144.591095,-4.006111
144.817993,-4.077223
144.876297,-4.113612
144.850800,-4.144168
145.185196,-4.395834
145.299103,-4.376667
145.451096,-4.494167
145.693802,-4.776946
145.797195,-4.835557
145.797195,-5.222502
145.738800,-5.305278
145.723801,-5.425280
145.762207,-5.482500
146.162994,-5.535833
146.289093,-5.588889
146.367996,-5.586946
146.779999,-5.796390
146.817398,-5.846111
146.875198,-5.825556
147.102707,-5.966111
147.466599,-5.970834
147.673599,-6.181390
147.716095,-6.269167
147.826401,-6.337224
147.858597,-6.580278
147.867996,-6.666113
147.815201,-6.715834
147.288300,-6.747779
147.088806,-6.714445
146.961304,-6.747181
146.944901,-6.953889
147.037399,-7.044445
147.070496,-7.083889
147.062698,-7.141667
147.125198,-7.195278
147.208801,-7.485556
147.351898,-7.525833
147.587708,-7.751945
147.644699,-7.800833
147.693298,-7.825834
147.710495,-7.921667
147.787201,-7.937222
147.957703,-7.985277
147.992203,-8.058611
148.136093,-8.042500
148.221603,-8.527781
148.292999,-8.606390
148.438797,-8.672224
148.494400,-8.866667
148.577393,-9.054724
148.689697,-9.100832
148.874100,-9.075834
148.949997,-9.042501
149.067200,-9.041113
149.135803,-8.977499
149.175507,-9.011391
149.309906,-9.016947
149.322693,-9.102224
149.315994,-9.167780
149.241898,-9.221113
149.224106,-9.316668
149.181595,-9.349169
149.208298,-9.452501
149.266602,-9.510000
149.404907,-9.553055
149.519699,-9.603056
150.008896,-9.631390
150.056900,-9.709999
149.926605,-9.769445
149.769699,-9.790277
149.717407,-9.826668
149.762207,-9.901667
149.857407,-9.987499
149.914093,-10.048890
150.070999,-10.083330
150.248505,-10.136390
150.348007,-10.197780
150.596603,-10.251110
150.635193,-10.280830
150.862701,-10.222780
150.852402,-10.246390
150.641907,-10.349450
150.415802,-10.300280
150.358307,-10.331390
150.346603,-10.387500
150.649399,-10.475560
150.691895,-10.555000
150.572693,-10.619720
150.443802,-10.658890
150.369904,-10.687220
150.349396,-10.657500
150.209702,-10.700560
150.184097,-10.648610
150.019104,-10.622500
150.028000,-10.589450
149.852707,-10.550280
149.931900,-10.503340
150.022507,-10.510000
150.078903,-10.462780
149.956604,-10.429730
149.925797,-10.487780
149.878601,-10.405000
149.753296,-10.344170
149.420197,-10.328060
149.371597,-10.282780
149.326904,-10.310560
149.061905,-10.241110
148.961105,-10.288890
148.877396,-10.242500
148.729904,-10.204730
148.763596,-10.152780
148.682205,-10.108060
148.645798,-10.183060
148.397202,-10.201110
148.161301,-10.075000
148.102997,-10.129730
147.972702,-10.166110
147.800797,-10.051390
147.716599,-10.100830
147.702194,-10.023060
147.510193,-9.878614
147.467194,-9.739725
147.258301,-9.510000
147.177994,-9.518614
147.099899,-9.449722
147.099106,-9.491114
147.007996,-9.398335
146.977997,-9.292778
146.900497,-9.246113
146.888901,-9.137222
146.977203,-9.074448
146.972397,-9.029169
146.896301,-9.112225
146.590805,-9.001947
146.545502,-8.902502
146.567398,-8.807503
146.361893,-8.567780
146.265900,-8.366793
146.150803,-8.219448
146.098801,-8.176113
146.104904,-8.091114
145.806900,-8.012503
145.777496,-7.946667
145.744400,-7.923056
145.718307,-7.967779
145.432693,-7.948057
145.309402,-7.861113
145.238800,-7.867224
145.184692,-7.814168
145.155197,-7.846112
144.879700,-7.782500
144.859695,-7.723333
144.863800,-7.598334
144.824097,-7.688057
144.718597,-7.640556
144.660202,-7.572501
144.648605,-7.608613
144.653595,-7.652779
144.588303,-7.657500
144.525208,-7.503889
144.513596,-7.550834
144.534897,-7.662778
144.508896,-7.673889
144.418594,-7.525834
144.422501,-7.596391
144.478897,-7.794724
144.417694,-7.720557
144.395798,-7.755834
144.358902,-7.745002
144.319107,-7.620833
144.307495,-7.637778
144.334106,-7.686111
144.301300,-7.683334
144.276596,-7.639724
144.229904,-7.660278
144.264099,-7.680556
144.271896,-7.773612
144.141602,-7.778891
143.855804,-7.657500
143.644699,-7.443335
143.652206,-7.477501
143.771606,-7.613891
143.954407,-7.961667
143.955200,-7.989445
143.899094,-7.971668
143.814102,-7.935278
143.906601,-7.999722
143.893600,-8.036945
143.755203,-8.041115
143.643295,-7.988890
143.501602,-7.996113
143.439896,-7.910557
143.362503,-7.899723
143.360504,-7.916945
143.428802,-7.930557
143.461105,-8.000280
143.548294,-8.033611
143.630493,-8.198334
143.625504,-8.236948
143.069901,-8.310835
142.979904,-8.344168
142.716293,-8.268333
142.575195,-8.296669
142.505798,-8.336668
142.427704,-8.327225
142.383896,-8.189724
142.221603,-8.173336
142.135193,-8.230278
142.191299,-8.216114
142.313705,-8.186964
142.358597,-8.202503
142.382401,-8.319170
142.439407,-8.371389
142.492996,-8.378056
142.629898,-8.311668
142.771606,-8.331947
142.906097,-8.423615
143.096603,-8.463614
143.328293,-8.687778
143.392700,-8.770281
143.406906,-8.961946
143.331604,-9.028334
143.183594,-9.044725
142.747696,-9.273336
142.649704,-9.331947
142.571594,-9.328058
142.369400,-9.210279
141.990005,-9.190002
141.886398,-9.223890
141.673294,-9.219723
141.528793,-9.221945
141.388306,-9.144169
141.312195,-9.152781
141.176300,-9.233892
141.117493,-9.230003
141.008301,-9.128336
141.006897,-8.888891
141.006897,-8.224724
141.006104,-7.559445
141.006195,-6.893421
140.900497,-6.851111
140.849899,-6.616945
140.897995,-6.596667
140.948502,-6.435833
140.951294,-6.372500
141.006195,-6.333089
# Triangles
263,262,261
258,257,259
264,263,260
260,259,264
263,261,260
259,265,264
235,259,257
252,251,253
254,253,251
240,255,254
251,241,254
251,244,241
241,244,243
244,250,245
255,235,257
244,251,250
255,257,256
240,254,241
235,266,265
239,235,240
236,239,237
239,236,235
265,259,235
239,238,237
207,234,233
234,266,235
242,241,243
231,233,232
231,230,233
233,229,220
227,229,228
230,229,233
255,240,235
221,229,227
250,249,247
248,247,249
250,247,246
224,223,225
223,227,226
227,223,221
213,216,215
214,213,215
213,217,216
211,210,212
218,217,219
225,223,226
210,213,212
222,221,223
213,209,217
219,217,209
208,220,219
205,204,202
207,233,220
220,229,221
40,180,174
176,175,174
179,178,176
179,176,180
177,176,178
196,195,194
174,180,176
245,250,246
270,269,268
271,270,267
268,267,270
2,1,207
0,272,271
267,266,234
220,208,207
207,267,234
23,21,207
13,4,3
207,0,267
2,207,21
2,14,3
1,0,207
271,267,0
21,23,22
207,206,202
219,209,208
209,213,210
5,9,8
5,4,9
9,12,10
12,9,4
10,12,11
6,5,7
7,5,8
17,19,18
17,2,19
21,20,19
17,14,2
4,13,12
16,15,14
16,14,17
3,14,13
21,19,2
204,203,202
200,199,198
191,202,201
198,197,201
200,198,201
191,201,197
197,196,194
202,206,205
190,188,191
183,187,184
189,188,190
180,182,181
186,185,184
180,183,182
192,194,193
197,192,191
191,188,187
207,28,23
23,28,27
24,23,25
25,23,27
27,26,25
32,207,39
207,191,187
31,207,32
32,38,35
35,34,32
39,207,187
32,34,33
29,28,31
31,30,29
31,28,207
180,187,183
187,186,184
40,187,180
191,207,202
192,197,194
174,173,171
144,143,145
139,141,140
146,145,147
145,142,149
145,143,142
141,139,142
139,78,142
99,132,131
138,137,136
135,134,136
134,133,132
138,134,91
136,134,138
92,134,132
139,138,90
130,99,131
151,150,152
149,148,147
76,150,149
155,154,152
153,152,154
158,155,152
158,152,150
92,132,93
90,138,91
93,132,98
99,98,132
93,98,97
77,149,142
91,134,92
78,139,90
78,90,89
149,147,145
87,89,88
130,100,99
125,122,126
123,122,124
121,120,122
124,122,125
129,128,127
102,129,127
130,129,101
119,118,120
117,116,118
112,118,116
126,120,112
126,122,120
115,114,113
120,118,112
116,115,112
127,126,102
113,112,115
100,130,101
103,102,126
101,129,102
97,96,94
95,94,96
97,94,93
111,104,103
110,109,105
111,110,104
104,110,105
106,108,107
108,106,109
109,106,105
103,126,111
111,126,112
168,167,166
166,165,168
63,61,168
40,174,171
170,169,168
58,171,170
170,168,58
156,158,157
156,155,158
163,161,159
161,163,162
159,161,160
63,165,164
168,165,63
163,159,68
164,163,65
41,40,42
43,42,44
40,57,42
37,35,38
36,35,37
38,32,39
39,187,40
59,58,61
61,60,59
171,58,57
44,42,45
46,45,47
57,47,45
56,47,57
57,45,42
40,171,57
168,61,58
150,159,158
171,173,172
76,75,74
149,77,76
150,74,73
72,71,73
150,73,159
71,68,73
68,159,73
79,89,80
79,78,89
86,85,87
83,87,85
80,89,81
83,82,81
83,81,87
85,84,83
142,78,77
64,63,65
68,66,65
63,164,65
56,55,47
55,49,48
55,48,47
55,50,49
63,62,61
68,67,66
69,68,71
71,70,69
55,52,50
55,54,52
50,52,51
52,54,53
68,65,163
74,150,76
89,87,81
