# Papua New Guinea region 9
43 40
# Outer Vertices
152.908798,-4.841112
152.743607,-4.673057
152.663605,-4.463335
152.702499,-4.315001
152.628601,-4.056112
152.396896,-3.746945
152.229706,-3.538334
152.076904,-3.476112
151.910507,-3.426389
151.674103,-3.240278
151.520004,-3.137500
151.130493,-2.874167
150.935196,-2.770834
150.759903,-2.772223
150.729706,-2.740556
150.752396,-2.715279
150.887207,-2.711112
150.881104,-2.640556
150.792694,-2.616667
150.820801,-2.563889
151.131302,-2.776945
151.188004,-2.798056
151.201096,-2.863056
151.419098,-2.898057
151.787201,-3.165556
151.895203,-3.208056
152.055801,-3.247778
152.116104,-3.336112
152.204407,-3.454445
152.406601,-3.625278
152.434692,-3.672500
152.492996,-3.648612
152.555206,-3.751112
152.573898,-3.821667
152.769699,-3.900279
152.819702,-3.869445
152.866898,-3.983612
152.989700,-4.075835
153.129395,-4.255557
153.130798,-4.390834
153.040497,-4.485279
153.079407,-4.589168
152.908798,-4.841112
# Triangles
9,24,10
24,9,25
22,11,10
23,10,24
22,10,23
8,7,27
8,26,25
26,8,27
7,28,27
8,25,9
14,13,15
19,18,17
16,15,13
11,21,20
20,12,11
17,16,12
12,16,13
17,12,20
19,17,20
21,11,22
40,2,1
40,3,2
3,36,4
41,1,42
41,40,1
38,37,3
38,40,39
38,3,40
36,3,37
5,30,29
30,5,32
28,6,29
6,28,7
29,6,5
34,36,35
34,33,4
30,32,31
32,5,33
33,5,4
36,34,4
