# Papua New Guinea region 3
23 20
# Outer Vertices
146.567993,-2.236667
146.520203,-2.154723
146.538605,-2.115556
146.611298,-2.115556
146.620193,-2.098333
146.575500,-2.019723
146.605804,-2.012778
146.707199,-1.971667
146.771606,-1.986945
146.844894,-1.950556
147.321899,-2.031390
147.417694,-2.050556
147.418594,-2.005834
147.391907,-1.960834
147.445801,-2.009445
147.437698,-2.065556
147.286301,-2.067778
147.249100,-2.156667
147.201904,-2.191668
146.798294,-2.168889
146.710495,-2.114167
146.725800,-2.176390
146.567993,-2.236667
# Triangles
2,1,3
22,21,3
3,21,20
22,3,1
5,4,6
6,4,20
7,20,8
20,7,6
19,8,20
4,3,20
9,19,18
16,15,11
17,16,18
9,18,16
9,16,10
11,14,12
14,11,15
12,14,13
16,11,10
19,9,8
