# Papua New Guinea region 2
20 17
# Outer Vertices
151.229095,-10.201110
151.040802,-10.118330
150.953903,-10.108060
150.944901,-10.029170
150.990799,-10.004170
150.946396,-9.955004
150.925003,-10.000280
150.882401,-9.962502
150.853897,-9.853058
150.758606,-9.802504
150.772202,-9.711946
151.053802,-9.944723
151.029099,-9.980001
151.111298,-10.044730
151.147202,-10.032500
151.134705,-9.990835
151.227707,-9.931393
151.281296,-9.923336
151.284698,-10.022500
151.229095,-10.201110
# Triangles
2,4,3
4,2,1
10,9,8
8,7,5
5,7,6
10,8,11
5,11,8
5,4,12
13,12,4
13,1,19
14,19,18
19,14,13
14,18,16
12,11,5
14,16,15
16,18,17
13,4,1
