# Papua New Guinea region 5
104 101
# Outer Vertices
150.018295,-6.323612
149.984100,-6.274723
149.825195,-6.295834
149.634705,-6.308057
149.390793,-6.077223
149.311905,-6.057222
149.071396,-6.148612
149.071899,-6.092778
148.976898,-6.012222
148.863007,-5.994445
148.851303,-5.927223
148.626602,-5.814724
148.550507,-5.840001
148.364105,-5.755279
148.321594,-5.675001
148.341599,-5.540002
148.360001,-5.488056
148.428604,-5.451113
148.563004,-5.548056
148.720505,-5.492224
148.842499,-5.546667
148.961594,-5.473613
149.209702,-5.571946
149.220795,-5.606112
149.671097,-5.515278
149.722397,-5.571113
149.834702,-5.520000
149.875198,-5.536390
149.978607,-5.437500
149.917694,-5.352222
150.023804,-5.127778
150.015503,-5.057502
150.088806,-5.007778
150.181595,-5.038889
150.205002,-5.070557
150.072403,-5.151669
150.062195,-5.363891
150.123306,-5.517223
150.178802,-5.557501
150.291107,-5.570557
150.412399,-5.458611
150.568604,-5.475000
150.624100,-5.556112
150.746094,-5.511112
150.788605,-5.453057
150.902496,-5.492778
150.999695,-5.424446
151.071106,-5.176946
151.306107,-4.971390
151.371094,-4.908057
151.482193,-4.947501
151.579407,-4.938057
151.608902,-4.970835
151.667694,-4.920279
151.697205,-4.826667
151.665802,-4.783056
151.630798,-4.506391
151.501297,-4.239168
151.529999,-4.188613
151.841904,-4.224724
151.891403,-4.312223
151.974899,-4.336946
152.028793,-4.276945
151.996597,-4.208612
152.181107,-4.146390
152.235199,-4.207224
152.240799,-4.246667
152.181595,-4.215279
152.170807,-4.282223
152.190506,-4.314445
152.417404,-4.333611
152.352402,-4.513335
152.401596,-4.610834
152.389404,-4.783056
152.241302,-4.984445
152.061096,-4.989167
151.985001,-4.973613
151.969406,-5.135280
152.129700,-5.307778
152.147507,-5.363890
152.096100,-5.457223
151.841904,-5.597222
151.779404,-5.585556
151.748596,-5.541112
151.664398,-5.535002
151.614395,-5.580833
151.497192,-5.529723
151.459396,-5.535834
151.444397,-5.591668
151.524704,-5.638056
151.523300,-5.676111
151.410797,-5.738890
151.356094,-5.840001
151.221603,-5.909445
151.191605,-5.965279
151.087494,-5.987223
151.033798,-6.043056
150.972198,-6.025834
150.820801,-6.014445
150.778305,-6.135000
150.520798,-6.228333
150.406296,-6.293056
150.051300,-6.262501
150.018295,-6.323612
# Triangles
10,9,8
23,10,8
6,5,7
7,5,8
23,8,5
13,18,14
12,18,13
11,10,20
23,20,10
11,18,12
23,22,21
5,4,23
2,4,3
1,25,2
102,101,39
103,102,1
1,27,25
27,1,102
25,4,2
24,23,25
4,25,23
100,99,98
42,100,98
100,42,39
39,38,102
39,101,100
38,27,102
17,15,18
18,15,14
11,20,19
19,18,11
26,25,27
20,23,21
15,17,16
29,28,36
27,37,28
40,42,41
98,43,42
43,98,45
27,38,37
45,44,43
29,35,30
35,29,36
35,32,31
33,35,34
32,35,33
35,31,30
37,36,28
39,42,40
98,97,45
97,96,95
95,93,45
45,93,46
94,93,95
91,93,92
47,46,87
91,46,93
88,46,91
90,88,91
47,87,48
88,90,89
88,87,46
86,48,87
95,45,97
85,84,86
84,52,86
83,82,81
83,81,80
84,83,77
71,76,75
52,84,77
80,79,78
80,78,77
77,83,80
73,75,74
53,77,76
48,50,49
48,86,50
52,51,50
52,77,53
86,52,50
58,57,59
59,57,56
61,56,55
59,56,60
61,55,54
61,60,56
53,76,54
61,71,69
61,76,71
69,71,70
61,69,62
72,71,73
54,76,61
67,63,62
68,62,69
67,62,68
67,66,65
65,64,67
67,64,63
75,73,71
