# Mexico region 4
851 848
# Outer Vertices
-117.123596,32.536789
-115.162201,32.686649
-114.718597,32.718319
-114.809402,32.503880
-112.870003,31.914160
-111.045799,31.333050
-108.208298,31.333050
-108.208603,31.783331
-106.520302,31.780550
-106.335800,31.689440
-106.214401,31.475269
-105.871399,31.291941
-105.497498,30.954161
-105.266701,30.799721
-105.125000,30.749720
-104.867203,30.502220
-104.811401,30.349720
-104.682198,30.187490
-104.680298,29.945551
-104.442497,29.588051
-103.999199,29.313610
-103.761101,29.224720
-103.635803,29.158331
-103.543297,29.149160
-103.401100,29.036381
-103.154198,28.981380
-103.110497,29.003330
-103.077499,29.091101
-103.035301,29.098600
-102.904404,29.216101
-102.862503,29.224159
-102.886101,29.340549
-102.819504,29.396660
-102.761101,29.592770
-102.670303,29.742769
-102.385002,29.769711
-102.314697,29.883329
-101.833603,29.795830
-101.575600,29.773331
-101.541702,29.814720
-101.531403,29.764160
-101.404999,29.772770
-101.355797,29.660549
-101.306099,29.631109
-101.301903,29.576380
-101.235001,29.616100
-101.141998,29.491940
-101.034203,29.453039
-101.018097,29.388599
-100.775299,29.233049
-100.766098,29.174440
-100.668297,29.113331
-100.565598,28.839710
-100.495796,28.740271
-100.440002,28.616940
-100.327499,28.509159
-100.331703,28.405550
-100.196701,28.208891
-100.013100,28.068609
-99.994720,27.999439
-99.881943,27.906380
-99.835564,27.775270
-99.745003,27.721380
-99.707230,27.661659
-99.544159,27.610821
-99.503067,27.565830
-99.483887,27.282780
-99.440826,27.253611
-99.458618,27.046940
-99.380829,27.003880
-99.349167,26.881660
-99.271118,26.861389
-99.172501,26.563610
-99.089722,26.495270
-99.106659,26.422489
-99.005569,26.386660
-98.932220,26.392771
-98.523903,26.239441
-98.300278,26.106380
-98.147507,26.059160
-98.083328,26.069719
-98.066673,26.038330
-97.788597,26.064440
-97.713333,26.027500
-97.619720,26.007771
-97.479721,25.885830
-97.367493,25.839439
-97.343887,25.858610
-97.351936,25.912491
-97.136841,25.964710
-97.196671,25.651381
-97.411392,25.244720
-97.515839,25.037220
-97.650757,24.428480
-97.724731,23.814440
-97.735840,23.781940
-97.818069,23.783880
-97.756668,23.729160
-97.726387,23.766661
-97.757507,23.155270
-97.745010,22.917500
-97.767227,22.902491
-97.837784,22.732771
-97.890289,22.606661
-97.865837,22.581110
-97.842216,22.667500
-97.826683,22.656940
-97.817780,22.403891
-97.710564,21.999161
-97.588058,21.813330
-97.334732,21.594440
-97.312790,21.548889
-97.408890,21.274160
-97.476959,21.434160
-97.371674,21.533600
-97.620293,21.789160
-97.744743,22.017220
-97.593903,21.530001
-97.560013,21.481110
-97.486954,21.483601
-97.500557,21.420830
-97.297501,20.971380
-97.178886,20.754160
-97.192780,20.727770
-97.099731,20.586941
-96.758347,20.240549
-96.448059,19.861660
-96.309174,19.400829
-96.279716,19.318880
-96.102783,19.173050
-96.084457,19.101660
-96.039459,19.060270
-95.974731,19.061661
-95.908340,18.879709
-95.777512,18.779440
-95.932510,18.864719
-95.945007,18.838051
-95.821671,18.761101
-95.876106,18.754160
-95.861954,18.722771
-95.622787,18.694160
-95.589737,18.663601
-95.569458,18.677219
-95.621399,18.713329
-95.732788,18.750549
-95.731949,18.795549
-95.656403,18.739719
-95.426392,18.703880
-95.212784,18.711109
-95.051392,18.613050
-95.029167,18.563049
-94.807793,18.524719
-94.525009,18.156111
-94.388062,18.154989
-93.875839,18.283600
-93.886673,18.254160
-93.760010,18.277491
-93.765289,18.317209
-93.595840,18.342220
-93.570282,18.407770
-93.450287,18.440550
-93.153633,18.439159
-93.172501,18.372770
-93.092506,18.373329
-93.087784,18.403610
-93.142227,18.421379
-93.112793,18.441660
-92.960854,18.438049
-92.823059,18.496670
-92.718338,18.589439
-92.682510,18.528610
-92.692497,18.610550
-92.325562,18.685270
-91.981400,18.728331
-91.858612,18.623329
-91.873901,18.583879
-92.001678,18.600281
-92.050842,18.544720
-91.956680,18.543329
-91.909447,18.575270
-91.825562,18.495831
-91.857513,18.430550
-91.815002,18.383051
-91.791122,18.388880
-91.806396,18.481670
-91.498901,18.435270
-91.472778,18.459440
-91.504997,18.484720
-91.466400,18.527220
-91.293327,18.625549
-91.256393,18.720831
-91.303070,18.779440
-91.412231,18.807501
-91.371117,18.871941
-91.414459,18.845270
-91.451401,18.806391
-91.511673,18.803881
-91.412231,18.907770
-90.997513,19.118610
-90.728897,19.373600
-90.686684,19.743891
-90.607788,19.831100
-90.471390,19.949440
-90.466133,20.016109
-90.499451,20.177219
-90.477509,20.453880
-90.491119,20.520830
-90.458618,20.727770
-90.383904,20.816669
-90.440567,20.783880
-90.349167,21.009991
-90.106400,21.160271
-89.563606,21.308331
-88.957497,21.392490
-88.718903,21.443890
-88.480560,21.562220
-88.224731,21.580830
-88.035278,21.600830
-87.713058,21.538330
-87.719727,21.520830
-87.865570,21.551390
-87.748901,21.503880
-87.507782,21.495550
-87.492233,21.465549
-87.168060,21.471661
-87.138634,21.492491
-87.129181,21.554720
-87.170288,21.567221
-87.330566,21.533880
-87.402237,21.505831
-87.389450,21.544439
-87.360291,21.579720
-87.275558,21.561110
-87.113617,21.623329
-87.003342,21.578329
-86.908340,21.429440
-86.837784,21.435551
-86.810562,21.374720
-86.814453,21.188890
-86.773064,21.151390
-86.783340,21.032490
-86.838623,20.964161
-86.958069,20.746941
-87.306671,20.399441
-87.453339,20.166941
-87.470840,19.995270
-87.433327,19.895550
-87.472504,19.776381
-87.480293,19.831659
-87.443336,19.896660
-87.482513,19.959440
-87.493622,19.832220
-87.585281,19.796659
-87.654167,19.674999
-87.731667,19.681391
-87.738068,19.612221
-87.670288,19.505280
-87.470291,19.559990
-87.440567,19.633051
-87.411957,19.578880
-87.438606,19.477770
-87.542793,19.434441
-87.626404,19.399990
-87.686951,19.258610
-87.668900,19.224440
-87.640289,19.210831
-87.511673,19.325279
-87.462227,19.317209
-87.551682,19.160000
-87.656403,18.754721
-87.727226,18.672489
-87.793327,18.361111
-87.828056,18.310829
-87.871948,18.223890
-87.891678,18.369440
-88.047234,18.483879
-88.081123,18.517220
-88.003616,18.737770
-88.037514,18.869440
-88.195557,18.726101
-88.194458,18.670549
-88.150848,18.686661
-88.281982,18.485210
-88.405273,18.489710
-88.492218,18.467770
-88.617691,18.216240
-88.681107,18.185551
-88.710564,18.060551
-88.773392,17.988440
-88.848618,17.877489
-89.035828,18.005550
-89.143402,17.955900
-89.142441,17.818680
-89.220840,17.819160
-89.573334,17.820271
-89.925827,17.820829
-90.277786,17.821110
-90.630280,17.820551
-90.982773,17.820000
-90.983322,17.591940
-90.984161,17.256109
-91.091110,17.256660
-91.436943,17.257500
-91.277222,17.178329
-91.204727,17.061100
-91.039436,16.894991
-90.983322,16.903049
-90.950844,16.896379
-90.941940,16.861660
-90.801392,16.803610
-90.678879,16.675819
-90.645844,16.549721
-90.597504,16.480270
-90.393890,16.410820
-90.403877,16.352209
-90.445831,16.228880
-90.446663,16.075001
-90.679443,16.075550
-91.029167,16.075550
-91.379440,16.075821
-91.729172,16.074989
-91.805557,15.947220
-92.009171,15.604720
-92.211403,15.262220
-92.065826,15.077770
-92.150833,14.970270
-92.186111,14.843610
-92.166397,14.772770
-92.187210,14.588330
-92.245941,14.548080
-92.423340,14.718610
-92.595573,14.889440
-92.761948,15.065830
-92.787018,15.092590
-92.826401,15.140270
-92.831123,15.173890
-92.856400,15.183890
-93.150284,15.427500
-93.523903,15.740550
-93.938339,16.010550
-93.855827,16.021660
-93.906952,16.096100
-94.028343,16.111940
-94.136673,16.226940
-94.212227,16.197769
-94.325562,16.253050
-94.406403,16.294439
-94.438606,16.240549
-94.327217,16.150270
-94.308327,16.160549
-94.326134,16.181660
-94.216949,16.160000
-93.995010,16.018330
-94.265556,16.123329
-94.530212,16.187941
-94.714447,16.192209
-94.707779,16.223881
-94.631958,16.246111
-94.582230,16.295549
-94.595840,16.335831
-94.661392,16.362221
-94.783890,16.258051
-94.808617,16.286381
-94.771118,16.327221
-94.833893,16.418329
-94.906113,16.411659
-95.063339,16.285830
-95.062500,16.267220
-94.870827,16.251940
-94.761673,16.212490
-94.791946,16.199160
-94.924454,16.214161
-95.251106,16.133051
-95.385010,15.996660
-95.876106,15.842500
-96.182243,15.691660
-96.575562,15.655000
-97.086403,15.865550
-97.140556,15.898890
-97.767227,15.963330
-97.871399,16.021379
-97.890839,16.056660
-98.151123,16.214439
-98.531403,16.304991
-98.824173,16.551661
-98.851669,16.523331
-99.410278,16.673611
-99.680008,16.705549
-99.845840,16.784439
-99.860001,16.859159
-99.900284,16.825550
-99.938904,16.882219
-100.478897,17.076111
-100.650299,17.131941
-101.048599,17.266939
-101.066101,17.319719
-101.261398,17.456940
-101.418098,17.518600
-101.497803,17.621941
-101.623901,17.661940
-101.799500,17.886940
-101.950302,17.977489
-102.029198,17.991940
-102.150299,17.917500
-102.725899,18.061100
-103.269203,18.253880
-103.450302,18.313610
-103.532799,18.424721
-103.656403,18.560270
-103.704697,18.585270
-103.684196,18.611380
-103.835297,18.763880
-103.999702,18.893600
-104.305603,19.003050
-104.331398,19.026939
-104.314697,19.080271
-104.374496,19.109440
-104.448303,19.090830
-104.735001,19.230000
-104.803902,19.219160
-104.796997,19.288601
-104.885300,19.280270
-105.022499,19.371941
-105.099998,19.560551
-105.299698,19.719721
-105.377998,19.829861
-105.518600,20.026100
-105.678299,20.418051
-105.560303,20.489990
-105.351997,20.513050
-105.250298,20.565550
-105.233597,20.628880
-105.312202,20.757219
-105.346703,20.773331
-105.417198,20.753880
-105.540604,20.781660
-105.506699,20.818050
-105.471397,20.816660
-105.311096,21.024441
-105.257797,21.040550
-105.224503,21.114161
-105.238602,21.347771
-105.180801,21.450270
-105.213097,21.513880
-105.423103,21.599159
-105.655800,22.030830
-105.647797,22.331381
-105.791702,22.622770
-105.983902,22.850550
-106.028900,22.827221
-106.374199,23.181391
-106.424698,23.180550
-106.493301,23.354160
-106.830002,23.715269
-106.955002,23.898331
-107.276100,24.147499
-107.703598,24.431660
-107.767799,24.486380
-107.502197,24.369160
-107.475304,24.392771
-107.522202,24.516109
-107.579697,24.523609
-107.550598,24.502769
-107.618301,24.455280
-107.788902,24.557501
-107.927803,24.634720
-107.862198,24.559990
-107.916397,24.582781
-107.999199,24.652491
-108.059998,24.778049
-108.010002,24.760830
-107.976997,24.764160
-107.987503,24.956940
-108.039497,24.999720
-108.046097,24.957500
-108.037003,24.856939
-108.047203,24.823330
-108.106400,24.821659
-108.326103,25.098610
-108.270798,25.095831
-108.153297,24.981939
-108.127502,24.972500
-108.149399,25.049160
-108.009201,24.999720
-108.000801,25.016380
-108.091400,25.105829
-108.323097,25.183880
-108.318100,25.246941
-108.363098,25.263050
-108.388901,25.142771
-108.416901,25.246380
-108.616699,25.339991
-108.728104,25.355270
-108.663399,25.364990
-108.642197,25.383610
-108.672203,25.398609
-108.765297,25.376940
-108.749496,25.395830
-108.743301,25.433880
-108.831902,25.559999
-108.898903,25.561380
-108.876701,25.513330
-108.919998,25.456110
-108.938904,25.497770
-109.012199,25.495550
-109.011101,25.460279
-109.108902,25.526110
-109.068604,25.574711
-108.996696,25.569441
-108.910599,25.629440
-108.900803,25.695000
-109.105003,25.578880
-109.136902,25.578051
-109.224701,25.670830
-109.248596,25.657221
-109.149399,25.574160
-109.174698,25.573610
-109.233597,25.623890
-109.397499,25.634991
-109.353104,25.667500
-109.300301,25.658880
-109.289703,25.719990
-109.366096,25.763050
-109.394699,25.748329
-109.444199,25.802219
-109.413902,25.891661
-109.443298,25.939720
-109.404404,26.065281
-109.302200,26.205549
-109.285301,26.153610
-109.224197,26.275000
-109.231697,26.319441
-109.205299,26.344160
-109.165298,26.325270
-109.149200,26.242491
-109.101097,26.209160
-109.081902,26.281670
-109.131401,26.307220
-109.179199,26.375549
-109.245598,26.329990
-109.241096,26.448059
-109.279701,26.540270
-109.513298,26.762211
-109.562202,26.743610
-109.495300,26.690269
-109.684998,26.673050
-109.806702,26.736380
-109.946999,26.986389
-109.921700,26.972771
-109.882004,26.935551
-109.941704,27.083050
-110.014198,27.116381
-110.055801,27.095280
-110.314697,27.155279
-110.414703,27.264160
-110.509697,27.299160
-110.447502,27.305550
-110.473297,27.371380
-110.553902,27.367491
-110.587799,27.557770
-110.633301,27.632219
-110.546402,27.732500
-110.607498,27.791941
-110.583603,27.838051
-110.519402,27.861389
-110.847801,27.905279
-110.822197,27.964439
-110.855797,27.984720
-110.870003,27.848330
-110.906097,27.853331
-110.986099,27.961390
-111.123596,27.959160
-111.458900,28.332491
-111.435799,28.379160
-111.669701,28.452770
-111.935303,28.738609
-111.947197,28.761660
-111.911697,28.785000
-111.870003,28.746111
-111.854698,28.794720
-111.968903,28.833050
-112.161697,29.011379
-112.201401,29.283051
-112.235802,29.327499
-112.326698,29.328609
-112.332497,29.293051
-112.391701,29.329720
-112.410301,29.380280
-112.375801,29.469160
-112.425598,29.554440
-112.627502,29.804720
-112.696404,29.919720
-112.739197,29.913330
-112.752800,30.198330
-112.818298,30.276939
-112.860802,30.278610
-112.842796,30.342770
-112.871696,30.431660
-113.072800,30.679440
-113.117203,30.814440
-113.081398,30.916109
-113.120300,31.068600
-113.097504,31.048611
-113.071999,30.996660
-113.037201,31.145269
-113.086700,31.227221
-113.119202,31.193609
-113.315002,31.257500
-113.635803,31.349440
-113.624702,31.461941
-113.649696,31.507500
-113.978104,31.633610
-113.945602,31.568050
-114.015800,31.500271
-114.130798,31.495270
-114.307198,31.572220
-114.617203,31.765829
-114.798302,31.817221
-115.024399,31.967220
-115.020599,31.916109
-114.923599,31.873880
-114.873901,31.805550
-114.823898,31.796671
-114.779503,31.643600
-114.843903,31.554720
-114.880600,31.168329
-114.866699,31.106661
-114.818100,31.059990
-114.832802,31.000271
-114.713600,30.938330
-114.690804,30.721100
-114.692497,30.645550
-114.630600,30.428881
-114.659698,30.198610
-114.458900,29.925831
-114.413399,29.919161
-114.379997,29.802219
-114.304497,29.759159
-114.227798,29.767490
-113.835297,29.448610
-113.662804,29.278610
-113.593102,29.146379
-113.548302,29.110270
-113.544998,28.950830
-113.504700,28.891380
-113.453102,28.892490
-113.463600,28.939159
-113.412498,28.964991
-113.340599,28.875549
-113.344704,28.801109
-113.252800,28.814440
-113.224701,28.829170
-113.177803,28.783331
-113.121902,28.498051
-113.041901,28.444441
-112.868103,28.435551
-112.873901,28.281111
-112.790001,28.197769
-112.778603,28.029720
-112.723099,28.007500
-112.753601,27.840269
-112.572800,27.630550
-112.464401,27.600281
-112.344498,27.540001
-112.224503,27.201660
-111.955299,27.101940
-112.029198,27.019440
-111.962502,26.898609
-111.903603,26.848049
-111.894699,26.772770
-111.917801,26.745001
-111.761902,26.563890
-111.730301,26.552780
-111.688103,26.590830
-111.766403,26.686939
-111.827003,26.749161
-111.868896,26.878611
-111.842201,26.903049
-111.564499,26.727221
-111.556999,26.565001
-111.442200,26.513611
-111.478897,26.437771
-111.442200,26.369440
-111.394699,26.331671
-111.354698,26.145550
-111.319504,26.095831
-111.362000,25.958330
-111.168900,25.581110
-111.022003,25.529160
-111.019402,25.419161
-110.831902,25.068050
-110.768303,25.041380
-110.672501,24.839161
-110.675301,24.767771
-110.729698,24.662769
-110.709198,24.494440
-110.635597,24.305550
-110.402802,24.203880
-110.308601,24.191940
-110.339996,24.160000
-110.384201,24.189159
-110.398598,24.176109
-110.376404,24.122490
-110.326401,24.124161
-110.269402,24.189159
-110.300003,24.334440
-110.238899,24.356110
-110.168900,24.297220
-110.103897,24.219160
-110.010597,24.171391
-109.962196,24.047489
-109.920303,24.022499
-109.828903,24.057220
-109.794403,24.021379
-109.824203,23.941940
-109.787201,23.874439
-109.700600,23.801941
-109.694199,23.679720
-109.678596,23.653330
-109.478302,23.575550
-109.401901,23.403049
-109.434998,23.232780
-109.512802,23.129440
-109.665604,23.053890
-109.826401,22.909719
-109.925797,22.865829
-110.004997,22.886101
-110.080597,22.986660
-110.166100,23.313610
-110.359703,23.598049
-110.625801,23.725830
-110.993301,24.067209
-111.302200,24.248051
-111.546402,24.427490
-111.633301,24.506941
-111.675797,24.588890
-111.797897,24.548380
-111.827003,24.642490
-111.974998,24.790550
-112.010803,24.756380
-112.037003,24.851660
-112.056396,24.797489
-112.074203,24.748610
-112.101402,24.807501
-112.108902,24.937771
-112.078598,24.956381
-112.096100,25.025829
-112.134499,24.973330
-112.148903,24.901100
-112.170303,24.954170
-112.124199,25.053881
-112.128098,25.167500
-112.068100,25.272221
-112.092201,25.621660
-112.100304,25.731110
-112.228302,26.014721
-112.309196,26.093611
-112.337502,26.079720
-112.375603,26.250830
-112.423897,26.289709
-112.536400,26.293610
-112.537003,26.325830
-112.670799,26.329170
-113.047203,26.612221
-113.103302,26.645000
-113.079697,26.689440
-113.116699,26.672220
-113.229202,26.711390
-113.231697,26.780550
-113.128098,26.880550
-113.128304,26.958891
-113.174500,26.973610
-113.246101,26.746111
-113.445801,26.821659
-113.481400,26.816099
-113.532799,26.745831
-113.597504,26.736940
-113.835602,26.974159
-113.908302,27.000549
-113.989998,26.979160
-114.122498,27.120831
-114.222504,27.163610
-114.399200,27.180830
-114.478600,27.242220
-114.507797,27.405279
-114.668602,27.510281
-114.732201,27.530550
-114.863098,27.688610
-114.997498,27.716660
-115.059700,27.831100
-115.048103,27.862221
-114.811096,27.813890
-114.530800,27.768890
-114.479401,27.777220
-114.354202,27.878611
-114.337799,27.816380
-114.317497,27.760281
-114.191101,27.698610
-113.992500,27.697500
-113.970596,27.724720
-114.074402,27.757500
-114.154999,27.715269
-114.306999,27.855270
-114.290802,27.937490
-114.157204,28.049440
-114.122803,28.096390
-114.112000,28.178329
-114.181702,28.249439
-114.070000,28.465269
-114.058899,28.511379
-114.162003,28.671659
-114.331902,28.754999
-114.405296,28.885830
-114.490799,28.938610
-114.541100,28.929159
-114.716698,29.142780
-114.821098,29.250000
-114.950302,29.377489
-115.193703,29.430880
-115.268600,29.512501
-115.526100,29.628330
-115.693901,29.768330
-115.694504,29.866940
-115.739197,29.942209
-115.808296,29.954439
-115.792503,30.213329
-115.839203,30.354719
-115.868103,30.384439
-115.968102,30.398050
-115.929199,30.445551
-115.980598,30.496670
-115.988098,30.377220
-116.007004,30.379990
-116.041702,30.458330
-116.041702,30.741100
-116.057198,30.801941
-116.320000,30.966110
-116.307198,30.144720
-116.441704,31.334440
-116.513397,31.442499
-116.677498,31.555269
-116.635597,31.651939
-116.695602,31.729719
-116.640297,31.730829
-116.610001,31.759720
-116.598602,31.830549
-116.848900,31.996111
-116.909698,32.228321
-117.010300,32.279430
-117.122200,32.455830
-117.123596,32.536789
# Triangles
735,733,690
733,732,694
735,734,733
736,735,737
732,731,695
696,730,702
702,730,729
696,702,701
695,731,696
697,696,701
701,700,697
696,731,730
695,694,732
743,742,741
744,743,740
749,748,747
743,741,740
733,694,690
738,735,752
745,740,738
738,737,735
694,693,692
744,740,745
740,739,738
692,690,694
697,700,698
726,725,724
726,724,727
723,728,727
717,729,728
723,727,724
718,723,722
721,718,722
719,718,720
716,715,717
717,728,718
729,717,715
728,723,718
729,715,711
707,704,708
707,706,705
704,707,705
704,703,710
698,700,699
712,711,714
711,710,729
712,714,713
709,708,710
708,704,710
710,703,729
714,711,715
703,702,729
756,755,758
757,756,758
759,758,670
760,759,761
755,671,758
752,751,746
747,746,750
750,746,751
754,753,686
745,738,746
755,754,686
776,775,774
773,772,771
774,773,777
776,774,777
763,762,761
765,763,664
766,765,768
765,764,763
766,768,767
761,664,763
769,768,765
667,761,759
747,750,749
686,684,755
753,687,686
682,755,684
683,682,684
672,755,682
672,682,681
679,681,680
687,752,735
689,687,735
684,686,685
688,687,689
738,752,746
690,689,735
671,755,672
673,672,679
670,667,759
675,674,678
673,678,674
670,758,671
679,672,681
543,545,544
546,543,549
546,545,543
675,678,677
679,678,673
670,669,668
752,687,753
692,691,690
543,542,549
477,476,475
481,477,475
465,467,466
467,465,468
471,465,464
470,468,471
468,470,469
464,472,471
468,465,471
472,460,484
478,480,479
480,478,477
490,489,488
481,474,473
474,481,475
481,473,482
483,482,473
484,483,472
19,541,536
472,483,473
480,477,481
487,486,485
450,449,448
452,448,25
437,435,434
426,428,427
445,443,446
436,435,437
74,447,446
429,428,426
25,448,447
456,458,457
463,461,464
461,460,472
463,462,461
461,472,464
452,450,448
453,452,454
459,458,455
454,460,455
456,455,458
455,460,459
24,460,454
452,451,450
485,484,19
460,20,484
536,485,19
519,518,520
524,522,525
522,524,523
525,522,521
515,514,517
517,520,518
521,520,514
514,513,521
517,516,515
520,517,514
525,521,529
535,521,513
535,529,521
525,527,526
525,529,527
527,529,528
533,531,530
534,530,529
533,530,534
539,538,540
532,531,533
540,538,541
529,535,534
541,538,536
498,497,495
505,504,506
490,488,491
494,488,510
491,488,494
495,497,496
494,493,491
492,491,493
499,495,494
495,499,498
488,487,536
506,504,507
535,513,510
510,513,511
535,510,536
537,536,538
512,511,513
500,503,501
501,503,502
509,508,500
509,499,510
499,509,500
508,503,500
494,510,499
507,504,508
504,503,508
510,488,536
487,485,536
541,18,6
452,24,454
720,718,721
542,541,6
787,786,791
788,787,791
788,790,789
790,788,791
786,792,791
784,783,782
793,784,796
785,784,792
784,793,792
792,786,785
781,784,782
819,818,817
822,820,633
822,821,820
822,825,823
819,633,820
815,814,813
637,816,815
634,817,636
636,635,634
816,636,817
819,817,633
637,815,813
817,634,633
813,812,639
798,797,781
797,796,784
795,793,796
801,800,802
795,794,793
778,777,798
779,778,780
798,781,780
798,780,778
777,799,798
802,800,803
799,653,806
805,800,799
816,637,636
810,812,811
639,638,637
637,813,639
805,804,800
805,799,806
808,807,806
812,810,640
808,653,809
808,806,653
640,639,812
810,809,643
800,804,803
799,777,771
781,797,784
834,833,830
626,835,834
836,835,838
830,833,831
836,838,837
832,831,833
829,827,834
827,829,828
830,829,834
827,628,834
826,628,827
845,847,846
850,849,848
850,848,847
850,847,1
839,838,845
840,839,841
843,841,844
843,842,841
845,844,839
841,839,844
845,838,619
1,847,845
838,835,619
834,628,626
826,631,628
626,628,627
625,835,626
625,619,835
619,625,624
631,633,632
633,631,825
629,628,630
630,628,631
824,823,825
611,614,613
621,620,619
622,621,623
618,617,3
1,618,3
845,618,1
619,618,845
1,3,2
619,624,621
614,611,615
611,613,612
615,611,616
611,4,3
3,616,611
616,3,617
624,623,621
825,631,826
822,633,825
771,777,773
770,664,661
771,770,661
661,664,662
663,662,664
770,769,664
771,661,660
666,761,667
664,666,665
769,765,664
675,677,676
761,666,664
670,668,667
658,657,656
656,655,654
649,809,653
656,654,658
799,654,653
658,660,659
654,799,658
577,576,575
579,578,574
574,578,575
577,575,578
660,658,799
649,653,652
555,554,556
556,554,557
559,558,557
561,559,557
554,551,557
547,549,548
553,552,551
561,557,551
553,551,554
542,550,549
564,551,550
567,569,568
572,571,573
570,567,573
567,570,569
571,570,573
5,573,567
561,560,559
562,561,563
564,566,565
564,563,561
566,564,567
561,551,564
579,574,573
550,6,564
549,547,546
564,5,567
643,809,644
640,810,641
642,641,643
810,643,641
649,652,650
650,652,651
647,645,648
645,649,648
647,646,645
649,645,644
809,649,644
610,609,4
607,609,608
607,4,609
607,606,605
600,597,603
603,601,600
600,598,597
603,602,601
604,4,605
597,604,603
605,4,607
604,5,4
600,599,598
610,4,611
604,597,5
584,587,586
588,587,584
589,588,583
593,590,589
584,586,585
580,579,582
584,583,588
582,581,580
583,582,5
579,5,582
5,589,583
593,592,591
591,590,593
596,595,594
593,596,594
593,5,597
593,597,596
5,593,589
10,6,12
579,573,5
10,12,11
7,6,8
10,9,8
6,10,8
5,564,6
542,6,550
18,12,6
660,799,771
443,445,444
378,377,374
379,378,381
381,380,379
382,381,378
139,382,378
375,374,377
139,378,374
373,372,374
372,371,367
374,372,139
377,376,375
386,124,389
387,386,389
389,388,387
390,389,391
386,385,384
368,367,371
139,372,366
383,382,384
366,365,141
384,382,128
124,386,384
366,372,367
152,365,364
368,371,370
348,353,349
353,348,354
350,349,351
347,354,348
355,354,357
349,353,351
339,338,340
352,351,353
341,340,338
343,342,341
156,341,162
356,355,357
361,363,362
363,361,360
363,360,364
369,368,370
347,358,354
345,344,343
359,358,346
346,345,343
346,358,347
359,346,360
346,153,360
358,357,354
360,152,364
341,156,343
153,346,343
400,399,398
121,400,398
442,411,402
403,402,404
117,401,400
123,396,392
393,392,396
397,396,398
395,394,393
396,395,393
396,121,398
392,391,123
410,409,408
410,404,402
415,414,413
412,415,413
411,442,412
404,410,405
406,405,407
405,410,407
131,136,135
411,410,402
401,103,402
408,407,410
391,389,124
136,131,130
128,382,136
152,151,150
152,150,365
147,141,150
141,365,150
148,150,149
141,139,366
155,153,343
155,154,153
158,157,156
160,159,158
160,158,162
158,156,162
360,153,152
131,135,132
138,137,136
135,134,133
138,136,139
140,139,141
142,141,147
143,142,147
144,146,145
147,146,143
143,146,144
150,148,147
132,135,133
136,382,139
156,155,343
320,341,338
335,333,332
332,323,335
335,334,333
322,336,335
323,332,331
330,329,328
330,328,327
327,326,330
331,325,323
325,331,326
331,330,326
325,324,323
336,322,337
322,335,323
337,322,321
302,341,320
302,320,304
338,321,320
163,341,302
319,318,305
319,305,304
303,302,304
301,300,299
305,318,308
304,320,319
302,301,299
309,308,311
308,306,305
308,318,311
307,306,308
317,312,318
315,314,312
315,312,317
311,310,309
313,312,314
312,311,318
317,316,315
294,293,291
297,198,190
296,198,297
294,199,295
189,298,297
293,292,291
295,199,296
290,289,288
290,287,286
287,290,288
286,284,290
290,199,291
286,285,284
299,298,302
183,302,298
341,163,162
164,163,167
166,165,164
164,167,166
162,161,160
302,170,167
182,302,183
181,177,182
185,184,183
167,163,302
170,302,182
180,178,181
167,170,168
182,177,170
170,177,172
168,170,169
171,170,172
177,176,172
180,179,178
175,174,176
176,173,172
173,176,174
181,178,177
298,186,185
294,291,199
298,189,186
186,188,187
186,189,188
189,297,190
283,279,284
272,271,274
273,272,274
283,282,280
275,274,270
276,275,277
270,274,271
298,185,183
193,191,198
198,197,193
193,197,194
192,191,193
197,196,194
191,190,198
194,196,195
281,280,282
275,270,277
202,284,279
277,269,278
270,269,277
278,269,264
199,290,284
283,280,279
337,321,338
279,278,255
430,423,420
424,423,430
425,430,429
430,425,424
423,422,420
430,416,431
417,416,418
420,418,416
418,420,419
421,420,422
416,430,420
431,416,415
433,432,438
433,438,437
439,438,432
432,431,439
415,440,431
412,440,415
431,440,439
63,68,66
25,447,68
68,67,66
447,74,68
443,442,103
442,441,440
446,443,74
412,442,440
429,426,425
104,106,105
104,103,107
106,104,107
103,99,96
102,99,103
96,74,443
116,107,103
101,99,102
97,96,99
97,99,98
99,101,100
108,107,116
103,96,443
93,75,96
74,96,75
74,73,72
70,69,68
72,71,70
68,72,70
68,74,72
80,79,81
92,81,79
83,82,81
76,75,77
75,78,77
92,79,78
75,93,78
96,95,94
402,103,442
116,103,401
24,23,22
452,25,24
20,22,21
460,22,20
460,24,22
26,28,27
28,26,30
30,32,31
32,30,35
29,28,30
37,30,44
30,26,54
16,18,17
18,16,13
16,14,13
14,16,15
12,18,13
34,33,35
36,35,37
35,33,32
37,35,30
37,44,38
19,18,541
26,25,57
19,484,20
26,56,54
58,57,59
54,53,52
55,54,56
52,30,54
63,65,64
68,63,61
60,59,61
62,61,63
59,57,61
61,25,68
26,57,56
44,43,42
45,44,46
40,39,38
42,41,40
40,44,42
38,44,40
50,52,51
52,50,48
47,46,48
49,48,50
44,48,46
44,30,48
48,30,52
57,25,61
66,65,63
433,437,434
130,129,128
128,136,130
127,126,125
125,384,127
384,128,127
199,284,202
199,198,296
279,255,202
200,199,201
202,254,203
201,199,202
255,254,202
124,384,125
121,123,122
116,401,117
396,123,121
205,204,203
205,203,212
206,205,208
208,210,209
208,205,212
207,206,208
208,211,210
203,254,212
391,124,123
269,265,264
278,264,263
263,262,256
256,262,261
263,256,255
265,268,266
278,263,255
267,266,268
258,257,259
260,259,257
257,261,260
257,256,261
252,244,254
251,250,252
250,246,245
250,245,252
248,247,246
252,245,244
246,250,249
246,249,248
223,243,242
224,242,241
244,243,221
214,254,244
252,254,253
268,265,269
240,238,241
118,120,119
118,121,120
115,108,116
114,110,115
115,109,108
118,117,121
211,208,212
109,115,110
113,112,114
111,110,114
112,111,114
93,96,94
92,91,81
78,93,92
83,81,91
83,85,84
91,90,86
86,90,87
91,86,85
87,89,88
89,87,90
91,85,83
244,221,216
214,213,254
243,223,221
222,221,223
244,216,214
224,223,242
238,237,235
225,224,235
225,235,234
236,235,237
224,238,235
241,238,224
254,213,212
215,214,216
217,220,218
220,217,216
220,216,221
219,218,220
227,232,228
228,232,231
233,232,227
233,227,226
226,234,233
226,225,234
228,231,230
229,228,230
239,238,240
400,121,117
