# Pakistan region 0
454 451
# Outer Vertices
74.567749,37.026470
74.690804,37.062759
74.838867,37.011101
74.895248,36.911652
74.927750,36.966091
75.131348,37.001381
75.392471,36.917488
75.431084,36.747761
75.472748,36.725540
75.554138,36.770821
75.723862,36.742760
75.898857,36.628590
76.004967,36.458599
76.004433,36.177479
75.919968,36.119148
75.951370,36.031368
76.007751,36.001659
76.090530,36.000542
76.127457,35.972759
76.157753,35.828041
76.222198,35.813320
76.525803,35.873600
76.564133,35.912762
76.584702,35.891930
76.588303,35.760818
76.919968,35.595539
77.521088,35.484150
77.701080,35.461102
77.831413,35.480751
77.755463,35.404812
77.527634,35.312248
77.238098,35.217319
77.041122,35.093929
77.065247,35.039989
77.023857,34.982479
76.964142,34.940540
76.916924,34.681370
76.869957,34.658871
76.801361,34.672211
76.738571,34.738590
76.470253,34.769981
76.293579,34.700260
76.229141,34.609428
76.160522,34.585270
76.046631,34.629429
75.937469,34.608040
75.805527,34.507210
75.399979,34.553040
75.200531,34.624149
74.679413,34.696369
74.389137,34.781929
74.247467,34.754711
73.957748,34.661369
73.946083,34.593601
73.799133,34.398602
73.806084,34.353321
73.854691,34.315819
73.968307,34.306091
74.021088,34.208321
74.014137,34.175541
73.926361,34.132198
73.907753,34.089981
73.955811,34.021099
74.244423,34.019150
74.294693,33.964432
74.257477,33.901089
74.169968,33.848320
74.055801,33.834431
73.994690,33.755550
73.984970,33.687771
74.014687,33.638882
74.162483,33.553879
74.182457,33.510540
74.125793,33.343319
74.024139,33.276371
74.011917,33.210541
74.038300,33.164429
74.334137,33.000549
74.363861,32.869431
74.332977,32.815250
74.359703,32.775822
74.598587,32.758881
74.646362,32.780540
74.666924,32.836109
74.713303,32.838871
74.653580,32.593319
74.687469,32.501099
74.744423,32.465000
75.037483,32.480270
75.357529,32.305038
75.382187,32.275551
75.327759,32.172489
75.108017,32.070831
75.037483,32.098881
74.962753,32.031929
74.814133,32.019711
74.784698,31.943890
74.620239,31.871941
74.538017,31.816660
74.516083,31.724720
74.588440,31.598030
74.639137,31.481661
74.530807,31.194441
74.537483,31.142220
74.672470,31.099159
74.663017,31.058880
74.628853,31.025270
74.568588,31.064159
74.216637,30.701099
73.906631,30.398609
73.856079,30.364719
73.934402,30.314159
73.971909,30.194990
73.798859,30.070551
73.588577,30.020281
73.397476,29.942770
73.269699,29.561661
72.948303,29.035830
72.389687,28.784990
72.292191,28.679991
72.206627,28.402491
71.992188,28.215830
71.918030,28.117491
71.896927,27.961941
71.626907,27.876101
71.239693,27.848600
70.894417,27.712210
70.794418,27.709721
70.737747,27.731380
70.598587,27.989990
70.514420,28.039160
70.375793,28.023331
70.128021,27.828880
70.083939,27.736130
70.037483,27.600000
69.656631,27.238880
69.583313,27.178329
69.496628,26.875549
69.484970,26.811661
69.508873,26.750271
69.800797,26.594160
70.084976,26.594721
70.168297,26.556391
70.189407,26.510830
70.173859,26.244440
70.086090,25.993330
70.182457,25.834721
70.272202,25.712770
70.379143,25.675550
70.618301,25.714991
70.662750,25.701929
70.679688,25.511101
70.674408,25.416941
70.791351,25.238050
70.868584,25.172489
71.060516,24.722210
71.087128,24.686331
70.999687,24.644440
70.976913,24.596390
71.006088,24.458050
71.105797,24.433331
71.098587,24.408890
70.941643,24.369160
70.862747,24.310270
70.885803,24.274441
70.784973,24.238319
70.644127,24.243601
70.579697,24.287220
70.593307,24.422211
70.545517,24.431940
70.381073,24.367769
70.120911,24.308531
70.071091,24.197210
70.027763,24.172770
69.696472,24.194380
69.598587,24.281389
69.422203,24.288330
69.228638,24.269939
69.189407,24.258051
69.080261,24.297220
68.994423,24.257771
68.926910,24.325550
68.886642,24.289440
68.870506,24.241940
68.838028,24.270269
68.824692,24.332781
68.757751,24.323601
68.745239,24.316380
68.747192,23.969990
68.361908,23.973881
68.330544,23.914709
68.290527,23.944441
68.196091,23.773340
68.182213,23.756941
68.150818,23.688049
68.050262,23.723049
68.075813,23.767220
68.049973,23.878880
68.065811,23.916941
68.010307,23.936140
68.049973,23.823330
68.018044,23.765270
67.923027,23.833330
67.865250,23.852209
67.857193,23.910000
67.838028,23.810551
67.745247,23.800550
67.709137,23.789440
67.625259,23.811100
67.647476,23.927771
67.620529,23.846390
67.484703,23.881941
67.501373,23.924440
67.500526,23.974991
67.458588,23.978609
67.457474,23.997780
67.531860,24.062481
67.378036,24.062490
67.338028,24.089720
67.278870,24.356939
67.257202,24.413601
67.181374,24.585270
67.251648,24.589161
67.150528,24.615549
67.159416,24.665270
67.252762,24.730270
67.239700,24.760830
66.852753,24.855000
66.645538,24.829170
66.674149,24.933889
66.739700,25.166941
66.716370,25.228609
66.556641,25.349991
66.547470,25.378330
66.586906,25.382500
66.588028,25.421391
66.510246,25.508881
66.438026,25.593330
66.260803,25.606661
66.113312,25.495001
66.113037,25.469160
66.333313,25.554720
66.489967,25.480270
66.459702,25.451660
66.489967,25.434999
66.496643,25.398050
66.302200,25.468611
66.084702,25.446110
65.661362,25.342489
65.337196,25.386391
65.151642,25.289440
65.053589,25.312220
64.728592,25.313881
64.678040,25.277769
64.660812,25.218330
64.705811,25.177500
64.602203,25.173050
64.631088,25.208611
64.614433,25.245550
64.528587,25.270830
64.434982,25.231110
64.366928,25.277220
64.091637,25.328609
64.081360,25.401390
64.091370,25.429159
64.120529,25.428610
64.150528,25.451660
64.034698,25.450830
63.976650,25.411940
64.053589,25.409439
64.075531,25.363880
64.055527,25.337219
63.804150,25.373600
63.656380,25.378880
63.469990,25.280270
63.521099,25.208330
63.306660,25.218611
62.686100,25.258329
62.416931,25.204161
62.343601,25.155279
62.336380,25.127769
62.387211,25.098610
62.333050,25.091940
62.279430,25.109720
62.318878,25.166389
62.290539,25.201941
62.210819,25.220551
62.083881,25.190269
62.069988,25.158051
62.104431,25.101669
61.958881,25.120001
61.896648,25.106661
61.867210,25.069719
61.757771,25.032490
61.724152,25.058050
61.759430,25.111389
61.776371,25.192490
61.610970,25.193319
61.646931,25.306110
61.686371,25.794991
61.769428,25.809719
61.832760,26.179440
61.858040,26.234711
62.123600,26.318331
62.135818,26.380831
62.276669,26.354059
62.273319,26.429440
62.371368,26.542490
62.613602,26.579990
62.772480,26.649719
63.140270,26.635269
63.181099,26.633881
63.206379,26.842220
63.286930,26.881100
63.254169,27.018641
63.278591,27.121941
63.341930,27.122490
63.317760,27.169439
63.198040,27.267771
62.919708,27.214991
62.764709,27.271940
62.839710,27.474440
62.821930,27.760269
62.757771,28.000271
62.781368,28.266939
62.592480,28.233601
62.394711,28.421659
62.039711,28.500549
61.651371,28.785271
61.547581,28.984940
61.511101,29.088600
61.419979,29.164440
61.355259,29.388330
60.866871,29.862431
60.993870,29.826099
61.743599,29.615829
62.484428,29.406099
62.786930,29.433880
63.587200,29.503880
64.131348,29.394159
64.193024,29.487490
64.273857,29.523890
64.695511,29.586380
65.034126,29.541100
65.417473,29.640551
66.256638,29.851940
66.361359,29.966101
66.238297,30.071381
66.259697,30.114161
66.350250,30.450550
66.281921,30.575270
66.404968,30.946110
66.566360,30.977770
66.684128,31.086109
66.723022,31.212210
66.891647,31.296101
67.036911,31.318609
67.051643,31.297779
67.034698,31.254440
67.069702,31.239161
67.256363,31.222490
67.288017,31.213600
67.791924,31.341101
67.799698,31.382490
67.766922,31.411100
67.646362,31.409990
67.581093,31.533600
67.738022,31.530830
67.887482,31.639990
67.980530,31.635830
68.166077,31.833050
68.221626,31.815590
68.537750,31.726660
68.571640,31.765270
68.447739,31.772770
68.444122,31.794720
68.547470,31.829161
68.712479,31.778879
68.731918,31.699440
68.833038,31.603880
69.029694,31.645550
69.333862,31.943890
69.287483,32.069149
69.283043,32.217770
69.248016,32.443871
69.287483,32.526379
69.397751,32.587761
69.456917,32.682209
69.394974,32.773869
69.515259,32.873878
69.492462,33.008598
69.561081,33.081928
69.791351,33.126942
69.881073,33.089981
70.033577,33.139431
70.067749,33.204990
70.144974,33.202492
70.326920,33.331940
70.306084,33.396099
70.197739,33.485821
70.196617,33.640820
70.132736,33.735538
69.985519,33.753040
69.907471,33.881931
69.902763,34.031101
70.491348,33.943039
70.900528,33.973591
70.905533,34.013321
70.981079,34.008881
71.135529,34.166088
71.153313,34.361370
71.073029,34.394150
70.978027,34.510818
70.995796,34.558590
71.094971,34.568050
71.095810,34.676651
71.225517,34.744431
71.313858,34.886929
71.496078,34.959431
71.543297,35.094700
71.618027,35.131371
71.659126,35.207489
71.553574,35.289150
71.549133,35.328320
71.647202,35.436939
71.606918,35.481930
71.613861,35.561932
71.508591,35.626652
71.545242,35.711102
71.380524,35.946091
71.291077,35.968590
71.188019,36.047211
71.248581,36.133041
71.582748,36.335819
71.563019,36.372478
71.646637,36.468040
71.753036,36.407490
71.817749,36.416660
71.795807,36.491928
72.074692,36.589420
72.073303,36.628868
72.191643,36.657200
72.181641,36.714710
72.492462,36.771931
73.113022,36.873871
73.779694,36.901089
73.963028,36.837761
74.062180,36.821659
74.158859,36.906651
74.251923,36.899429
74.336906,36.958881
74.482193,37.011101
74.558006,36.965260
74.567749,37.026470
# Triangles
294,293,295
295,293,292
295,291,296
292,291,295
296,291,290
296,290,287
298,297,296
288,287,290
286,285,278
290,289,288
296,287,298
287,300,298
283,280,284
280,283,282
280,282,281
284,280,279
284,279,278
274,276,275
305,286,278
257,255,254
258,257,254
257,256,255
284,278,285
277,305,278
287,286,300
311,276,274
262,265,263
265,262,266
310,277,276
271,270,269
267,273,272
272,271,268
268,267,272
269,268,271
265,264,263
273,311,274
266,262,261
259,258,253
259,261,260
258,254,253
259,253,252
249,251,250
251,249,252
266,261,259
249,248,239
316,252,249
233,232,234
231,235,234
234,232,231
266,259,252
243,245,244
208,207,209
204,206,205
203,202,204
209,207,206
213,215,214
210,212,211
210,209,212
209,216,213
209,213,212
216,215,213
206,204,209
204,216,209
202,199,204
194,193,196
192,197,196
192,196,193
194,196,195
202,200,199
197,192,198
199,198,191
191,190,189
198,192,191
187,199,189
191,189,199
199,216,204
200,202,201
187,189,188
222,221,220
223,222,224
219,218,216
220,219,222
219,216,222
222,216,199
230,229,227
231,230,226
225,224,222
227,226,230
225,187,226
229,228,227
139,231,226
217,216,218
199,187,225
182,184,183
177,179,178
184,182,185
226,186,139
182,181,185
186,226,187
145,181,179
181,180,179
185,181,145
139,185,145
177,176,179
186,185,139
176,175,147
222,199,225
231,138,235
176,146,179
299,298,300
301,300,303
302,301,303
305,304,303
300,305,303
310,308,277
305,307,306
305,308,307
310,309,308
321,320,319
277,308,305
300,286,305
311,267,266
311,310,276
313,311,266
247,240,239
240,247,246
252,316,266
246,241,240
249,239,238
247,239,248
316,249,238
314,316,315
316,314,313
339,317,316
313,266,316
312,311,313
339,318,317
343,316,238
273,267,311
321,319,318
336,329,328
327,336,328
336,327,326
324,326,325
323,322,324
337,336,326
333,332,334
334,332,335
331,330,335
335,330,329
329,336,335
331,335,332
326,324,337
337,324,338
322,318,324
322,321,318
340,339,341
341,339,342
338,324,339
339,324,318
343,342,339
316,343,339
348,347,346
344,343,238
238,345,344
345,238,237
241,246,243
237,136,345
346,349,348
345,136,346
242,241,243
361,349,346
352,351,350
353,352,361
352,350,349
354,353,355
355,358,356
358,355,353
358,353,359
349,361,352
138,237,236
237,137,136
137,237,138
136,132,346
138,231,139
346,362,361
135,132,136
359,353,361
362,346,132
358,357,356
363,362,369
359,361,360
379,362,132
236,235,138
140,139,145
365,367,366
367,365,364
364,363,367
367,363,368
372,378,373
368,363,369
372,379,378
362,372,369
371,370,369
374,373,376
377,376,373
373,378,377
374,376,375
369,372,371
131,380,379
382,381,383
384,386,385
383,386,384
383,381,386
381,380,130
386,381,387
388,387,389
389,391,390
391,389,392
393,392,389
389,387,393
387,394,393
394,387,381
362,379,372
245,243,246
175,174,171
173,172,171
147,175,171
167,166,168
171,170,152
169,168,157
176,147,146
148,147,152
148,151,149
169,153,170
151,150,149
151,148,152
147,171,152
170,153,152
168,166,165
179,146,145
165,164,163
163,162,168
162,161,159
160,159,161
162,158,168
159,158,162
153,169,154
157,154,169
156,155,157
157,155,154
168,158,157
165,163,168
132,135,133
143,141,144
142,141,143
141,140,144
144,140,145
403,402,401
396,395,394
130,380,131
381,396,394
131,379,132
404,403,401
134,133,135
126,129,128
126,128,127
126,125,129
125,124,122
121,129,125
123,122,124
400,399,398
405,400,398
115,381,118
122,121,125
397,396,381
130,129,121
118,381,130
406,398,397
405,401,400
121,120,119
130,119,118
118,117,116
116,115,118
381,115,397
115,110,397
114,113,110
110,113,111
114,110,115
109,108,110
111,113,112
397,110,76
99,110,108
103,102,108
107,103,108
104,103,107
105,104,107
107,106,105
102,101,100
100,99,102
76,110,99
97,96,95
95,94,93
98,97,86
86,97,95
102,99,108
99,98,79
75,397,76
75,74,69
77,79,78
74,73,70
77,76,79
99,79,76
71,73,72
70,69,74
409,75,69
67,66,62
67,62,68
70,73,71
69,68,61
75,408,397
87,93,88
87,86,95
88,93,89
91,89,93
90,89,91
91,93,92
81,80,85
81,85,82
86,85,80
83,82,84
84,82,85
98,86,80
95,93,87
98,80,79
130,121,119
65,63,66
405,404,401
61,68,62
408,407,406
418,416,410
75,409,408
397,408,406
413,412,414
414,412,411
415,414,416
414,410,416
411,410,414
416,418,417
410,409,418
55,409,61
56,61,60
57,60,58
58,60,59
62,66,63
56,60,57
419,418,420
54,418,55
54,420,418
418,409,55
52,54,53
61,56,55
421,54,52
51,446,52
409,69,61
406,405,398
428,427,426
421,423,422
424,426,425
437,428,426
433,428,436
431,430,432
432,430,429
433,429,428
435,434,433
435,433,436
433,432,429
428,437,436
421,424,423
441,439,424
426,424,439
438,437,439
440,439,441
426,439,437
421,52,424
442,441,443
443,441,424
443,424,52
444,443,52
448,447,449
446,445,444
446,444,52
420,54,421
51,447,446
19,48,47
47,45,19
46,45,47
42,44,43
3,50,49
447,50,449
41,19,44
44,42,41
40,39,35
49,48,15
44,19,45
41,40,20
38,37,36
36,35,39
35,34,32
33,32,34
32,40,35
40,32,25
25,31,26
31,25,32
26,31,30
30,29,27
28,27,29
30,27,26
39,38,36
24,40,25
450,449,452
7,3,49
3,452,449
14,8,7
8,10,9
3,7,5
449,50,3
6,5,7
452,451,450
453,452,1
5,4,3
1,452,2
452,3,2
19,18,16
20,19,41
21,24,23
24,21,20
23,22,21
20,40,24
11,14,12
7,49,14
10,8,11
11,8,14
17,16,18
13,12,14
15,19,16
49,15,14
48,19,15
50,447,51
63,65,64
171,174,173
