# Argentina region 0
47 44
# Outer Vertices
-68.632919,-54.500229
-68.628883,-53.991390
-68.624161,-53.317791
-68.618332,-52.643620
-68.615707,-52.645271
-68.295013,-52.932510
-68.224731,-53.103069
-68.239731,-53.118900
-68.285278,-53.008900
-68.327507,-52.994179
-68.543617,-53.126400
-68.567497,-53.174171
-68.543617,-53.229450
-68.430557,-53.292500
-68.180008,-53.286121
-68.099731,-53.369450
-68.019180,-53.555012
-67.847229,-53.686958
-67.587784,-53.829441
-67.573624,-53.910278
-66.943077,-54.209721
-66.703613,-54.289169
-66.443893,-54.456680
-65.696404,-54.672791
-65.235291,-54.633610
-65.142227,-54.646950
-65.319168,-54.901951
-65.353912,-54.929169
-65.471390,-54.883610
-65.490013,-54.934719
-65.680557,-54.971668
-65.730827,-54.904720
-65.955307,-54.896118
-66.006668,-54.953060
-66.165009,-54.986950
-66.371948,-54.985001
-66.421127,-55.045280
-66.551682,-55.044720
-67.001404,-54.909451
-68.009743,-54.859730
-68.288353,-54.793621
-68.323624,-54.843609
-68.515007,-54.856121
-68.636932,-54.788219
-68.634171,-54.658611
-68.633301,-54.547409
-68.632919,-54.500229
# Triangles
44,43,42
40,46,45
40,1,46
40,45,44
42,41,40
17,16,1
16,13,1
13,2,1
13,16,15
1,40,17
40,44,42
12,11,2
13,12,2
3,10,4
10,3,11
9,4,10
11,3,2
7,6,8
9,8,5
5,8,6
9,5,4
13,15,14
37,36,35
37,35,22
37,22,38
34,22,35
28,31,30
28,30,29
33,32,34
27,26,28
20,19,38
38,21,20
38,19,39
17,19,18
17,40,19
19,40,39
31,23,32
23,31,28
23,28,24
32,23,22
24,28,26
26,25,24
21,38,22
34,32,22
