# Argentina region 1
21 18
# Outer Vertices
-64.686684,-54.905281
-64.699448,-54.848621
-64.753616,-54.841129
-64.738892,-54.804451
-64.672791,-54.774441
-64.598358,-54.799450
-64.509171,-54.780560
-64.570007,-54.719730
-64.381393,-54.788620
-64.363892,-54.710011
-64.286247,-54.730000
-63.826950,-54.719452
-63.857510,-54.773899
-63.968891,-54.818062
-63.986950,-54.811111
-63.960560,-54.766109
-64.253891,-54.842220
-64.253067,-54.779720
-64.581390,-54.868900
-64.610001,-54.900002
-64.686684,-54.905281
# Triangles
2,1,3
1,19,5
19,1,20
5,19,18
3,1,4
6,5,18
6,8,7
1,5,4
18,8,6
18,17,8
14,13,15
16,15,17
8,17,10
10,9,8
15,12,11
12,15,13
15,11,10
10,17,15
