# Argentina region 2
813 810
# Outer Vertices
-66.345551,-22.114450
-66.273621,-21.957230
-66.231667,-21.787510
-66.077499,-21.831949
-66.041382,-21.916670
-65.926392,-21.933331
-65.768066,-22.102230
-65.598892,-22.100000
-64.988602,-22.090839
-64.722778,-22.181391
-64.670273,-22.171120
-64.561943,-22.243610
-64.539169,-22.276390
-64.566101,-22.361389
-64.433319,-22.542780
-64.456673,-22.632231
-64.345840,-22.847231
-64.325012,-22.873619
-64.275284,-22.633890
-64.146118,-22.432779
-64.115829,-22.342779
-63.941109,-22.000839
-62.809170,-21.996389
-62.789440,-22.122780
-62.638660,-22.236629
-62.623890,-22.249161
-62.628052,-22.303329
-62.258610,-22.518890
-62.237499,-22.566950
-62.260830,-22.600281
-62.005562,-22.942230
-61.999168,-22.994720
-61.619999,-23.285839
-61.224720,-23.555281
-61.124168,-23.597780
-61.015011,-23.806110
-60.640839,-23.895559
-60.313061,-24.020281
-60.170280,-24.041670
-60.038059,-24.009729
-59.638248,-24.247520
-59.615841,-24.286390
-59.426392,-24.398340
-59.131390,-24.598890
-58.885559,-24.726391
-58.686661,-24.816120
-58.460831,-24.852501
-58.338051,-24.997499
-58.228611,-24.938339
-57.980831,-25.077499
-57.870548,-25.087780
-57.650280,-25.330009
-57.640282,-25.378889
-57.557781,-25.433331
-57.575569,-25.573059
-57.751110,-25.670000
-57.750011,-25.716669
-57.900829,-25.952499
-57.853889,-25.996389
-58.121941,-26.218889
-58.104721,-26.240280
-58.172230,-26.272779
-58.169449,-26.342230
-58.211391,-26.425831
-58.207218,-26.494169
-58.218060,-26.540560
-58.168331,-26.596951
-58.185268,-26.658621
-58.239719,-26.649731
-58.246109,-26.764730
-58.342220,-26.813890
-58.317780,-26.878340
-58.473610,-26.936119
-58.509731,-27.058620
-58.546108,-27.045839
-58.563610,-27.116949
-58.636120,-27.137230
-58.658890,-27.181391
-58.602650,-27.294180
-58.011120,-27.270281
-57.735561,-27.305281
-57.404449,-27.424170
-57.059441,-27.488890
-56.932499,-27.423059
-56.874168,-27.421120
-56.784199,-27.492331
-56.769260,-27.499741
-56.726101,-27.503620
-56.673328,-27.461390
-56.585831,-27.448059
-56.515011,-27.464170
-56.452782,-27.550840
-56.392231,-27.586121
-56.361111,-27.584169
-56.271111,-27.461390
-56.274719,-27.396111
-56.148609,-27.312229
-56.042500,-27.303619
-55.888050,-27.333891
-55.785381,-27.434490
-55.603611,-27.346390
-55.581669,-27.301950
-55.598881,-27.164450
-55.451939,-27.091391
-55.445831,-27.023899
-55.396111,-26.971670
-55.251110,-26.936119
-55.186390,-26.962780
-55.126110,-26.945000
-55.117771,-26.857780
-54.950550,-26.770559
-54.930561,-26.688339
-54.883331,-26.656111
-54.803612,-26.659451
-54.633610,-26.200279
-54.663059,-25.977221
-54.601669,-25.952780
-54.644169,-25.656950
-54.583889,-25.636669
-54.596111,-25.574869
-54.426109,-25.684999
-54.380001,-25.577499
-54.278339,-25.548889
-54.241940,-25.596670
-54.176392,-25.573620
-54.203609,-25.531120
-54.095829,-25.498610
-54.114170,-25.567230
-54.080830,-25.598339
-54.067501,-25.550560
-53.968071,-25.588230
-53.958050,-25.644440
-53.894718,-25.629169
-53.827499,-25.851120
-53.827229,-25.952780
-53.660278,-26.199730
-53.650280,-26.263060
-53.712780,-26.360559
-53.726940,-26.675831
-53.750561,-26.766951
-53.711681,-26.834730
-53.698608,-26.889450
-53.838902,-27.171690
-53.877781,-27.119450
-54.091942,-27.283340
-54.148609,-27.289169
-54.167782,-27.250000
-54.230549,-27.345840
-54.279171,-27.424170
-54.307781,-27.431669
-54.345829,-27.399450
-54.354172,-27.453890
-54.454170,-27.411949
-54.448051,-27.465281
-54.537220,-27.491110
-54.579731,-27.448339
-54.753059,-27.560560
-54.806110,-27.530279
-54.912220,-27.737221
-54.993061,-27.788059
-55.073059,-27.771669
-55.081951,-27.790560
-55.021671,-27.833891
-55.029171,-27.853889
-55.105831,-27.850000
-55.126110,-27.885839
-55.180561,-27.855841
-55.374168,-27.973610
-55.440552,-28.079451
-55.756672,-28.219999
-55.773331,-28.246389
-55.678890,-28.302500
-55.668060,-28.345280
-55.692501,-28.408890
-55.812222,-28.356390
-55.873611,-28.356390
-55.900280,-28.380831
-55.893620,-28.464451
-56.018608,-28.507780
-56.015282,-28.591110
-56.289440,-28.784731
-56.315552,-28.912220
-56.404720,-28.962500
-56.418331,-29.056391
-56.571671,-29.124729
-56.641670,-29.196110
-56.690281,-29.334450
-57.041389,-29.702221
-57.110561,-29.766670
-57.250278,-29.787781
-57.293060,-29.818890
-57.319729,-29.975281
-57.533619,-30.163340
-57.613529,-30.182680
-57.640282,-30.190001
-57.626110,-30.285839
-57.757511,-30.428341
-57.874722,-30.504450
-57.889999,-30.592230
-57.808891,-30.734730
-57.795841,-30.876949
-57.813610,-30.912220
-57.910290,-30.934170
-57.851669,-31.046391
-57.988892,-31.401670
-58.076111,-31.456671
-58.077499,-31.484171
-57.986950,-31.552509
-57.979160,-31.610279
-58.037220,-31.786390
-58.178890,-31.854170
-58.183880,-31.921671
-58.146389,-31.990280
-58.184441,-32.155010
-58.099442,-32.259178
-58.101391,-32.328060
-58.198299,-32.453350
-58.208618,-32.661129
-58.135830,-32.906120
-58.161949,-33.075291
-58.214451,-33.095009
-58.405281,-33.080841
-58.430561,-33.101398
-58.414730,-33.300289
-58.476952,-33.360008
-58.533340,-33.530849
-58.540840,-33.753899
-58.460281,-33.858070
-58.453339,-33.953899
-58.386669,-34.045010
-58.377499,-34.188061
-58.441669,-34.265850
-58.509171,-34.271950
-58.565559,-34.296120
-58.481121,-34.358349
-58.524731,-34.445278
-58.440281,-34.557232
-58.331669,-34.653069
-57.781670,-34.888340
-57.313061,-35.177780
-57.124729,-35.416950
-57.142231,-35.488899
-57.224449,-35.575279
-57.385830,-35.810280
-57.384998,-35.930279
-57.307499,-36.099171
-57.100010,-36.288342
-56.934170,-36.347240
-56.938061,-36.384178
-56.847778,-36.342220
-56.767780,-36.347500
-56.767780,-36.304180
-56.736111,-36.326962
-56.693890,-36.431679
-56.666389,-36.753071
-56.678341,-36.923618
-56.778889,-37.025002
-57.093060,-37.465839
-57.487499,-37.835011
-57.531681,-37.937778
-57.537781,-38.096951
-57.640011,-38.183060
-57.991669,-38.359180
-58.498890,-38.534168
-59.107780,-38.702511
-59.753059,-38.826401
-60.433891,-38.922230
-61.124729,-38.996948
-61.818062,-38.986118
-62.041672,-38.933899
-62.166389,-38.811111
-62.365280,-38.791401
-62.396118,-38.823341
-62.343342,-38.892502
-62.338341,-38.951672
-62.266941,-38.966671
-62.325562,-39.021130
-62.348061,-39.172501
-62.305279,-39.225559
-62.079731,-39.322231
-62.020000,-39.378059
-62.043892,-39.409451
-62.076118,-39.408901
-62.194729,-39.308338
-62.281391,-39.312229
-62.270840,-39.343609
-62.051949,-39.465839
-62.127781,-39.844460
-62.259171,-39.847240
-62.364170,-40.055279
-62.338058,-40.124729
-62.374168,-40.215839
-62.436390,-40.240841
-62.488892,-40.311111
-62.417229,-40.463058
-62.331669,-40.498341
-62.323620,-40.530010
-62.259998,-40.560009
-62.248890,-40.614182
-62.273899,-40.636951
-62.348061,-40.607220
-62.326672,-40.678341
-62.238060,-40.639462
-62.185009,-40.636669
-62.316952,-40.863621
-62.363892,-40.888062
-62.910839,-41.102509
-63.396389,-41.164730
-63.814171,-41.156960
-63.960281,-41.064449
-64.058617,-41.045010
-64.068336,-41.000278
-64.722778,-40.832241
-64.878342,-40.840279
-64.912231,-40.814739
-64.889717,-40.797501
-64.839737,-40.815281
-64.741119,-40.794731
-64.780006,-40.729450
-64.917793,-40.706951
-64.926392,-40.728611
-64.911118,-40.771389
-65.030006,-40.778069
-65.134453,-40.847790
-65.178337,-41.008060
-65.109711,-41.302891
-64.990837,-41.517792
-65.029190,-41.682499
-64.990837,-41.778629
-65.080002,-41.967510
-65.050003,-42.028900
-64.934448,-42.156960
-64.722778,-42.230572
-64.528900,-42.245289
-64.459457,-42.268330
-64.533890,-42.323071
-64.606400,-42.425571
-64.585564,-42.437229
-64.119171,-42.434460
-64.049454,-42.383060
-64.043327,-42.312790
-64.083618,-42.266399
-64.330002,-42.248901
-64.329453,-42.233608
-64.199173,-42.224171
-63.864719,-42.100842
-63.735561,-42.095291
-63.586941,-42.335289
-63.626110,-42.761959
-63.693062,-42.821671
-64.087227,-42.890289
-64.142227,-42.869740
-64.253342,-42.757790
-64.196404,-42.638901
-64.326401,-42.544170
-64.458618,-42.506962
-64.635010,-42.524731
-64.967216,-42.675011
-65.013634,-42.768890
-64.410278,-42.978069
-64.315567,-42.949451
-64.295288,-42.991959
-64.417793,-43.054459
-64.788353,-43.156120
-65.028343,-43.304459
-65.037231,-43.394180
-65.130280,-43.457241
-65.330292,-43.667789
-65.333344,-43.749729
-65.258621,-43.969730
-65.210564,-43.955292
-65.218903,-44.046398
-65.307510,-44.151680
-65.232788,-44.346951
-65.342216,-44.438622
-65.280563,-44.484459
-65.548073,-44.598900
-65.719177,-44.776119
-65.710854,-44.833618
-65.531418,-44.900002
-65.584732,-44.924450
-65.604736,-45.016399
-65.654167,-45.030560
-65.866959,-44.988892
-65.881958,-45.021679
-65.962227,-45.019169
-66.015289,-44.973888
-66.161957,-44.962780
-66.526947,-45.090290
-66.535004,-45.115841
-66.470291,-45.131401
-66.465561,-45.146400
-66.568336,-45.131962
-66.587784,-45.144730
-66.516678,-45.183620
-66.535278,-45.204449
-66.846687,-45.210281
-66.990837,-45.281391
-67.134743,-45.460011
-67.301117,-45.598339
-67.332497,-45.651390
-67.341667,-45.778900
-67.381393,-45.795559
-67.586670,-46.003899
-67.621948,-46.123901
-67.599167,-46.239460
-67.498062,-46.466949
-67.217506,-46.694172
-66.735001,-47.031952
-65.972778,-47.073059
-65.772507,-47.198341
-65.732513,-47.344181
-65.756958,-47.541950
-65.881958,-47.765011
-65.963318,-47.785011
-65.892792,-47.819172
-65.870010,-47.902229
-65.789459,-47.930290
-65.795837,-47.970280
-65.961403,-47.954170
-65.973892,-47.978619
-65.896118,-48.088902
-65.902786,-48.103352
-66.073624,-48.101669
-66.210281,-48.208618
-66.344727,-48.298351
-66.327507,-48.345558
-66.667793,-48.441669
-66.833069,-48.573898
-66.966690,-48.598061
-67.135559,-48.680012
-67.239731,-48.822788
-67.477226,-48.956669
-67.640007,-49.118610
-67.613358,-49.175560
-67.682510,-49.248341
-67.793060,-49.331951
-67.813606,-49.396961
-67.706680,-49.369740
-67.643066,-49.253071
-67.603058,-49.264721
-67.624733,-49.312229
-67.737503,-49.757229
-67.805557,-49.920841
-68.061401,-50.073341
-68.243362,-50.122219
-68.341400,-50.118340
-68.433060,-50.060291
-68.532791,-49.919720
-68.591667,-49.903069
-68.597504,-49.939449
-68.623337,-49.957230
-68.559448,-49.991390
-68.506668,-50.075008
-68.372223,-50.134178
-68.373901,-50.158352
-68.423889,-50.195278
-68.827507,-50.308891
-68.958618,-50.404449
-69.103912,-50.596390
-69.145279,-50.884171
-69.188057,-50.966389
-69.166122,-51.000290
-68.952789,-51.535000
-68.972778,-51.578060
-69.130836,-51.610001
-69.374451,-51.556400
-69.613892,-51.625839
-69.325844,-51.598900
-69.162231,-51.650841
-69.209457,-51.690281
-69.017792,-51.616951
-68.979172,-51.633060
-68.797501,-51.892231
-68.440292,-52.244450
-68.383621,-52.336941
-68.429153,-52.375439
-68.434433,-52.329182
-69.233612,-52.143330
-69.461403,-52.143620
-69.998611,-51.996391
-70.857773,-51.997219
-71.910202,-51.996799
-71.962784,-51.960281
-71.940552,-51.886669
-71.971657,-51.845009
-72.295273,-51.691109
-72.331123,-51.587219
-72.423050,-51.576950
-72.438316,-51.546120
-72.339722,-51.475830
-72.247772,-51.232498
-72.385559,-51.146111
-72.391953,-51.096390
-72.267227,-51.017231
-72.242493,-50.851109
-72.341667,-50.743900
-72.294159,-50.649731
-72.370270,-50.614449
-72.539993,-50.612228
-72.597778,-50.666672
-72.649170,-50.670841
-72.732773,-50.621391
-72.781113,-50.625011
-73.018066,-50.749451
-73.129990,-50.772221
-73.174156,-50.744720
-73.253891,-50.559441
-73.265007,-50.360001
-73.267120,-50.354118
-73.277802,-50.324131
-73.282654,-50.318260
-73.351936,-50.234440
-73.528610,-50.144718
-73.535828,-50.116661
-73.467216,-50.006672
-73.561661,-49.919170
-73.444443,-49.782501
-73.536942,-49.678619
-73.510277,-49.613331
-73.581680,-49.531940
-73.529716,-49.496399
-73.538887,-49.440552
-73.449722,-49.379719
-73.464722,-49.311390
-73.134171,-49.303619
-73.131943,-49.260841
-73.177223,-49.221390
-73.075562,-49.065552
-72.951683,-48.964729
-72.803329,-48.943890
-72.698608,-48.896389
-72.672638,-48.876270
-72.553047,-48.783619
-72.551941,-48.718060
-72.603409,-48.484280
-72.604027,-48.481411
-72.287216,-48.341942
-72.323059,-48.075569
-72.529999,-47.943890
-72.535278,-47.909161
-72.305557,-47.507229
-72.357773,-47.464451
-72.313606,-47.426121
-72.156387,-47.409439
-72.044273,-47.301449
-72.042503,-47.299728
-72.016273,-47.276211
-72.017838,-47.271549
-72.027222,-47.243622
-72.017227,-47.199730
-71.877777,-47.229729
-71.852493,-47.182781
-71.864441,-47.137501
-71.985283,-47.073898
-71.995537,-47.048901
-71.904716,-47.000839
-71.961121,-46.943890
-71.933319,-46.806110
-71.809158,-46.784180
-71.669449,-46.679180
-71.672562,-46.530731
-71.751740,-46.343731
-71.751938,-46.341331
-71.761124,-46.224449
-71.872498,-46.165550
-71.897781,-46.140289
-71.771667,-46.119999
-71.601936,-45.974720
-71.637787,-45.892231
-71.759171,-45.844170
-71.791946,-45.725559
-71.740829,-45.584171
-71.707497,-45.536961
-71.502792,-45.515560
-71.467499,-45.477501
-71.506668,-45.411381
-71.296951,-45.305840
-71.330002,-45.228329
-71.453613,-45.159168
-71.498047,-45.075562
-71.591667,-44.971390
-72.071121,-44.897789
-72.081123,-44.774731
-72.052223,-44.753891
-71.938316,-44.784180
-71.482773,-44.744450
-71.339722,-44.803341
-71.271118,-44.794460
-71.220284,-44.733330
-71.233322,-44.662781
-71.212784,-44.628342
-71.126389,-44.575840
-71.110283,-44.528061
-71.203613,-44.426960
-71.833618,-44.397781
-71.853882,-44.365292
-71.794159,-44.312511
-71.852493,-44.105289
-71.668350,-43.967369
-71.660004,-43.961121
-71.648827,-43.923161
-71.651314,-43.920731
-71.694992,-43.877781
-71.741943,-43.768341
-71.777222,-43.779449
-71.809433,-43.736389
-71.690277,-43.672508
-71.707230,-43.592232
-71.874161,-43.536671
-71.847778,-43.481392
-71.869720,-43.456402
-71.921944,-43.457790
-71.922501,-43.378059
-71.736938,-43.293072
-71.732773,-43.188061
-71.751106,-43.167511
-72.053047,-43.104721
-72.106377,-43.055000
-72.139717,-42.991390
-72.102493,-42.848610
-72.132217,-42.660000
-72.113617,-42.528881
-72.025833,-42.477501
-72.071671,-42.429729
-72.043327,-42.366402
-72.131668,-42.281940
-72.017776,-42.133610
-71.970551,-42.125000
-71.914169,-42.178059
-71.735001,-42.103901
-71.918060,-41.626389
-71.839722,-41.568340
-71.899437,-41.358620
-71.853882,-41.115559
-71.837509,-40.953899
-71.950562,-40.732769
-71.837784,-40.531681
-71.791382,-40.415279
-71.719727,-40.427780
-71.664436,-40.303341
-71.702499,-40.276402
-71.715561,-40.304169
-71.791382,-40.245838
-71.807503,-40.168339
-71.806107,-40.093620
-71.726936,-40.092232
-71.670837,-40.100559
-71.605827,-39.906391
-71.669449,-39.857231
-71.710564,-39.637218
-71.685547,-39.569450
-71.516113,-39.620281
-71.488327,-39.593060
-71.485817,-39.557510
-71.541107,-39.531391
-71.451950,-39.438332
-71.473053,-39.393902
-71.404449,-39.333061
-71.403061,-39.090279
-71.418610,-38.960560
-71.397781,-38.916111
-71.059433,-38.750290
-70.869453,-38.695000
-70.876663,-38.638901
-70.835281,-38.600010
-70.825844,-38.551670
-70.970840,-38.418060
-71.077217,-37.942230
-71.176392,-37.713341
-71.180283,-37.634731
-71.112213,-37.489449
-71.109734,-37.453609
-71.196663,-37.313622
-71.079453,-37.104172
-71.200287,-36.975830
-71.129990,-36.962231
-71.186943,-36.848888
-71.138344,-36.690830
-71.107498,-36.675560
-71.063606,-36.699451
-71.043327,-36.679729
-71.057503,-36.562778
-71.037781,-36.486111
-70.941101,-36.484440
-70.893623,-36.402222
-70.730827,-36.424721
-70.700562,-36.409161
-70.706673,-36.277500
-70.580002,-36.148621
-70.426666,-36.135551
-70.369453,-36.046680
-70.409729,-35.963619
-70.337784,-35.808338
-70.420273,-35.643620
-70.396118,-35.515011
-70.460831,-35.388340
-70.423317,-35.340839
-70.550278,-35.296669
-70.569458,-35.254459
-70.541382,-35.208900
-70.386124,-35.171669
-70.361656,-35.142502
-70.361938,-35.004452
-70.263634,-34.797791
-70.313606,-34.748890
-70.235550,-34.666950
-70.224716,-34.595280
-70.047501,-34.409168
-70.054993,-34.298351
-70.023903,-34.275009
-69.828339,-34.250851
-69.813049,-34.229721
-69.866096,-34.143902
-69.849167,-33.971951
-69.900284,-33.960831
-69.904167,-33.769169
-69.848343,-33.724171
-69.870270,-33.564449
-69.779167,-33.405560
-69.798340,-33.286129
-69.898621,-33.237511
-69.935547,-33.243622
-69.976936,-33.298901
-70.023064,-33.270290
-70.098892,-33.172508
-70.101669,-33.030010
-69.992767,-32.895561
-70.144173,-32.761681
-70.171112,-32.607792
-70.146118,-32.506119
-70.166107,-32.458900
-70.232773,-32.425838
-70.235001,-32.326401
-70.329178,-32.197231
-70.379990,-32.051670
-70.331680,-32.039181
-70.273064,-32.048069
-70.231949,-31.968889
-70.278343,-31.897221
-70.416397,-31.878340
-70.468887,-31.808901
-70.587219,-31.566669
-70.533333,-31.188061
-70.471390,-31.098061
-70.445541,-31.093060
-70.420273,-31.154169
-70.349167,-31.074450
-70.313606,-31.031950
-70.258057,-31.039169
-70.330002,-30.953609
-70.300278,-30.776390
-70.134171,-30.439720
-70.165833,-30.370840
-70.130547,-30.354719
-70.044159,-30.396669
-69.944443,-30.376390
-69.897781,-30.322510
-69.827499,-30.158890
-69.841667,-30.120560
-69.967499,-30.088619
-69.905838,-29.814449
-69.917503,-29.713341
-69.961670,-29.680559
-70.003067,-29.423889
-70.035004,-29.355000
-70.027222,-29.281950
-69.800278,-29.108061
-69.704453,-28.593340
-69.666412,-28.572781
-69.656952,-28.405279
-69.529999,-28.312229
-69.476387,-28.191389
-69.410294,-28.212500
-69.304443,-28.003620
-69.186111,-27.965839
-69.006958,-27.458891
-68.939163,-27.417219
-68.865837,-27.288059
-68.878601,-27.237499
-68.811111,-27.120560
-68.738892,-27.103340
-68.588333,-27.169720
-68.525284,-27.088341
-68.320282,-27.044729
-68.287216,-26.915279
-68.579727,-26.520559
-68.570557,-26.317499
-68.404167,-26.173889
-68.484734,-25.778339
-68.595284,-25.505560
-68.575562,-25.355000
-68.502502,-25.177231
-68.397781,-25.140280
-68.354446,-25.129169
-68.455002,-24.905001
-68.545273,-24.873619
-68.571671,-24.805281
-68.491096,-24.606670
-68.443878,-24.626390
-68.392227,-24.505840
-68.289436,-24.457781
-68.252502,-24.396391
-67.339996,-24.023899
-67.151321,-23.397650
-67.001106,-23.002781
-67.183670,-22.821560
-67.123047,-22.718060
-67.012512,-22.642780
-67.022781,-22.523899
-66.775009,-22.426950
-66.736938,-22.227501
-66.345551,-22.114450
# Triangles
517,512,511
515,512,517
514,513,515
515,513,512
525,511,510
506,505,504
506,504,507
503,508,507
503,509,508
509,503,510
502,525,510
518,517,519
521,520,519
523,522,521
521,519,523
519,517,525
519,525,523
523,525,524
526,528,527
530,528,526
530,526,525
517,511,525
516,515,517
503,507,504
490,489,488
490,488,487
492,494,493
487,485,490
483,482,484
459,497,495
485,491,490
481,495,491
485,487,486
481,491,485
494,492,491
525,499,498
525,502,499
529,528,530
531,530,525
502,501,499
502,510,503
495,494,491
496,495,497
500,499,501
531,498,532
531,525,498
497,459,537
533,498,497
484,481,485
533,532,498
537,535,534
535,537,536
534,533,537
541,538,544
538,541,540
542,541,543
543,541,544
538,551,544
540,539,538
533,497,537
545,544,551
547,546,551
583,582,584
582,585,584
550,548,551
549,548,550
554,556,555
547,551,548
546,545,551
538,537,551
554,553,556
559,557,556
557,559,558
566,565,567
559,556,553
553,552,560
565,564,567
568,567,564
569,571,570
568,564,563
559,553,560
552,551,449
596,595,597
571,569,572
573,572,574
597,599,598
581,585,582
607,604,603
606,604,607
604,606,605
561,563,562
449,551,537
482,481,484
470,468,479
479,467,480
467,479,468
480,467,481
479,478,470
481,467,461
470,472,471
473,470,478
472,470,473
469,468,470
478,474,473
466,465,462
463,465,464
466,462,461
461,460,459
459,481,461
462,465,463
461,467,466
453,451,457
458,457,451
451,450,449
452,451,453
449,537,451
451,537,458
537,459,458
552,449,433
475,474,477
477,474,478
456,454,453
453,457,456
475,477,476
455,454,456
447,445,448
445,444,448
447,446,445
443,442,444
444,437,448
437,444,442
437,442,438
437,436,449
439,438,441
436,435,433
438,442,441
436,433,449
439,441,440
433,435,434
432,431,430
560,552,433
448,437,449
406,433,432
577,568,404
574,569,568
569,574,572
561,404,568
581,586,585
568,575,574
575,568,577
576,575,577
580,579,578
581,580,587
577,589,578
561,560,404
587,580,578
600,599,594
595,594,597
601,600,594
607,602,601
607,603,602
594,607,601
594,599,597
588,587,578
589,588,578
590,589,591
589,592,591
589,577,592
586,581,587
608,594,614
577,403,592
561,568,563
405,404,560
405,560,406
402,401,400
403,402,400
403,593,592
429,428,427
430,429,408
408,407,430
429,427,408
406,432,407
403,577,404
403,400,593
399,398,397
399,397,593
329,630,397
630,593,397
395,393,396
388,396,393
399,593,400
391,390,389
392,389,388
367,396,388
389,392,391
392,388,393
394,393,395
615,594,593
408,427,425
560,433,406
430,407,432
594,608,607
459,495,481
396,329,397
620,619,618
620,618,617
622,621,623
620,623,621
623,620,616
609,608,610
614,613,611
617,616,620
611,613,612
623,630,629
624,623,625
626,625,627
629,628,627
627,625,629
632,631,630
634,633,632
637,635,639
637,636,635
634,632,635
632,640,635
623,629,625
611,610,614
630,616,615
632,630,640
644,643,641
637,639,638
623,616,630
635,640,639
663,653,640
641,640,647
647,640,648
641,646,644
630,324,640
641,643,642
615,593,630
646,641,647
646,645,644
650,649,652
651,650,652
652,649,648
653,652,648
654,653,656
656,658,657
658,656,653
655,654,656
658,653,663
648,640,653
614,594,615
608,614,610
660,659,661
670,669,671
668,671,669
662,661,659
662,659,658
666,668,667
672,671,668
674,672,687
666,672,668
658,663,662
676,675,674
678,680,679
677,680,678
677,676,680
681,680,676
684,681,686
681,676,674
683,682,684
686,685,684
682,681,684
674,686,681
673,672,674
664,663,665
687,672,666
323,666,665
674,687,686
688,687,689
690,689,687
687,666,690
691,690,666
697,696,695
693,695,694
701,697,702
702,697,695
666,323,691
699,698,700
698,697,700
743,746,744
742,746,743
739,746,742
744,746,745
740,739,741
742,741,739
697,701,700
691,693,692
324,663,640
323,665,663
704,702,711
693,702,695
706,704,708
706,705,704
706,708,707
730,729,727
731,730,738
732,731,733
727,738,730
693,711,702
733,731,738
735,734,736
746,739,749
748,747,749
751,750,749
737,736,734
737,734,733
739,738,749
755,752,751
752,754,753
755,754,752
756,751,749
757,749,738
749,747,746
733,738,737
727,729,728
704,703,702
709,708,710
716,715,714
710,708,711
712,711,693
713,712,714
716,714,717
717,719,718
719,717,714
714,712,719
712,271,719
708,704,711
722,726,725
727,726,721
727,757,738
755,751,756
722,725,724
722,724,723
757,727,720
720,727,721
749,757,756
759,758,761
757,720,758
784,758,210
721,726,722
760,759,761
222,758,720
712,693,272
762,761,767
763,762,764
765,764,766
767,766,764
764,762,767
767,769,768
769,767,773
771,770,769
773,771,769
772,771,773
773,767,775
761,758,767
774,773,775
777,776,775
775,782,777
780,778,781
782,778,777
781,778,782
790,794,791
779,778,780
782,775,784
758,775,767
786,785,788
790,789,794
797,796,795
793,792,791
786,788,787
803,785,17
794,788,803
795,799,797
801,799,795
791,794,793
801,795,794
788,785,803
789,788,794
783,782,784
797,799,798
799,801,800
802,801,794
803,802,794
805,807,806
805,804,16
807,805,808
809,808,810
812,811,810
808,805,810
805,6,810
720,719,225
784,77,785
758,784,775
272,693,691
804,803,17
426,425,427
414,408,424
414,423,420
420,423,422
424,423,414
414,420,419
418,416,419
415,419,416
417,416,418
421,420,422
415,414,419
412,409,414
386,385,383
387,386,377
412,414,413
408,414,409
409,411,410
384,383,385
378,383,382
378,377,383
383,377,386
409,412,411
387,377,376
387,367,388
382,381,380
379,378,380
374,376,375
376,374,372
368,387,376
374,373,372
369,371,370
371,369,372
376,372,368
368,372,369
358,367,366
367,387,368
364,363,358
365,364,366
358,366,364
362,361,359
359,361,360
362,359,363
351,350,353
353,350,349
378,382,380
367,329,396
329,358,330
324,630,329
326,325,327
327,325,329
328,327,329
330,358,357
329,325,324
332,357,356
358,363,359
336,356,337
332,356,336
332,331,357
331,330,357
322,691,323
322,320,319
321,320,322
272,691,319
322,319,691
313,312,316
316,312,317
313,316,315
318,317,311
312,311,317
315,314,313
272,319,318
332,336,335
329,367,358
355,337,356
354,338,355
335,334,333
335,333,332
338,337,355
338,353,339
353,352,351
353,349,339
341,340,345
347,340,339
339,348,347
345,340,347
338,354,353
342,341,344
343,342,344
311,310,309
345,344,341
308,307,309
311,307,293
294,293,306
306,293,307
307,311,309
347,346,345
318,311,277
339,349,348
293,277,311
323,663,324
294,300,296
301,300,305
294,296,295
300,294,306
292,291,290
300,306,305
304,301,305
297,300,299
297,296,300
297,299,298
302,301,304
277,276,274
285,277,289
277,274,272
272,318,277
273,272,274
226,719,271
293,289,277
288,285,289
277,285,284
279,278,283
284,283,278
277,284,278
276,275,274
286,285,288
289,292,290
293,292,289
303,302,304
286,288,287
283,282,279
279,282,280
280,282,281
270,269,268
270,268,267
235,270,267
267,266,235
265,236,266
265,264,237
258,263,262
244,264,263
259,262,261
259,258,262
260,259,261
246,257,256
255,254,256
258,257,245
245,263,258
271,270,235
248,256,254
233,235,234
235,233,271
226,228,227
233,228,226
232,228,233
225,719,226
232,231,230
236,265,237
229,228,232
232,230,229
266,236,235
224,223,222
225,224,222
217,221,218
222,221,217
222,210,758
221,220,218
215,213,216
213,222,216
211,222,213
211,213,212
211,210,222
219,218,220
216,222,217
720,225,222
226,271,233
237,264,244
246,245,257
242,241,240
243,242,239
243,238,237
249,248,253
253,248,254
250,253,252
249,253,250
250,252,251
248,247,246
246,256,248
215,214,213
206,210,209
208,206,209
206,205,210
243,239,238
239,242,240
206,208,207
205,204,202
78,784,205
243,237,244
245,244,263
784,210,205
272,271,712
203,202,204
784,78,77
77,76,42
74,73,72
75,74,76
76,74,72
199,198,202
190,79,78
197,78,198
72,71,70
78,205,198
77,35,785
43,76,72
70,69,68
65,68,66
70,68,65
65,64,63
65,63,70
72,63,44
62,61,63
59,47,61
59,61,60
59,58,57
57,47,59
68,67,66
63,72,70
194,78,197
61,44,63
200,199,202
196,195,194
190,78,194
194,197,196
190,193,192
190,192,191
189,188,187
189,80,79
193,190,194
189,79,190
56,55,57
55,52,51
54,52,55
57,55,47
82,81,185
81,80,189
85,83,82
54,53,52
85,84,83
187,185,189
81,189,185
202,201,200
51,49,55
13,15,14
8,15,13
13,11,9
11,13,12
10,9,11
16,15,7
7,805,16
18,17,19
20,19,23
19,26,23
19,17,26
8,13,9
26,24,23
1,812,4
6,4,812
5,4,6
1,3,2
3,1,4
805,7,6
812,810,6
21,20,23
7,15,8
23,22,21
16,804,17
77,42,41
77,41,37
41,38,37
38,41,40
38,40,39
76,43,42
48,47,49
49,47,55
50,49,51
44,61,45
46,45,47
35,17,785
77,37,35
31,30,29
29,28,27
27,26,29
26,25,24
29,26,17
36,35,37
31,17,32
34,33,35
32,35,33
32,17,35
17,31,29
44,43,72
47,45,61
198,205,202
182,82,184
184,82,185
182,181,180
183,182,184
182,180,82
180,179,178
92,180,178
177,176,178
176,175,93
93,178,176
86,82,180
82,86,85
86,180,87
87,89,88
90,89,91
89,87,91
178,93,92
92,91,87
93,169,99
95,94,96
93,99,94
99,97,94
175,174,170
87,180,92
93,175,170
185,187,186
172,171,174
171,170,174
168,167,99
170,169,93
174,173,172
166,165,164
166,100,167
164,161,166
161,164,163
163,162,161
160,166,161
100,99,167
160,159,158
160,158,157
157,156,155
103,160,157
166,160,100
154,153,152
113,155,152
152,151,150
149,148,150
150,148,147
154,152,155
108,157,155
99,169,168
150,146,152
96,94,97
97,99,98
102,101,103
160,101,100
103,105,104
105,103,106
107,106,103
103,101,160
107,103,157
107,157,108
110,109,108
111,110,112
113,112,110
110,155,113
116,134,120
121,120,123
116,120,118
120,119,118
118,117,116
114,134,116
116,115,114
114,113,139
108,155,110
145,144,146
144,143,146
143,142,141
146,143,139
113,146,139
143,140,139
140,143,141
114,138,137
136,135,137
134,114,137
114,139,138
135,134,137
124,128,127
128,124,123
124,127,125
126,125,127
122,121,123
133,128,134
128,133,131
131,133,132
129,128,130
130,128,131
134,128,123
120,134,123
152,146,113
150,147,146
424,408,425
