# New Zealand region 2
365 362
# Outer Vertices
174.940201,-38.101109
174.794693,-38.090569
174.793594,-38.046398
174.892502,-37.976398
174.861099,-37.940010
174.822693,-37.999729
174.786301,-37.988338
174.788803,-37.860001
174.864700,-37.809181
174.964096,-37.777790
174.974701,-37.740841
174.861603,-37.785000
174.717499,-37.424999
174.719101,-37.393620
174.831604,-37.308060
174.830002,-37.290569
174.733597,-37.368610
174.701599,-37.349720
174.551895,-37.080841
174.558594,-37.062511
174.661301,-37.065571
174.713806,-37.227791
174.743301,-37.244999
174.733597,-37.179729
174.770004,-37.113621
174.941101,-37.118061
174.943298,-37.071121
174.786301,-37.025009
174.796600,-36.975010
174.832703,-36.948620
174.696594,-36.939739
174.622498,-36.982220
174.616592,-37.023060
174.515503,-37.045570
174.451904,-36.923901
174.416595,-36.784168
174.208801,-36.535290
174.202194,-36.481121
174.235001,-36.442791
174.358307,-36.552792
174.388901,-36.595001
174.356094,-36.625561
174.395493,-36.647228
174.447403,-36.653900
174.471100,-36.518341
174.439102,-36.408352
174.469406,-36.377510
174.434402,-36.350281
174.384903,-36.398899
174.303802,-36.395290
174.270004,-36.357792
174.292206,-36.316952
174.407394,-36.318340
174.518295,-36.258060
174.477997,-36.246391
174.346603,-36.298061
174.300507,-36.281960
174.313797,-36.259731
174.363297,-36.282230
174.422501,-36.158070
174.397995,-36.126122
174.346100,-36.212231
174.268005,-36.181950
174.282700,-36.121120
174.202194,-36.127510
174.185806,-36.171959
174.312393,-36.236679
174.259399,-36.273060
174.022293,-36.101391
173.929092,-35.914730
173.873795,-35.951130
174.125793,-36.271961
174.180496,-36.282501
174.197998,-36.368622
174.089996,-36.411400
174.049103,-36.353611
174.020493,-36.273899
173.563004,-35.735851
173.398804,-35.573891
173.465805,-35.429180
173.501907,-35.419731
173.533798,-35.458340
173.655502,-35.322510
173.598007,-35.296120
173.556107,-35.280849
173.566895,-35.369732
173.416107,-35.384449
173.386398,-35.523350
173.311295,-35.454731
173.268295,-35.388630
173.314102,-35.311119
173.270203,-35.321400
173.244400,-35.373901
173.202698,-35.325291
173.250793,-35.276402
173.202499,-35.299450
173.091904,-35.216949
173.091904,-35.187511
173.152695,-35.189178
173.187393,-35.143330
173.198593,-35.051121
173.151093,-34.946671
172.722397,-34.495289
172.674393,-34.479450
172.695801,-34.420010
172.826096,-34.445011
173.047699,-34.398350
173.043304,-34.517792
173.007401,-34.526951
172.961899,-34.465290
172.908295,-34.544182
172.944107,-34.570011
172.997498,-34.566399
173.004105,-34.654461
173.023300,-34.635281
173.009705,-34.541672
173.032196,-34.546959
173.057693,-34.680290
173.187698,-34.821671
173.159897,-34.815289
173.115005,-34.778629
173.128601,-34.822510
173.301102,-34.910290
173.259903,-34.966671
173.269104,-35.019741
173.358902,-34.981121
173.342499,-34.870831
173.416397,-34.857792
173.433807,-34.795010
173.500198,-34.864719
173.399704,-34.897228
173.441605,-34.973339
173.585495,-35.016682
173.566895,-34.936111
173.635498,-34.943901
173.779694,-35.012791
173.721893,-35.064739
173.754700,-35.098339
173.801300,-35.050289
173.805496,-35.013630
173.887207,-35.000851
173.976105,-35.106682
174.141602,-35.186958
174.015793,-35.204731
174.140198,-35.322239
174.153595,-35.374451
174.199997,-35.326130
174.234695,-35.308331
174.163605,-35.298889
174.167404,-35.271400
174.313293,-35.236389
174.352203,-35.203899
174.335007,-35.300560
174.366104,-35.348900
174.388000,-35.426960
174.455795,-35.431679
174.500000,-35.497231
174.453903,-35.509731
174.572205,-35.595558
174.569901,-35.648060
174.479095,-35.641949
174.512695,-35.670010
174.549393,-35.694180
174.518295,-35.724171
174.584702,-35.750851
174.602402,-35.844460
174.560806,-35.847790
174.491104,-35.769451
174.383896,-35.801399
174.379105,-35.736950
174.348801,-35.743900
174.346893,-35.833069
174.385498,-35.836399
174.486298,-35.824718
174.525497,-35.849171
174.475494,-35.906120
174.498001,-35.994179
174.612701,-36.042240
174.708801,-36.205559
174.824707,-36.277241
174.793900,-36.324730
174.876907,-36.350849
174.804092,-36.363338
174.760193,-36.345570
174.763000,-36.408890
174.778305,-36.480560
174.721603,-36.411400
174.714706,-36.595840
174.773804,-36.621681
174.853897,-36.607510
174.791595,-36.642509
174.723602,-36.631672
174.817993,-36.816120
174.735001,-36.815559
174.700195,-36.760010
174.619598,-36.802670
174.681900,-36.807240
174.643295,-36.830009
174.684402,-36.912231
174.746094,-36.845852
174.873001,-36.851120
174.896301,-36.869171
174.870804,-36.948898
174.894104,-36.961399
174.925507,-36.841961
174.999695,-36.936680
175.022507,-36.928612
175.000198,-36.881119
175.055496,-36.880291
175.087494,-36.900848
175.077499,-36.960011
175.116104,-36.975010
175.221100,-36.937790
175.310501,-36.995010
175.321396,-37.112789
175.319107,-37.152500
175.385193,-37.225849
175.564102,-37.183071
175.584106,-37.249729
175.590805,-37.177792
175.458801,-36.885010
175.513306,-36.854179
175.466904,-36.810009
175.517197,-36.773060
175.473801,-36.713348
175.506897,-36.641399
175.366302,-36.561668
175.353607,-36.481949
175.441605,-36.478901
175.497498,-36.535839
175.537994,-36.514729
175.564896,-36.567509
175.538803,-36.601120
175.600204,-36.617229
175.611298,-36.672230
175.623001,-36.770569
175.681900,-36.746960
175.843002,-36.718060
175.847702,-36.752239
175.733597,-36.805840
175.707504,-36.870010
175.743805,-36.893902
175.802505,-36.828899
175.845505,-36.839741
175.882706,-37.019451
175.918304,-37.067509
175.887207,-37.244179
175.927200,-37.256119
175.973602,-37.472500
176.071396,-37.511391
176.169403,-37.620289
176.074097,-37.599731
176.095200,-37.576130
176.025208,-37.520840
175.946396,-37.523060
175.953598,-37.581951
175.995804,-37.616680
176.131897,-37.692230
176.165497,-37.663609
176.196594,-37.685009
176.191605,-37.723900
176.242493,-37.716949
176.197693,-37.631401
176.235504,-37.639729
176.297699,-37.698620
177.061600,-37.966129
177.067200,-37.998341
177.137695,-38.024181
177.223801,-37.995289
177.455200,-37.966961
177.571594,-37.902241
177.732193,-37.682510
178.000000,-37.592220
177.990799,-37.545559
178.281906,-37.560841
178.431305,-37.640560
178.504395,-37.650009
178.559692,-37.698898
178.518799,-37.775848
178.350494,-38.004730
178.377701,-38.098629
178.332504,-38.137508
178.345795,-38.433620
178.080505,-38.708900
177.969894,-38.684181
177.926300,-38.706680
177.934097,-38.881680
177.878799,-39.088348
177.967697,-39.098339
177.999405,-39.127510
177.874893,-39.286121
177.824097,-39.193069
177.865204,-39.099171
177.419998,-39.059731
177.054993,-39.204449
176.957703,-39.338890
176.898804,-39.412231
176.949707,-39.589741
176.938202,-39.683140
176.953003,-39.628342
177.116898,-39.662220
177.082703,-39.730011
177.005493,-39.808338
176.808304,-40.216671
176.684402,-40.294731
176.698898,-40.294182
176.620193,-40.478619
176.521301,-40.513901
176.241302,-40.876671
176.220795,-40.931679
176.142197,-40.975288
175.994095,-41.220001
175.650497,-41.434181
175.322998,-41.614460
175.230804,-41.620831
175.184692,-41.535839
175.193802,-41.437790
175.080200,-41.385571
175.027206,-41.381672
174.918594,-41.448071
174.861099,-41.419731
174.901901,-41.258350
174.895004,-41.228069
174.827194,-41.218891
174.778000,-41.255840
174.771103,-41.278061
174.824097,-41.289181
174.826401,-41.323341
174.744705,-41.347511
174.629700,-41.314999
174.591904,-41.278629
174.613007,-41.232231
174.666901,-41.229740
174.864700,-41.104740
174.841095,-41.048069
174.941605,-40.976391
174.960205,-40.899448
175.120804,-40.726959
175.238007,-40.329731
175.234406,-40.296391
175.310196,-40.286671
175.349899,-40.211941
175.306107,-40.270000
175.250793,-40.284180
175.217697,-40.272781
175.186096,-40.146961
174.986298,-39.930012
174.790802,-39.854740
174.557999,-39.824718
174.410507,-39.716949
174.348801,-39.634449
174.208801,-39.577221
173.986893,-39.550571
173.795197,-39.421959
173.754700,-39.314449
173.781906,-39.191391
173.830002,-39.145840
174.226593,-38.972511
174.375198,-38.979179
174.546097,-38.871960
174.594406,-38.815842
174.723602,-38.193901
174.697998,-38.112240
174.918594,-38.118900
174.940201,-38.101109
# Triangles
356,355,354
356,353,352
354,353,356
357,356,352
71,75,74
38,37,36
73,71,74
357,352,351
351,358,357
358,351,350
41,35,42
350,359,358
39,36,41
51,50,49
38,36,39
47,52,48
41,40,39
48,52,51
35,41,36
76,75,71
67,65,68
63,62,61
72,71,73
66,65,67
70,76,71
69,68,64
70,69,77
69,64,171
65,64,68
171,64,63
56,55,57
51,49,48
58,54,59
55,58,57
171,63,175
63,61,60
175,172,171
63,60,175
69,171,170
54,58,55
76,70,77
359,350,347
331,330,329
360,359,347
363,361,360
33,31,34
18,20,19
31,33,32
332,329,328
347,349,348
12,14,13
198,31,30
34,31,197
20,18,21
22,21,17
198,30,199
21,18,17
329,332,331
197,31,198
44,46,45
44,43,187
53,47,46
35,195,43
60,176,175
47,53,52
175,173,172
175,174,173
54,53,59
177,176,59
60,59,176
186,46,44
35,43,42
195,197,196
195,35,34
186,44,187
194,191,195
195,191,43
46,186,53
177,59,53
178,177,53
178,53,183
53,186,183
191,187,43
34,197,195
363,362,361
347,350,349
165,164,166
98,96,95
94,93,91
91,93,92
98,95,94
98,97,96
101,113,102
100,124,123
99,124,100
100,123,101
98,94,99
122,121,101
99,94,124
89,88,86
79,78,81
87,86,88
89,86,90
94,91,90
124,94,90
90,131,125
130,125,131
130,126,125
90,125,124
130,129,127
111,110,113
113,112,111
110,102,113
103,102,104
104,102,105
110,109,105
105,102,110
109,108,107
106,105,109
101,123,122
120,119,118
127,126,130
129,128,127
117,116,114
107,106,109
116,115,114
118,117,120
114,113,117
120,117,113
113,121,120
121,113,101
90,86,84
80,79,81
69,145,82
69,170,145
77,82,81
78,77,81
145,170,154
147,146,154
145,154,146
147,154,153
82,145,143
82,77,69
170,169,157
86,85,84
169,163,160
163,167,164
161,163,162
160,163,161
167,166,164
159,158,160
154,157,155
154,170,157
155,157,156
158,157,160
160,157,169
169,167,163
167,169,168
84,83,136
137,136,83
141,138,137
83,82,137
84,136,132
136,134,132
134,136,135
132,134,133
131,84,132
131,90,84
147,152,150
147,149,148
150,152,151
147,150,149
153,152,147
138,140,139
138,141,140
143,142,141
143,141,137
82,143,137
145,144,143
325,324,332
325,328,327
327,326,325
333,332,323
332,324,323
323,322,333
322,321,317
333,322,335
334,333,335
320,319,321
315,313,316
313,315,314
316,313,312
336,335,337
321,318,317
335,322,317
337,335,316
340,337,310
316,335,317
312,337,316
318,321,319
2,1,0
3,2,0
360,346,296
6,4,7
6,5,4
7,4,8
4,9,8
4,3,9
10,12,11
346,360,347
338,340,339
343,342,344
338,337,340
344,342,345
10,9,255
9,0,255
0,9,3
346,345,341
341,345,342
360,296,0
363,360,0
346,341,296
341,340,308
14,12,10
312,311,337
310,308,340
307,341,308
309,308,310
307,304,341
306,305,304
341,304,298
296,341,298
298,303,302
296,298,297
298,304,303
304,307,306
0,296,260
301,300,299
299,298,301
298,302,301
292,291,288
289,288,291
289,291,290
292,288,287
296,295,260
260,295,294
266,294,267
268,293,269
293,268,267
269,293,285
294,266,261
257,260,259
0,260,257
257,256,0
266,264,261
260,294,261
261,263,262
265,264,266
264,263,261
293,267,294
286,285,293
285,270,269
284,283,282
285,284,270
281,284,282
270,281,279
281,270,284
279,281,280
271,270,279
275,279,278
292,286,293
292,287,286
278,277,276
310,337,311
258,257,259
16,15,22
25,24,15
22,15,23
23,15,24
27,202,28
26,203,27
28,202,29
202,27,203
200,29,202
29,199,30
15,14,25
211,26,25
215,25,14
25,215,211
14,216,215
214,211,215
205,210,206
205,26,210
209,206,210
211,213,212
213,211,214
26,211,210
26,205,203
216,14,10
192,191,194
193,192,194
29,200,199
190,189,188
191,190,188
183,186,184
186,185,184
182,180,183
180,182,181
180,179,178
191,188,187
206,208,207
205,204,203
202,201,200
227,226,228
226,229,228
208,206,209
180,178,183
16,22,17
255,254,218
253,252,249
254,253,248
255,218,10
248,253,249
219,218,246
246,248,247
246,218,254
254,248,246
244,219,246
218,216,10
274,279,275
275,278,276
271,279,272
251,250,252
273,272,274
272,279,274
249,252,250
0,256,255
223,222,221
223,234,224
225,224,234
219,221,220
230,229,231
229,226,225
232,229,225
233,232,225
232,231,229
233,225,234
223,221,235
219,240,221
242,241,243
244,243,241
240,219,241
241,219,244
235,234,223
236,235,239
239,238,237
239,237,236
235,240,239
240,235,221
246,245,244
217,216,218
325,332,328
