# New Zealand region 4
411 408
# Outer Vertices
169.511703,-43.718719
169.486603,-43.662510
169.503296,-43.637230
169.796906,-43.517231
169.860504,-43.570560
169.849899,-43.527779
169.790497,-43.496681
169.817200,-43.469730
169.930496,-43.489182
169.974899,-43.460838
169.863297,-43.461670
169.842697,-43.441959
169.871094,-43.406681
170.067200,-43.307240
170.113602,-43.347229
170.144104,-43.340569
170.087204,-43.283070
170.125504,-43.246120
170.235794,-43.242229
170.293594,-43.161400
170.199402,-43.210011
170.261902,-43.134998
170.332504,-43.136398
170.386902,-43.170841
170.410507,-43.272789
170.427505,-43.194729
170.367996,-43.137230
170.284103,-43.114182
170.386398,-43.085011
170.486099,-43.020012
170.668594,-42.958061
170.748306,-43.061111
170.697998,-42.950291
170.881302,-42.808071
170.975800,-42.722240
171.023804,-42.751400
171.027206,-42.812511
170.976105,-42.839180
171.022995,-42.982792
171.039703,-42.931400
170.995804,-42.845009
171.042694,-42.831951
171.044998,-42.756401
170.997498,-42.708618
171.212708,-42.461121
171.389099,-42.449718
171.474503,-42.372311
171.369400,-42.439449
171.227997,-42.441120
171.230194,-42.408901
171.297699,-42.310291
171.334396,-42.141121
171.417206,-42.007511
171.474106,-41.754719
171.569107,-41.766121
171.855194,-41.667500
171.986893,-41.457512
172.066101,-41.419449
172.091095,-41.304459
172.140198,-41.291679
172.102707,-41.255562
172.113800,-40.880001
172.382706,-40.698330
172.539398,-40.583630
172.519394,-40.631401
172.596298,-40.601398
172.580795,-40.541401
172.723007,-40.496681
172.990005,-40.533901
172.731598,-40.519741
172.716904,-40.563900
172.660507,-40.659740
172.766907,-40.790840
172.875198,-40.851120
172.985199,-40.781109
173.020493,-40.809731
173.059692,-40.971951
173.021606,-40.994999
173.067200,-41.137230
173.028000,-41.148350
173.081894,-41.185009
173.085800,-41.302231
173.207199,-41.308620
173.606598,-41.052509
173.649994,-41.108620
173.740005,-41.047230
173.738297,-41.018620
173.696899,-41.033619
173.678299,-41.014462
173.850800,-40.926399
173.862503,-40.980839
173.994400,-40.896671
174.029404,-40.943619
173.972198,-40.950569
173.778595,-41.015560
173.778595,-41.114460
173.846298,-41.053059
173.953003,-41.060570
173.864105,-41.111950
173.855194,-41.167229
173.861893,-41.214180
173.792404,-41.261681
174.029694,-41.198341
173.899704,-41.197498
173.885803,-41.161671
173.902496,-41.128342
173.964706,-41.115559
173.982193,-41.143341
174.039398,-41.031960
174.018295,-41.021961
173.990799,-41.056400
173.949707,-41.013340
174.003006,-40.968620
174.072205,-41.016121
174.192703,-40.983620
174.214401,-41.037788
174.180206,-41.047230
174.221100,-41.071949
174.288605,-41.013889
174.321594,-41.018059
174.244095,-41.131680
174.184998,-41.102509
174.210007,-41.197498
173.978897,-41.242790
173.942703,-41.287510
174.064896,-41.253330
174.206299,-41.269451
174.326904,-41.222778
174.231903,-41.328060
174.183594,-41.309170
174.052704,-41.421108
174.050003,-41.466389
174.099396,-41.564739
174.100800,-41.505569
174.151093,-41.551399
174.179092,-41.602791
174.151093,-41.627789
174.012497,-41.688580
174.185806,-41.636681
174.233307,-41.729450
174.291595,-41.740841
174.271301,-41.780560
174.088593,-41.957790
173.965195,-42.086941
173.950195,-42.171120
173.897797,-42.144569
173.876099,-42.117229
173.928299,-42.202511
173.738297,-42.338619
173.723007,-42.439171
173.675201,-42.417240
173.618301,-42.439739
173.444901,-42.696678
173.317703,-42.861950
173.325806,-42.913620
173.099396,-43.061390
172.920197,-43.105839
172.718796,-43.282509
172.455795,-43.261120
172.362198,-43.255291
172.300201,-43.257790
172.406296,-43.282230
172.755493,-43.294460
172.731094,-43.405842
172.611603,-43.444180
172.220795,-43.446121
171.984100,-43.317230
172.204102,-43.461681
172.612701,-43.470852
172.710495,-43.422508
172.762207,-43.537510
172.824097,-43.612511
172.677704,-43.642509
172.703003,-43.660839
172.780807,-43.630569
172.874893,-43.670292
172.894104,-43.619732
172.927200,-43.632790
172.928299,-43.694462
173.063293,-43.659451
173.116898,-43.770012
173.058594,-43.871120
172.990799,-43.884998
172.980499,-43.809448
172.939896,-43.756119
172.923294,-43.780010
172.966599,-43.914459
172.897507,-43.903339
172.736893,-43.825840
172.756104,-43.791950
172.436600,-43.855282
172.420197,-43.839451
172.535202,-43.812229
172.642700,-43.772228
172.472198,-43.723621
172.390198,-43.763889
172.386902,-43.863338
172.262695,-43.883900
171.657196,-43.513901
171.627197,-43.435291
171.484695,-43.345291
171.417206,-43.249458
171.524399,-43.217510
171.539093,-43.178070
171.490799,-43.136951
171.507202,-43.192509
171.449707,-43.211109
171.361893,-43.091949
171.318802,-43.046398
171.373596,-43.179729
171.426102,-43.206120
171.393005,-43.263901
171.448303,-43.325279
171.143799,-43.216961
171.203598,-43.296120
171.031601,-43.288071
170.962708,-43.305279
171.347397,-43.309181
171.455200,-43.351120
171.665802,-43.536961
172.095093,-43.785332
172.189697,-43.909180
171.867493,-44.063061
171.827698,-44.056122
171.791397,-43.954731
171.800797,-44.062511
171.760498,-44.088619
171.539398,-44.170010
171.502701,-44.096119
171.400208,-44.040291
171.348007,-44.033340
171.510498,-44.201130
171.355804,-44.277229
171.042404,-44.182510
171.011398,-44.108349
170.987503,-44.176949
171.110199,-44.235279
171.050003,-44.271118
171.152496,-44.242229
171.342499,-44.295570
171.254898,-44.478352
171.173004,-44.548901
171.212204,-44.763889
171.172699,-44.787220
171.209702,-44.806122
171.198593,-44.920010
171.176102,-44.940842
170.786102,-44.873890
170.478302,-44.743900
170.607193,-44.835560
171.164703,-44.970280
171.159103,-44.984730
170.961899,-45.169182
170.873306,-45.367229
170.911301,-45.397221
170.717697,-45.646671
170.666107,-45.693611
170.628799,-45.735840
170.698593,-45.739170
170.760498,-45.775002
170.554398,-45.888062
170.608597,-45.888062
170.724701,-45.813061
170.790802,-45.806950
170.776306,-45.882778
170.641907,-45.910561
170.342499,-45.973621
170.281601,-46.029449
170.248596,-46.122219
169.849396,-46.389450
169.845200,-46.470001
169.710800,-46.496120
169.748306,-46.516109
169.692398,-46.560558
169.570496,-46.569450
169.482193,-46.599171
169.484100,-46.633060
169.192398,-46.662510
169.167206,-46.616669
169.153793,-46.662220
169.067200,-46.634998
169.053802,-46.678619
168.878296,-46.661949
168.844894,-46.563610
168.701096,-46.558891
168.613602,-46.552509
168.634903,-46.588058
168.593002,-46.614170
168.416107,-46.603340
168.442200,-46.575001
168.539703,-46.593060
168.550797,-46.570560
168.474396,-46.556671
168.351593,-46.556110
168.395493,-46.628342
168.360504,-46.615009
168.276596,-46.525841
168.339401,-46.539169
168.395493,-46.485001
168.368805,-46.416111
168.353897,-46.456951
168.302505,-46.481670
168.250198,-46.400848
168.175003,-46.340290
167.955505,-46.371391
167.916107,-46.399170
167.819702,-46.388889
167.703598,-46.191120
167.546402,-46.154171
167.451904,-46.154720
167.389404,-46.258610
166.717499,-46.210850
166.670197,-46.153622
166.854706,-45.994171
166.681107,-46.085838
166.613602,-46.086399
166.626907,-46.047230
166.809097,-45.935841
166.691605,-45.944729
166.699097,-45.923061
166.484406,-46.014450
166.465195,-45.983059
166.476898,-45.809719
166.537399,-45.798889
166.620499,-45.814171
166.983597,-45.732510
167.010498,-45.698891
166.775208,-45.719730
166.793304,-45.684719
166.885803,-45.654171
166.775803,-45.662781
166.766602,-45.608059
166.785202,-45.593060
167.000000,-45.576962
166.992203,-45.535011
166.751907,-45.585011
166.704407,-45.574451
166.761902,-45.418892
166.811295,-45.399170
166.950500,-45.436390
166.918304,-45.378620
166.893600,-45.402229
166.801300,-45.353619
166.880798,-45.279171
166.927704,-45.320278
167.008301,-45.341671
167.060196,-45.387230
167.013901,-45.433060
167.070801,-45.427219
167.089401,-45.385010
167.136902,-45.407501
167.168900,-45.472500
167.209396,-45.461399
167.047699,-45.326679
167.066101,-45.311951
167.195206,-45.289452
167.260193,-45.335838
167.307693,-45.318611
167.224701,-45.295559
167.243301,-45.249451
167.048599,-45.276119
166.996902,-45.145840
167.053802,-45.124451
167.157394,-45.188339
167.173599,-45.171398
167.053299,-45.101398
167.128296,-45.039452
167.199707,-45.127510
167.184402,-45.068069
167.144394,-45.008060
167.173798,-44.984451
167.329407,-45.023060
167.198593,-44.956120
167.320801,-44.871399
167.423294,-44.845840
167.459702,-44.994732
167.511093,-44.986950
167.449402,-44.845001
167.458603,-44.783619
167.524994,-44.768070
167.563797,-44.796680
167.542206,-44.869450
167.570206,-44.876122
167.602997,-44.796398
167.563293,-44.760571
167.584702,-44.721119
167.674393,-44.765560
167.592697,-44.688339
167.692703,-44.640839
167.809097,-44.594181
167.927704,-44.696671
167.941895,-44.680840
167.927200,-44.639721
167.852402,-44.603352
167.838806,-44.498611
167.963593,-44.395012
168.128006,-44.316959
168.144104,-44.292511
168.100204,-44.261398
168.248306,-44.189732
168.382996,-44.034451
168.492493,-44.027512
168.590805,-43.979450
168.723007,-44.012508
169.073593,-43.855572
169.121902,-43.920841
169.250000,-43.961681
169.105804,-43.871391
169.089706,-43.820278
169.462204,-43.645290
169.511703,-43.718719
# Triangles
316,315,314
311,313,312
314,317,316
321,323,322
323,321,324
321,319,324
321,320,319
317,319,318
319,317,324
310,309,313
306,305,304
306,304,307
376,357,307
329,328,327
324,317,325
309,325,313
326,309,352
325,309,326
352,309,308
313,325,317
317,314,313
327,326,329
308,307,357
310,313,311
336,335,337
330,329,332
330,332,331
334,339,335
335,338,337
340,343,342
345,344,340
340,339,345
340,342,341
339,338,335
343,340,344
329,333,332
347,334,348
351,334,333
347,345,339
350,348,351
351,348,334
351,333,326
329,326,333
346,345,347
355,354,352
355,352,356
352,357,356
348,350,349
352,308,357
347,339,334
352,351,326
307,304,303
295,294,293
288,290,289
288,287,290
290,287,291
296,293,297
293,296,295
297,293,298
292,291,285
285,291,287
293,292,298
292,285,298
287,286,285
282,281,280
282,280,283
279,278,280
275,277,276
283,299,284
278,275,274
275,278,277
271,278,274
283,278,269
280,278,283
284,299,285
273,271,274
301,300,302
278,271,269
298,285,299
273,272,271
269,271,270
303,302,299
299,302,300
303,299,390
269,268,267
406,269,267
391,299,283
283,269,406
248,267,266
260,265,261
265,260,266
261,265,262
262,264,263
264,262,265
260,259,258
248,257,256
254,253,255
256,255,249
258,257,260
257,248,266
260,257,266
303,390,307
255,253,249
362,361,360
363,359,364
362,360,363
364,367,366
369,368,370
368,371,370
366,365,364
364,359,367
353,352,354
371,368,367
357,371,359
371,357,375
371,375,373
359,371,367
358,357,359
375,374,373
373,372,371
376,382,381
382,376,390
379,377,381
381,377,376
375,357,376
360,359,363
379,378,377
384,383,385
383,382,386
381,380,379
385,383,386
386,388,387
393,392,394
389,388,386
392,395,394
390,389,386
396,392,391
406,403,391
392,396,395
399,397,396
398,397,399
396,391,403
399,401,400
401,399,403
403,402,401
404,403,405
399,396,403
391,390,299
382,390,386
307,390,376
405,403,406
406,409,408
410,409,406
1,410,2
410,248,4
2,410,3
7,5,8
7,6,5
5,4,8
410,4,3
410,406,248
237,235,248
248,256,249
253,252,249
250,249,251
9,4,235
247,237,248
283,406,391
9,235,234
10,9,12
10,12,11
9,14,13
14,9,15
9,234,15
9,13,12
4,9,8
234,24,15
4,248,235
406,267,248
17,16,15
19,18,24
17,15,18
25,24,31
24,18,15
19,22,21
19,21,20
27,26,28
25,28,26
23,22,19
19,24,23
25,29,28
31,30,29
31,216,38
31,29,25
215,38,216
32,31,33
24,216,31
33,31,38
33,37,34
37,33,38
34,37,35
36,35,37
234,216,24
230,216,234
408,407,406
249,252,251
247,246,243
241,247,243
245,244,243
245,243,246
236,235,237
241,240,237
237,240,238
237,247,241
243,242,241
233,232,230
234,233,230
228,227,226
219,218,230
232,231,230
219,230,229
216,230,217
226,225,224
219,229,224
229,228,224
226,224,228
166,199,198
239,238,240
215,214,213
208,38,213
213,209,208
213,212,211
204,208,207
41,208,42
208,41,39
39,41,40
42,45,44
48,47,49
45,42,208
38,208,39
213,38,215
213,211,209
210,209,211
217,230,218
202,200,199
45,208,204
206,204,207
45,204,46
202,199,203
205,204,206
202,201,200
204,203,46
166,203,199
219,224,220
224,222,220
220,222,221
197,196,195
195,167,197
167,166,198
192,190,189
172,194,193
191,190,192
167,194,168
187,189,188
183,182,181
183,181,180
186,185,187
174,173,189
173,193,189
175,189,185
174,189,175
185,189,187
179,178,184
184,178,185
178,177,175
185,178,175
183,179,184
183,180,179
193,192,189
173,172,193
167,195,194
161,165,164
169,168,170
172,168,194
160,166,165
46,160,159
46,166,160
164,163,162
157,156,158
160,165,161
162,161,164
159,158,156
170,168,172
167,198,197
172,171,170
176,175,177
156,155,153
154,153,155
55,156,152
152,156,153
156,55,159
203,166,46
224,223,222
151,81,152
49,47,50
51,50,46
54,52,55
46,52,51
55,52,46
52,54,53
46,50,47
56,55,57
59,58,57
57,55,81
46,159,55
151,82,81
81,59,57
59,81,79
150,149,148
148,151,150
148,82,151
152,81,55
101,82,137
80,79,81
59,79,72
101,100,99
101,124,123
96,95,98
99,95,101
98,95,99
84,82,101
95,84,101
146,82,148
59,61,60
77,79,78
62,72,71
62,61,59
62,71,64
73,72,79
74,73,75
59,72,62
64,63,62
70,67,66
65,64,71
68,67,69
69,67,70
70,66,65
71,70,65
94,86,85
85,84,95
85,95,94
88,87,86
75,73,77
75,77,76
86,89,88
89,86,94
89,94,90
79,77,73
83,82,84
147,146,148
146,145,143
146,143,137
144,143,145
137,143,142
101,137,131
124,101,131
101,123,102
125,124,130
102,123,122
130,129,125
130,124,131
131,137,132
107,103,102
142,139,137
136,135,134
139,141,140
138,137,139
132,137,136
132,134,133
134,132,136
129,128,126
127,126,128
129,126,125
142,141,139
104,103,105
105,107,106
107,105,103
93,90,94
110,109,111
92,91,93
109,112,111
91,90,93
96,98,97
117,116,121
121,116,113
108,107,102
120,117,121
118,117,120
116,115,114
113,109,108
113,112,109
121,113,108
114,113,116
120,119,118
121,108,102
122,121,102
137,82,146
42,44,43
