# New Zealand region 0
26 23
# Outer Vertices
-176.533401,-44.125000
-176.608902,-44.090561
-176.656204,-44.011509
-176.528900,-43.941120
-176.530594,-43.877232
-176.576401,-43.824718
-176.684204,-43.809719
-176.829193,-43.843060
-176.849503,-43.819729
-176.781693,-43.753891
-176.728394,-43.774441
-176.617203,-43.755001
-176.604507,-43.707500
-176.269196,-43.763889
-176.388901,-43.846680
-176.350006,-43.802509
-176.371902,-43.770840
-176.511398,-43.749458
-176.535599,-43.767502
-176.522202,-43.793060
-176.429504,-43.802780
-176.500900,-43.861671
-176.455002,-43.952511
-176.299698,-44.025280
-176.297195,-44.048061
-176.533401,-44.125000
# Triangles
7,9,8
18,5,19
1,3,2
7,10,9
10,7,6
10,6,11
11,18,12
11,6,5
12,18,17
5,18,11
25,3,1
4,3,21
21,3,22
4,21,19
22,24,23
22,3,25
25,24,22
19,21,20
13,12,16
13,16,15
13,15,14
16,12,17
4,19,5
