# New Zealand region 3
29 26
# Outer Vertices
167.525497,-47.278889
167.528305,-47.204731
167.622498,-47.161961
167.617493,-47.081951
167.657196,-47.044170
167.736603,-47.042782
167.729095,-46.960838
167.787994,-46.947498
167.813004,-46.908340
167.769104,-46.714729
167.798294,-46.688339
168.011505,-46.730549
168.189407,-46.901669
168.078903,-46.908619
168.014694,-46.888618
167.964706,-46.973061
168.118805,-46.960560
168.132202,-46.995831
168.225494,-46.971668
168.259399,-47.003330
168.195206,-47.049450
168.188004,-47.108059
168.014404,-47.119732
167.900803,-47.188900
167.692993,-47.172230
167.614395,-47.223061
167.722198,-47.209171
167.685501,-47.257229
167.525497,-47.278889
# Triangles
28,25,1
25,28,27
1,25,2
2,24,3
2,25,24
25,27,26
3,24,4
15,7,5
8,10,9
7,6,5
24,5,4
24,23,5
23,22,15
15,22,17
15,8,7
21,20,17
15,17,16
20,18,17
21,17,22
19,18,20
8,14,11
8,15,14
11,14,13
8,11,10
13,12,11
15,5,23
