# New Zealand region 1
20 17
# Outer Vertices
166.234695,-50.854450
166.064407,-50.833340
166.081604,-50.786961
166.059692,-50.756950
165.992706,-50.774448
166.026596,-50.803341
166.018799,-50.841129
165.895493,-50.850559
165.896606,-50.774170
166.044403,-50.706120
166.117203,-50.580559
166.095200,-50.536671
166.274994,-50.541950
166.291901,-50.568352
166.185196,-50.610279
166.189407,-50.668621
166.215500,-50.703609
166.131104,-50.701389
166.250198,-50.818890
166.234695,-50.854450
# Triangles
4,7,6
4,6,5
8,4,9
8,7,4
17,9,3
3,9,4
17,3,2
1,0,2
17,15,14
15,17,16
17,2,18
2,0,18
11,10,14
14,13,12
14,12,11
10,17,14
10,9,17
