# Senegal region 0
224 221
# Outer Vertices
-16.527269,16.077959
-16.506950,16.094160
-16.492220,16.052219
-16.468889,16.180550
-16.388050,16.219990
-16.299999,16.503599
-16.146111,16.551941
-15.985830,16.489990
-15.550000,16.512489
-15.468890,16.579720
-15.239170,16.558880
-15.108060,16.586109
-15.087500,16.614441
-15.116940,16.648331
-15.097780,16.671110
-15.048610,16.630270
-14.981110,16.693050
-14.860280,16.638321
-14.377780,16.639990
-14.337220,16.632490
-14.335560,16.576941
-14.225000,16.547770
-13.966940,16.278049
-13.973610,16.237209
-13.875280,16.198050
-13.851660,16.118320
-13.711110,16.184990
-13.677220,16.098881
-13.495280,16.149719
-13.460560,16.094990
-13.395550,16.055269
-13.242780,15.638610
-13.092500,15.583330
-13.100280,15.508890
-13.060280,15.479160
-12.964720,15.506110
-12.932500,15.368050
-12.845830,15.308050
-12.843890,15.270280
-12.893610,15.261660
-12.849720,15.208050
-12.788330,15.208610
-12.778530,15.146780
-12.478890,15.008890
-12.430830,14.887780
-12.245750,14.772170
-12.147780,14.639440
-12.178610,14.607500
-12.202500,14.400830
-12.098890,14.366660
-12.098330,14.304440
-12.031110,14.278880
-11.980830,14.167220
-12.015000,14.012500
-11.942500,13.904440
-11.952780,13.808330
-12.082590,13.708280
-12.054450,13.660550
-11.868060,13.457500
-11.885280,13.375000
-11.798330,13.312780
-11.756940,13.373050
-11.719720,13.412780
-11.597780,13.364720
-11.527780,13.137780
-11.434720,13.076110
-11.420000,12.959440
-11.378060,12.988050
-11.368060,12.928890
-11.412220,12.916110
-11.383330,12.726660
-11.428610,12.713890
-11.422500,12.623610
-11.451940,12.550550
-11.358330,12.467490
-11.373330,12.404640
-11.486390,12.436660
-11.841670,12.386390
-11.908330,12.428890
-11.968890,12.391390
-12.098890,12.410280
-12.345280,12.301390
-12.436390,12.382770
-12.496940,12.396670
-12.572780,12.359160
-12.633330,12.437500
-12.841390,12.480000
-12.891670,12.543050
-12.931670,12.541110
-12.955280,12.476390
-13.037780,12.473050
-13.068890,12.525000
-13.041670,12.590000
-13.061390,12.639720
-13.712550,12.666030
-13.928330,12.676660
-15.218330,12.684720
-15.407220,12.556940
-15.685560,12.430000
-16.209160,12.460830
-16.463890,12.361110
-16.677811,12.334580
-16.720560,12.323050
-16.789721,12.415830
-16.799450,12.489170
-16.766670,12.532770
-16.580830,12.632500
-16.528339,12.585830
-16.495279,12.595550
-16.374170,12.544440
-16.014999,12.630830
-15.817780,12.551110
-15.767220,12.589170
-15.627220,12.531110
-15.508060,12.634720
-15.526950,12.662220
-15.528060,12.783610
-15.395000,12.796660
-15.390000,12.831940
-15.456670,12.828610
-15.555560,12.768610
-15.549450,12.704720
-15.556110,12.627780
-15.656390,12.556110
-15.674720,12.608330
-15.918330,12.598610
-16.024719,12.727780
-16.079720,12.631660
-16.341110,12.597780
-16.419720,12.575550
-16.468889,12.619440
-16.513060,12.624440
-16.570841,12.688060
-16.626110,12.655830
-16.639170,12.700000
-16.593330,12.745000
-16.598061,12.791660
-16.650280,12.718890
-16.645281,12.634160
-16.722780,12.578890
-16.774441,12.574440
-16.793610,12.712220
-16.757231,12.933890
-16.774820,13.037090
-16.700550,13.161390
-15.809440,13.160000
-15.808890,13.348890
-15.567500,13.361110
-15.505280,13.398330
-15.360000,13.367220
-15.259450,13.385560
-15.212780,13.429720
-15.196950,13.535000
-15.111390,13.595830
-14.954440,13.472500
-14.850560,13.453880
-14.728060,13.368890
-14.647780,13.344440
-14.573610,13.363050
-14.378330,13.245000
-14.297500,13.241110
-13.849720,13.333610
-13.798610,13.400270
-13.808330,13.453050
-13.869060,13.508490
-13.914170,13.566670
-13.987780,13.582500
-14.337780,13.453880
-14.435280,13.509720
-14.511950,13.634440
-14.599170,13.670270
-14.649170,13.662220
-14.718890,13.611940
-14.791950,13.653330
-14.816390,13.741110
-14.863890,13.784160
-15.070550,13.826380
-15.251670,13.744720
-15.315000,13.795280
-15.364720,13.781390
-15.458610,13.704440
-15.488890,13.589440
-16.569269,13.590050
-16.573330,13.646110
-16.509451,13.682780
-16.526390,13.715830
-16.609730,13.647780
-16.645559,13.701940
-16.627220,13.775280
-16.566950,13.833890
-16.491390,13.793890
-16.503059,13.935560
-16.546110,13.864440
-16.708059,13.770000
-16.736950,13.822500
-16.740280,13.965270
-16.696671,13.992770
-16.573610,13.986670
-16.584999,14.042770
-16.420561,14.151110
-16.468889,14.189440
-16.463890,14.145550
-16.511669,14.153610
-16.631390,14.004720
-16.721109,14.017220
-16.654449,14.093330
-16.723890,14.064720
-16.776670,13.835830
-16.781389,14.028050
-16.878059,14.178890
-16.948059,14.375550
-17.065281,14.455000
-17.175831,14.654440
-17.335279,14.731660
-17.428341,14.728330
-17.423059,14.698890
-17.456390,14.661390
-17.520000,14.760270
-17.146111,14.918050
-16.981110,15.097500
-16.800560,15.365270
-16.536390,15.781390
-16.527700,16.060431
-16.527269,16.077959
# Triangles
105,104,103
101,105,103
107,105,101
140,139,141
101,103,102
107,101,100
99,110,109
107,100,108
109,108,100
130,129,128
109,100,99
105,107,106
137,141,138
138,141,139
143,142,144
137,136,142
142,136,144
142,141,137
132,131,130
134,133,132
132,130,135
135,134,132
135,130,136
128,136,130
144,136,126
136,128,126
99,98,111
111,98,112
111,110,99
113,112,98
127,126,128
97,113,98
114,113,97
121,124,122
124,123,122
117,115,114
120,126,124
114,97,117
126,125,124
120,124,121
126,120,145
146,145,147
145,120,119
145,119,147
144,126,145
118,117,96
119,118,149
150,149,118
147,149,148
118,96,150
149,147,119
115,117,116
96,117,97
190,181,180
194,192,196
195,194,196
207,206,208
188,187,185
194,193,192
205,203,202
204,203,205
187,186,185
216,215,214
217,214,218
214,217,216
213,218,214
218,213,212
212,210,218
209,206,205
206,209,208
210,209,202
210,212,211
218,210,219
210,200,219
220,219,200
209,205,202
198,197,191
185,190,189
185,189,188
191,197,192
191,199,198
200,210,202
185,184,190
183,182,184
180,179,199
199,191,190
199,178,221
199,190,180
179,178,199
202,201,200
176,221,178
182,181,184
184,181,190
2,221,4
221,220,200
3,2,4
221,2,222
222,2,0
2,1,0
221,200,199
5,4,6
4,221,7
6,4,7
10,9,8
221,8,7
176,8,221
8,176,10
178,177,176
192,197,196
162,161,94
95,94,161
96,159,157
96,95,159
159,95,160
95,161,160
90,89,88
93,92,88
88,87,93
91,88,92
162,94,93
86,85,87
91,90,88
162,93,56
150,156,154
157,159,158
152,151,154
153,152,154
150,154,151
156,155,154
156,96,157
162,56,163
169,168,167
165,164,163
39,166,165
48,165,163
166,169,167
87,57,93
150,96,156
82,81,80
59,85,83
83,85,84
80,79,78
82,59,83
82,80,59
73,78,77
76,73,77
73,76,74
76,75,74
78,73,71
80,78,60
73,72,71
60,64,63
60,78,64
60,63,61
59,57,87
62,61,63
59,80,60
71,70,69
69,66,64
65,64,66
68,67,66
66,69,68
64,71,69
71,64,78
59,87,85
59,58,57
173,172,171
176,175,25
175,174,170
173,171,174
170,174,171
10,176,23
170,31,175
169,166,170
29,27,30
26,25,27
28,27,29
27,25,31
175,31,25
176,25,23
11,15,12
15,11,17
12,15,14
13,12,14
15,17,16
11,23,17
11,10,23
23,22,21
19,18,20
21,20,23
18,17,20
23,20,17
25,24,23
48,50,49
50,48,53
45,44,47
47,46,45
44,48,47
40,165,42
48,44,165
56,55,53
50,52,51
50,53,52
53,55,54
53,48,56
44,42,165
34,36,35
39,36,34
31,30,27
33,32,31
31,170,166
39,34,33
41,40,42
165,40,39
43,42,44
39,37,36
37,39,38
33,31,166
33,166,39
163,56,48
56,93,57
