# Turkmenistan region 0
372 369
# Outer Vertices
52.443321,41.744499
52.928101,42.096699
53.014999,42.138901
53.298901,42.229698
53.462799,42.271400
53.663101,42.289200
53.995602,42.348598
54.198601,42.332500
54.365299,42.235298
54.761101,42.058899
54.956699,41.912498
54.956699,41.829201
54.971699,41.802200
55.120800,41.658100
55.243301,41.484699
55.289200,41.439701
55.394699,41.387199
55.456902,41.286701
55.537498,41.262199
55.652500,41.267200
55.728901,41.292198
55.812199,41.290001
55.903900,41.333599
55.998451,41.325474
56.666901,41.288101
56.827499,41.299400
57.049999,41.262798
57.092201,41.321899
57.188301,41.371101
57.095798,41.401402
57.042801,41.466900
57.035801,41.575001
56.976101,41.664700
56.994701,41.749699
56.969398,41.843300
56.978298,41.884998
57.119701,41.941700
57.245800,42.095299
57.386902,42.162498
57.473900,42.175301
57.664398,42.153599
57.752201,42.184200
57.869202,42.190601
57.875000,42.206402
57.847801,42.237801
57.904701,42.260601
57.963600,42.367199
57.923901,42.441898
57.970001,42.450001
58.033600,42.505299
58.101700,42.503899
58.146702,42.462200
58.225601,42.476101
58.338100,42.441399
58.411400,42.389400
58.411900,42.296700
58.510601,42.301102
58.514198,42.318100
58.446899,42.377800
58.314999,42.548302
58.164200,42.601101
58.143101,42.630798
58.164398,42.651901
58.293900,42.697498
58.422501,42.660801
58.562801,42.662498
58.597801,42.784199
58.617500,42.797501
58.801899,42.639400
58.951698,42.540798
59.047199,42.523899
59.155800,42.541100
59.258598,42.451698
59.263901,42.372200
59.284698,42.347801
59.371399,42.338100
59.457199,42.292801
59.735802,42.322498
59.843899,42.314999
59.916100,42.297798
59.956699,42.243301
60.064400,42.188301
59.992199,42.131901
60.024700,42.014999
59.937199,41.994701
59.925598,41.980301
59.934200,41.962200
60.122799,41.921700
60.177799,41.862202
60.256100,41.822800
60.275002,41.797798
60.256901,41.772499
60.122501,41.805000
60.069698,41.757801
60.080299,41.724201
60.186401,41.594398
60.099400,41.537498
60.076900,41.442501
60.091099,41.410301
60.338600,41.308601
60.488300,41.219398
60.705002,41.258099
60.811901,41.257801
60.955799,41.248600
61.001701,41.208302
61.033100,41.245800
61.046902,41.221401
61.085800,41.237202
61.141899,41.231899
61.167198,41.198898
61.273300,41.161400
61.355301,41.187199
61.385319,41.234257
61.403301,41.292198
61.424702,41.302502
61.611401,41.267502
61.893299,41.111698
61.974998,40.999699
61.995800,40.849201
62.042500,40.723598
62.097198,40.653900
62.123100,40.584202
62.201401,40.486099
62.275002,40.469200
62.355301,40.420300
62.353298,40.372501
62.393902,40.324200
62.406700,40.229198
62.440800,40.183899
62.418098,40.104698
62.441101,40.031101
62.584400,39.909698
62.819401,39.784401
63.038601,39.644402
63.526402,39.393600
63.712799,39.206100
64.173897,38.955002
64.214699,38.953602
64.340302,38.991100
64.497200,38.854198
64.665298,38.741901
64.987198,38.626701
65.292198,38.410801
65.597198,38.253899
65.748596,38.226398
65.840302,38.273602
65.895302,38.280800
65.989998,38.242802
66.071701,38.236099
66.162804,38.173901
66.253601,38.154999
66.319397,38.084702
66.423897,38.043598
66.555603,38.038300
66.643898,38.003101
66.670303,37.973301
66.666397,37.936699
66.557800,37.823898
66.538300,37.772800
66.547798,37.663898
66.516899,37.521702
66.571701,37.468601
66.516701,37.404701
66.538765,37.360512
66.302750,37.323601
65.785522,37.568878
65.766083,37.534161
65.701370,37.536930
65.646927,37.458881
65.627296,37.333199
65.530807,37.248600
65.072746,37.244431
64.798019,37.124981
64.779137,37.095821
64.795242,36.923038
64.615250,36.629429
64.627747,36.459980
64.570534,36.356380
64.458862,36.247211
64.321640,36.216381
64.282471,36.151920
64.169418,36.167488
64.059692,36.088039
64.063858,36.000271
63.933868,36.039150
63.595539,35.962200
63.538879,35.909710
63.317211,35.852211
63.119431,35.861931
63.104160,35.825821
63.238880,35.695530
63.095261,35.626091
63.110538,35.481369
62.623310,35.224979
62.459431,35.286381
62.305538,35.145538
62.259159,35.297771
62.100819,35.394711
61.972210,35.459980
61.802479,35.411091
61.576649,35.450821
61.464989,35.527210
61.365822,35.639709
61.278721,35.606750
61.231091,35.667488
61.244991,35.897209
61.125259,35.970821
61.226089,36.115261
61.169979,36.302212
61.142490,36.392761
61.189701,36.561371
61.157200,36.649990
60.364712,36.645538
60.029430,37.036930
59.774429,37.131649
59.620258,37.131931
59.566929,37.208881
59.519711,37.196091
59.389709,37.333050
59.371090,37.503880
59.322762,37.541370
59.249989,37.513321
59.171650,37.563042
58.926090,37.669979
58.778591,37.661930
58.544430,37.703602
58.498039,37.647770
58.451649,37.641369
58.223869,37.684711
58.198040,37.786381
58.124432,37.799992
57.778320,37.907761
57.505260,37.929989
57.348320,37.998871
57.371090,38.093040
57.239151,38.273869
57.176090,38.280270
57.050819,38.193600
56.857208,38.231369
56.756378,38.284988
56.695259,38.266930
56.538879,38.266102
56.385540,38.231369
56.318878,38.173321
56.352772,38.132759
56.326649,38.084148
55.982761,38.072491
55.798599,38.122478
55.442760,38.086102
55.296101,38.001659
54.833050,37.746380
54.805820,37.561649
54.691650,37.467480
54.551651,37.446091
54.231651,37.327209
53.909420,37.351521
53.896648,37.397491
53.805820,37.953880
53.839710,38.436939
53.824429,38.521381
53.854431,38.666370
53.979431,38.897770
53.965549,38.939159
53.881649,39.003609
53.852489,39.036381
53.764709,39.027210
53.731098,39.077770
53.717491,39.239990
53.657211,39.200821
53.681931,39.079151
53.639992,39.124439
53.571930,39.325260
53.445541,39.314430
53.293320,39.346371
53.152210,39.340260
53.168880,39.260269
53.181099,39.209991
53.084431,39.401932
53.247211,39.631939
53.311939,39.657768
53.217491,39.549709
53.227772,39.515270
53.423599,39.535259
53.569988,39.463871
53.580540,39.525539
53.634159,39.488319
53.734440,39.523880
53.633041,39.564430
53.654709,39.594990
53.615551,39.617210
53.546379,39.672771
53.457760,39.668049
53.406940,39.670818
53.422211,39.723598
53.575821,39.966099
53.396931,40.001659
53.280540,39.938599
53.158600,39.996101
52.990551,39.972210
52.920551,40.011929
52.898319,39.994709
53.020821,39.772770
52.737492,40.056381
52.767208,40.160549
52.690269,40.271931
52.708599,40.341930
52.868320,40.686939
52.826099,40.716099
52.876930,40.826382
52.918598,41.081661
52.965820,41.050270
52.958321,41.006100
53.062210,40.877769
53.061378,40.833881
53.111660,40.767769
53.188320,40.762760
53.256649,40.813881
53.248051,40.759708
53.334148,40.773041
53.351101,40.824711
53.384159,40.826382
53.379711,40.776100
53.473598,40.728870
53.557770,40.770550
53.556660,40.848320
53.596661,40.894428
53.657211,40.857208
53.708599,40.634991
53.753040,40.616100
53.936100,40.667488
54.031101,40.653881
54.095268,40.690819
54.059990,40.713039
54.236931,40.725819
54.223598,40.679710
54.397491,40.669159
54.426929,40.719151
54.311649,40.719990
54.268318,40.851940
54.317490,40.926659
54.474709,40.856659
54.440269,40.814159
54.486931,40.799431
54.711102,40.878319
54.759991,40.973320
54.675819,41.068050
54.766102,41.038601
54.594151,41.188881
54.064709,41.488602
53.988880,41.803322
53.896381,41.899712
53.916660,42.001659
53.892490,42.075260
53.803879,42.123878
53.630821,42.140820
53.278049,42.070541
53.150829,42.095539
53.078880,42.063599
52.776100,41.719711
52.772770,41.659710
52.879162,41.698879
52.915539,41.659710
52.823318,41.407211
52.821381,41.344440
52.911098,41.108879
52.883320,41.073040
52.847210,41.074429
52.786381,41.333599
52.556660,41.515541
52.588329,41.587769
52.583321,41.653320
52.443321,41.744499
# Triangles
275,274,277
273,272,282
275,277,276
274,273,281
277,281,280
277,274,281
277,280,278
280,279,278
273,282,281
272,283,282
271,270,268
270,269,268
271,268,267
267,286,285
271,267,285
285,284,283
288,287,286
283,271,285
289,288,294
294,288,286
271,283,272
303,302,300
300,302,301
297,299,298
297,303,299
303,300,299
304,303,305
306,305,297
308,307,306
297,314,306
313,306,314
303,297,305
293,292,291
290,294,293
290,289,294
290,293,291
297,317,315
317,297,295
297,315,314
295,327,322
327,295,294
323,322,327
295,322,317
297,296,295
318,317,322
294,328,327
317,316,315
267,266,264
256,255,254
257,254,253
256,254,257
250,253,252
253,250,257
250,252,251
258,257,250
248,261,249
261,250,249
248,343,335
246,245,243
234,232,231
232,234,233
234,231,235
244,243,245
242,247,243
238,237,236
247,343,248
243,247,246
19,247,242
259,258,260
261,260,258
335,286,262
250,261,258
329,328,330
266,265,264
286,267,264
286,335,294
286,264,262
328,294,330
262,264,263
261,248,262
334,294,335
262,248,335
336,335,343
334,330,294
238,236,239
239,24,241
21,242,241
236,26,239
333,332,331
334,331,330
333,331,334
26,236,235
240,239,241
28,235,229
336,341,337
311,309,308
309,311,310
308,312,311
366,365,364
362,368,367
363,367,364
362,367,363
367,366,364
369,368,362
319,318,321
321,318,322
321,320,319
313,312,308
326,325,324
324,323,326
327,326,323
313,308,306
370,369,359
359,361,360
359,369,362
370,359,358
361,359,362
371,358,1
358,371,370
2,357,356
357,2,1
358,357,1
2,356,3
353,352,6
350,349,351
352,351,7
8,7,351
355,4,3
4,355,354
4,354,5
353,5,354
353,6,5
352,7,6
8,351,349
355,3,356
349,348,9
339,338,341
338,337,341
342,336,343
339,341,340
9,348,347
15,346,17
344,17,346
347,346,14
344,346,345
16,15,17
344,343,18
18,17,344
18,343,19
247,19,343
21,19,242
24,26,25
241,23,21
241,24,23
20,19,21
21,23,22
28,27,26
26,235,28
26,24,239
347,13,12
11,347,12
33,32,31
14,13,347
9,8,349
347,11,9
9,11,10
36,35,34
34,33,36
14,346,15
31,30,29
29,28,31
37,36,38
31,28,36
39,36,40
40,36,28
31,36,33
36,39,38
45,43,42
44,43,45
40,42,41
28,42,40
42,28,55
342,341,336
231,230,235
201,200,199
210,207,198
199,198,201
201,198,202
207,206,205
204,202,205
202,204,203
202,198,205
205,198,207
198,197,189
196,195,194
197,194,189
193,192,191
193,191,194
189,194,191
190,189,191
188,198,189
187,186,185
187,185,188
210,198,188
197,196,194
188,135,211
227,226,225
222,221,220
222,220,223
228,227,229
98,28,229
225,224,223
229,227,225
229,225,98
225,223,98
223,220,100
211,213,212
210,209,208
210,208,207
211,210,188
130,219,213
216,219,218
216,218,217
216,215,214
216,214,219
219,214,213
220,219,130
130,213,211
185,135,188
184,182,181
182,184,183
181,180,179
181,173,185
179,178,177
179,177,175
173,175,174
176,175,177
173,181,175
175,181,179
136,185,173
172,171,141
171,170,168
168,170,169
162,160,164
171,168,142
162,161,160
163,162,164
159,164,160
172,136,173
143,167,144
143,142,168
144,167,165
147,145,144
147,165,149
145,147,146
147,144,165
166,165,167
139,136,140
136,172,140
137,139,138
141,140,172
141,171,142
167,143,168
158,151,165
158,157,152
154,156,155
157,156,153
153,156,154
148,147,149
150,149,151
152,151,158
153,152,157
165,151,149
158,165,164
159,158,164
185,184,181
139,137,136
45,55,46
56,55,28
76,74,97
56,97,74
85,77,76
78,77,84
45,42,55
55,51,46
69,57,56
73,69,56
73,56,74
74,76,75
85,76,86
93,86,97
94,97,96
98,97,56
97,94,93
76,97,86
93,87,86
78,80,79
84,82,78
78,82,80
83,82,84
82,81,80
84,77,85
28,98,56
48,46,51
48,51,49
51,55,52
47,46,48
50,49,51
61,60,62
60,63,62
63,60,59
63,59,64
52,55,53
54,53,55
64,59,58
69,68,57
73,70,69
73,71,70
72,71,73
57,68,65
64,58,65
66,65,67
68,67,65
65,58,57
130,122,121
123,125,124
125,123,122
125,122,127
116,118,117
110,118,111
111,118,116
119,118,110
119,110,121
121,120,119
121,104,130
132,211,133
134,133,135
211,135,133
132,131,211
125,127,126
127,122,129
127,129,128
130,100,220
129,122,130
98,223,100
121,110,104
101,104,102
104,101,100
98,100,99
92,88,87
88,92,91
87,93,92
89,91,90
91,89,88
94,96,95
107,106,109
109,106,104
107,109,108
104,106,105
104,100,130
112,111,115
109,104,110
112,114,113
115,114,112
111,116,115
104,103,102
130,211,131
185,136,135
235,230,229
