# Bangladesh region 1
310 307
# Outer Vertices
89.007980,26.230169
89.055237,26.242491
88.994690,26.335550
88.918030,26.367769
88.953857,26.446110
89.074692,26.384991
89.149406,26.141939
89.432739,25.998329
89.512756,26.003599
89.553017,25.962210
89.636368,26.070829
89.589142,26.153601
89.629959,26.223330
89.673576,26.228331
89.853638,25.955959
89.861649,25.943859
89.863297,25.941380
89.853439,25.894751
89.826553,25.767401
89.820251,25.737490
89.863297,25.647490
89.814407,25.373880
89.837753,25.296101
90.327759,25.184990
90.412483,25.148880
90.776077,25.176100
90.821640,25.149719
91.257751,25.207769
91.475800,25.139429
92.003036,25.181931
92.093582,25.177490
92.402191,25.033331
92.496613,24.889931
92.389420,24.857771
92.281647,24.907221
92.248016,24.896379
92.248581,24.742491
92.135246,24.414160
92.098022,24.378880
91.974693,24.378880
91.997742,24.326111
91.946617,24.349440
91.917740,24.326660
91.932457,24.275551
91.899979,24.156940
91.846359,24.181379
91.789139,24.228050
91.757751,24.239161
91.755249,24.158331
91.714691,24.148880
91.657204,24.224159
91.631638,24.113050
91.482193,24.090549
91.404694,24.110550
91.370796,24.097771
91.376068,24.033880
91.361076,23.995270
91.273857,23.974440
91.159126,23.653049
91.282204,23.373329
91.339973,23.104990
91.403580,23.074440
91.377457,23.206940
91.392754,23.263330
91.426071,23.261940
91.500259,23.147490
91.546631,23.003050
91.613586,22.943050
91.809967,23.074440
91.795242,23.194990
91.767197,23.256660
91.844971,23.410271
91.952469,23.479990
91.967468,23.512770
91.945801,23.722771
92.004967,23.678329
92.030533,23.645269
92.174408,23.736280
92.206917,23.654440
92.227188,23.659710
92.252197,23.722490
92.288857,23.696110
92.311897,23.526381
92.383591,23.284719
92.348587,23.223610
92.394417,22.917770
92.459702,22.853319
92.468582,22.761669
92.514687,22.721939
92.604424,22.151661
92.562469,22.138050
92.601303,21.982170
92.636917,21.391100
92.669418,21.296940
92.607468,21.250549
92.585251,21.263330
92.553574,21.373600
92.467468,21.359989
92.420517,21.382219
92.416077,21.434719
92.376907,21.474159
92.201637,21.342489
92.193298,21.179159
92.263199,21.054470
92.263313,20.919161
92.331917,20.767490
92.310257,20.748600
92.237198,20.878599
92.053864,21.152491
91.962196,21.448330
91.991928,21.550831
92.021362,21.602489
92.014977,21.661659
91.979141,21.651939
91.961090,21.682220
91.947479,21.740271
91.984703,21.761940
91.895248,21.778330
91.909698,21.867220
91.861923,22.080271
91.801933,22.301390
91.692467,22.498890
91.479141,22.748329
91.478867,22.842779
91.372192,22.740829
91.324417,22.717770
91.211639,22.724991
91.184418,22.715830
91.262192,22.637770
91.242752,22.599440
91.099983,22.580830
91.008034,22.680269
91.034416,22.588610
90.946091,22.580000
90.780258,22.759159
90.623871,23.058611
90.662201,23.274170
90.624153,23.320829
90.593033,23.378599
90.609703,23.476101
90.701370,23.482771
90.691093,23.507219
90.598587,23.490271
90.586639,23.546671
90.628860,23.598890
90.559143,23.579720
90.573593,23.546659
90.579147,23.515829
90.550262,23.383881
90.251648,23.459999
90.339706,23.391670
90.580261,23.283890
90.612473,23.222219
90.598587,23.117491
90.558029,23.072220
90.450256,23.070551
90.447197,23.048330
90.504433,22.939989
90.510887,22.890751
90.456192,22.890751
90.448029,22.830000
90.396088,22.765270
90.456093,22.749439
90.495247,22.694441
90.509979,22.596380
90.466919,22.575830
90.523590,22.581940
90.603592,22.464439
90.610809,22.294991
90.559982,22.203880
90.431641,22.070551
90.389137,22.095551
90.404984,22.223890
90.394417,22.281660
90.272476,21.849159
90.189697,21.798880
90.109421,21.815550
90.086357,21.848881
90.125809,21.928600
90.057213,21.844999
90.021927,21.866940
90.116928,22.049009
90.227753,22.130270
90.232193,22.188610
90.045258,21.980000
90.034973,22.068331
90.027763,22.122499
89.978027,21.971661
89.948593,21.976660
89.911087,22.051109
89.875809,22.283880
89.984703,22.450270
90.043198,22.614750
89.977142,22.476839
89.939972,22.429720
89.841087,22.267220
89.870796,22.095551
89.851639,22.066940
89.795258,22.074440
89.851929,22.026939
89.881638,21.884439
89.783577,21.825830
89.668869,21.842770
89.641922,21.917770
89.626373,21.847219
89.701637,21.779440
89.683029,21.756380
89.591370,21.758329
89.594971,21.702770
89.556641,21.711380
89.539429,21.753330
89.601357,22.127489
89.586723,22.199070
89.622192,22.329439
89.577187,22.269991
89.580261,22.113609
89.538857,21.985830
89.522629,22.000950
89.534973,22.079720
89.475807,22.291389
89.463318,22.210831
89.518044,22.083050
89.516373,21.907499
89.484154,21.890551
89.466087,21.775551
89.412750,21.710279
89.380249,21.718050
89.363037,21.769440
89.381927,21.905270
89.349701,21.967220
89.355797,21.888611
89.280533,21.805550
89.292763,21.666660
89.228592,21.640829
89.201637,21.655830
89.218033,21.710550
89.180252,21.814440
89.149406,21.783880
89.108887,21.824181
89.059837,22.098761
89.064438,22.117109
89.096359,22.148609
89.007202,22.276381
88.997742,22.465549
88.951080,22.555830
88.942497,22.634090
88.973297,22.833330
88.864693,22.960831
88.868851,23.082769
88.986633,23.195829
88.847198,23.242769
88.733856,23.243330
88.711357,23.308611
88.789963,23.460270
88.568039,23.641109
88.598022,23.847210
88.614143,23.872490
88.733032,23.915831
88.727188,24.053600
88.707748,24.108049
88.708313,24.171379
88.743851,24.187490
88.737473,24.250830
88.691071,24.316660
88.554688,24.309441
88.125519,24.508610
88.074783,24.640520
88.043297,24.684160
88.163300,24.881941
88.135246,24.918320
88.215263,24.948879
88.332199,24.867491
88.438019,25.023050
88.450813,25.187771
88.558853,25.183050
88.944687,25.196939
89.006363,25.278049
89.005814,25.305269
88.882462,25.326380
88.821640,25.401661
88.841080,25.454161
88.772476,25.516390
88.701080,25.468050
88.521088,25.531940
88.287483,25.794161
88.257477,25.815001
88.158310,25.778330
88.105240,25.869160
88.131073,25.989161
88.183296,26.033890
88.179688,26.143330
88.373863,26.303049
88.457474,26.369160
88.522476,26.355829
88.494690,26.450001
88.378021,26.489429
88.353577,26.451660
88.334702,26.486660
88.401077,26.625271
88.419418,26.596380
88.429138,26.555000
88.694122,26.391939
88.741348,26.323601
88.671631,26.289440
88.699402,26.269440
88.763603,26.299999
88.849411,26.231661
88.883591,26.278330
88.927750,26.279440
89.007980,26.230169
# Triangles
235,234,233
233,232,235
235,232,231
238,237,236
229,236,230
231,230,236
238,236,239
235,231,236
229,239,236
225,224,227
225,227,226
228,227,224
221,229,222
223,228,224
217,216,218
229,228,223
229,223,222
249,248,247
245,244,243
250,253,252
253,250,249
250,252,251
257,254,253
240,239,241
229,220,241
241,239,229
241,220,219
221,220,229
246,249,247
192,249,246
243,242,219
219,245,243
219,242,241
219,246,245
213,246,219
257,253,249
215,214,219
207,210,209
207,209,208
211,210,203
207,206,204
201,203,202
206,205,204
204,210,207
177,176,178
179,178,180
201,200,199
188,187,189
181,180,178
176,175,178
201,199,203
211,203,198
199,198,203
196,195,198
219,218,215
195,213,212
212,198,195
213,195,194
212,211,198
214,213,219
198,197,196
215,218,216
189,186,190
184,183,185
186,189,187
191,186,183
173,192,191
192,213,193
190,186,191
193,213,194
149,249,192
213,192,246
203,210,204
257,249,149
268,267,266
265,271,266
272,271,263
268,266,271
271,270,268
268,270,269
271,265,264
271,264,263
260,259,261
255,257,256
273,272,274
272,263,275
272,275,274
283,282,281
281,304,283
288,287,285
288,285,289
285,287,286
289,285,284
290,289,291
297,296,295
289,284,291
284,304,291
292,291,293
301,303,302
303,293,291
303,301,293
304,303,291
294,293,301
299,297,295
297,299,298
300,294,301
300,299,295
294,300,295
284,283,304
258,257,261
275,262,22
262,261,22
263,262,275
277,280,278
278,280,279
6,281,280
22,261,149
306,304,281
277,276,21
22,21,276
9,277,21
276,275,22
19,21,20
19,18,9
17,16,15
17,9,18
21,19,9
280,277,7
149,261,257
14,17,15
307,306,308
309,308,306
1,309,6
306,6,309
3,2,4
5,4,2
2,1,5
305,304,306
8,7,9
9,14,10
14,9,17
10,14,13
7,277,9
6,5,1
11,13,12
13,11,10
6,306,281
280,7,6
259,258,261
255,254,257
181,178,182
178,174,182
171,170,172
185,183,186
173,182,174
165,173,167
183,182,173
172,169,173
165,192,173
165,161,192
172,170,169
183,173,191
167,166,165
173,168,167
129,127,130
133,132,131
127,129,128
169,168,173
165,164,163
161,160,159
163,162,161
161,165,163
156,149,192
159,158,157
159,157,156
156,161,159
156,192,161
131,60,134
131,130,127
126,125,124
60,126,124
127,60,131
60,127,126
123,122,67
134,60,135
124,123,61
133,131,134
155,154,153
155,150,156
107,103,108
103,107,104
107,105,104
106,105,107
110,109,101
108,102,101
102,108,103
108,101,109
111,110,101
95,94,93
92,95,93
100,99,92
96,92,99
99,97,96
92,96,95
99,98,97
100,92,91
111,101,100
116,118,117
116,115,114
119,118,90
66,123,67
90,120,119
68,67,121
67,122,121
87,121,120
114,113,112
116,112,91
116,114,112
91,90,116
112,100,91
112,111,100
88,120,90
86,85,87
88,87,120
85,121,87
89,88,90
118,116,90
85,68,121
123,66,61
152,151,155
150,155,151
139,138,140
149,156,150
147,145,149
153,152,155
65,64,62
61,66,65
65,62,61
62,64,63
137,136,140
136,59,140
136,60,59
140,59,58
137,140,138
135,60,136
124,61,60
146,145,147
143,142,141
147,149,148
144,143,141
149,24,23
26,25,24
144,57,24
57,26,24
145,144,24
144,141,58
24,149,145
54,26,57
56,55,57
57,55,54
27,54,53
27,26,54
28,53,50
51,50,52
53,28,27
53,52,50
57,144,58
141,140,58
149,23,22
70,69,71
69,72,71
84,72,69
82,73,72
74,73,75
84,69,68
76,78,77
76,73,78
82,84,83
78,73,82
75,73,76
78,82,79
79,81,80
81,79,82
72,84,82
68,85,84
49,47,50
47,49,48
46,45,43
47,46,42
50,47,42
43,42,46
41,40,39
41,39,42
39,28,42
45,44,43
39,29,28
37,36,39
33,32,31
36,29,39
30,29,35
34,31,30
31,34,33
34,30,35
29,36,35
39,38,37
28,50,42
175,174,178
