# Gambia, The region 0
62 59
# Outer Vertices
-16.569269,13.590050
-15.488890,13.589440
-15.458610,13.704440
-15.364720,13.781390
-15.315000,13.795280
-15.251670,13.744720
-15.070550,13.826380
-14.863890,13.784160
-14.816390,13.741110
-14.791950,13.653330
-14.718890,13.611940
-14.649170,13.662220
-14.599170,13.670270
-14.511950,13.634440
-14.435280,13.509720
-14.337780,13.453880
-13.987780,13.582500
-13.914170,13.566670
-13.869060,13.508490
-13.808330,13.453050
-13.798610,13.400270
-13.849720,13.333610
-14.297500,13.241110
-14.378330,13.245000
-14.573610,13.363050
-14.647780,13.344440
-14.728060,13.368890
-14.850560,13.453880
-14.954440,13.472500
-15.111390,13.595830
-15.196950,13.535000
-15.212780,13.429720
-15.259450,13.385560
-15.360000,13.367220
-15.505280,13.398330
-15.567500,13.361110
-15.808890,13.348890
-15.809440,13.160000
-16.700550,13.161390
-16.774820,13.037090
-16.826389,13.337770
-16.682220,13.490000
-16.581949,13.451660
-16.586941,13.328050
-16.378889,13.215550
-16.440830,13.274720
-16.236950,13.316390
-16.207230,13.265270
-16.214729,13.372500
-16.150000,13.424440
-15.608330,13.452500
-15.544450,13.507770
-15.349720,13.437770
-15.362220,13.450550
-15.556950,13.530000
-15.777220,13.458610
-16.154169,13.450280
-16.320841,13.336110
-16.523890,13.357780
-16.504999,13.426940
-16.561951,13.489160
-16.569269,13.590050
# Triangles
38,37,44
39,38,40
41,40,43
40,38,43
44,43,38
44,46,45
37,47,44
44,47,46
36,47,37
36,49,47
47,49,48
36,35,50
34,52,51
34,50,35
58,57,59
57,56,59
59,56,0
42,41,43
0,60,59
1,55,54
49,36,50
53,1,54
51,50,34
30,2,1
2,5,3
56,1,0
30,1,53
56,55,1
34,33,52
33,32,52
30,52,31
31,52,32
9,28,27
27,26,10
53,52,30
15,23,22
16,15,22
10,25,24
24,23,15
22,21,16
20,19,21
15,14,24
25,10,26
19,18,21
30,29,5
29,28,9
29,9,7
7,9,8
3,5,4
6,5,29
29,7,6
2,30,5
18,17,16
21,18,16
11,10,13
13,12,11
24,13,10
27,10,9
14,13,24
