# Algeria region 0
237 234
# Outer Vertices
-1.253889,32.214710
-1.250000,32.326931
-1.196389,32.404701
-1.078056,32.441368
-1.010556,32.508320
-1.383055,32.724430
-1.542778,32.939419
-1.487222,32.979149
-1.478889,33.058041
-1.665555,33.256649
-1.666667,33.383320
-1.600278,33.556931
-1.641944,33.650822
-1.726667,33.695530
-1.653611,34.084980
-1.793334,34.378319
-1.686389,34.485260
-1.853333,34.600540
-1.747222,34.747211
-2.205278,35.051380
-2.211518,35.099720
-2.198611,35.094711
-2.065556,35.071930
-1.891667,35.089710
-1.474722,35.305820
-1.366945,35.313881
-1.271111,35.385818
-1.182500,35.577770
-0.799722,35.772209
-0.642222,35.712490
-0.521111,35.776661
-0.480556,35.846100
-0.478889,35.883881
-0.337778,35.897491
-0.276667,35.822208
-0.095556,35.787769
0.047222,35.876930
0.132500,36.051380
0.293056,36.134430
0.339444,36.196659
0.886667,36.387760
0.950000,36.450260
1.226944,36.506378
1.865556,36.566101
2.308323,36.629749
2.370833,36.630550
2.409999,36.593319
2.578888,36.590260
2.779444,36.677212
2.894444,36.792488
3.024167,36.808041
3.138333,36.738319
3.211111,36.755550
3.234444,36.812481
3.323889,36.780540
3.508889,36.775829
3.766388,36.893318
3.984167,36.893318
4.652498,36.891651
5.102221,36.774990
5.091110,36.709148
5.195000,36.660820
5.334444,36.641380
5.716389,36.824989
5.825833,36.813881
6.134999,36.884159
6.263055,36.946098
6.251111,36.988041
6.379166,37.083599
6.509165,37.075260
6.592776,36.973598
6.850277,36.929989
6.950000,36.883320
7.178611,36.926380
7.257499,37.009159
7.186943,37.080818
7.390277,37.083321
7.407776,37.043049
7.489119,37.053532
7.625833,36.974430
7.799999,36.984440
7.770555,36.884430
7.809999,36.861931
7.955277,36.846371
8.229166,36.955269
8.480276,36.899712
8.630230,36.942989
8.616386,36.894989
8.657221,36.867489
8.649998,36.835258
8.423887,36.790539
8.421110,36.764431
8.471663,36.753040
8.475275,36.717201
8.443054,36.654701
8.231386,36.567211
8.183609,36.524151
8.190832,36.491650
8.373608,36.444698
8.262777,35.901089
8.273609,35.758598
8.340273,35.677479
8.362219,35.521931
8.309443,35.427212
8.308332,35.339149
8.344997,35.287209
8.427221,35.267490
8.450830,35.233871
8.401110,35.192211
8.261389,34.910259
8.288610,34.752769
8.226664,34.695530
8.247498,34.641102
7.839722,34.412479
7.767499,34.236370
7.656943,34.212490
7.527222,34.101929
7.491666,33.899712
7.522499,33.788601
7.724165,33.439419
7.731943,33.248322
7.764999,33.208599
8.022776,33.112759
8.090275,33.114429
8.306107,32.834148
8.351109,32.531101
9.059162,32.091091
9.195553,31.569160
9.532024,30.236059
9.303886,30.122490
9.566664,29.806940
9.764721,29.433331
9.873331,28.859159
9.790274,28.270550
9.954165,27.868601
9.881107,27.621111
9.813885,27.576380
9.839163,27.508051
9.734995,27.323879
9.848331,26.908600
9.930552,26.859711
9.876385,26.528879
9.638609,26.415550
9.499439,26.357491
9.429996,26.233049
9.393053,26.182770
9.398331,26.153320
10.026660,25.337490
10.054440,24.838051
10.218330,24.751110
10.252220,24.605829
10.422220,24.478050
10.715270,24.567209
11.558890,24.302490
11.986450,23.522320
11.844440,23.441940
10.360830,22.588600
8.894444,21.722210
7.454489,20.852131
5.812499,19.446100
4.245091,19.146191
3.331944,18.976379
3.121388,19.136101
3.153611,19.223049
3.272222,19.373600
3.248055,19.512211
3.218333,19.532221
3.235000,19.815550
2.846388,19.974710
2.421666,20.053049
2.323611,20.199440
2.218054,20.279160
2.178055,20.279440
2.102499,20.220831
1.908888,20.231380
1.881111,20.301380
1.810278,20.301109
1.665555,20.442209
1.663055,20.536110
1.483333,20.639160
1.375000,20.657490
1.326667,20.733330
1.178888,20.732771
1.161389,20.761101
1.169242,21.099899
-0.002363,21.826361
-1.429444,22.806940
-3.100278,23.914160
-4.806389,25.000271
-5.148056,25.212770
-6.897223,26.267490
-8.669294,27.280199
-8.669294,27.668850
-8.669294,28.709290
-8.495554,28.790550
-8.357777,28.919161
-8.046667,29.093611
-7.622777,29.391939
-7.434166,29.397221
-7.199721,29.594721
-6.575556,29.571110
-6.511111,29.633600
-6.474444,29.833050
-6.400278,29.804440
-6.191388,29.809719
-5.593889,29.896940
-5.396111,29.974159
-5.145000,30.186661
-4.942499,30.492210
-4.591945,30.626381
-4.430278,30.637211
-4.173889,30.766109
-4.027223,30.906660
-3.646667,30.961100
-3.602222,30.991381
-3.598055,31.086109
-3.724444,31.188601
-3.815556,31.152491
-3.825556,31.182770
-3.796389,31.221661
-3.804167,31.339161
-3.724722,31.394711
-3.835556,31.466930
-3.835278,31.650270
-3.818611,31.695551
-3.714722,31.716379
-3.518889,31.672770
-2.972500,31.850830
-2.938333,32.028870
-2.865278,32.084709
-2.220278,32.149990
-1.500000,32.108040
-1.213055,32.089710
-1.177778,32.114990
-1.198611,32.166931
-1.292778,32.159149
-1.253889,32.214710
# Triangles
190,196,192
193,192,194
194,192,195
198,197,196
192,196,195
192,191,190
189,205,190
200,190,205
199,198,200
204,201,200
198,190,200
189,188,206
190,198,196
203,202,201
204,203,201
206,205,189
208,207,209
188,207,206
204,200,205
210,209,207
213,212,211
188,210,207
224,223,225
223,222,225
188,211,210
213,211,188
175,178,177
175,177,176
182,181,183
180,179,181
179,184,181
184,179,178
169,168,170
170,168,171
174,173,175
171,178,172
175,173,172
172,178,175
184,178,171
158,184,171
221,216,215
217,216,219
219,216,220
225,222,221
226,225,221
216,221,220
219,218,217
186,232,187
184,183,181
185,233,186
226,215,227
227,215,214
187,232,214
214,213,187
215,226,221
185,145,233
188,187,213
145,185,184
227,229,228
229,227,230
10,8,11
8,10,9
214,230,227
0,235,234
7,6,5
35,14,11
5,8,7
8,5,4
231,230,214
8,4,11
22,19,18
21,20,19
18,23,22
21,19,22
16,18,17
15,14,16
12,11,14
12,14,13
26,16,29
18,24,23
24,18,25
25,18,16
16,26,25
16,14,29
233,232,186
234,233,3
234,1,0
1,234,2
11,4,35
234,3,2
233,4,3
27,26,29
27,29,28
35,30,29
14,35,29
33,31,34
31,30,34
36,35,4
30,35,34
4,43,36
47,4,118
33,32,31
39,38,40
41,40,42
38,36,40
37,36,38
42,40,43
36,43,40
43,4,46
43,46,44
45,44,46
233,120,4
48,47,51
47,46,4
48,51,49
214,232,231
171,168,158
162,161,163
163,161,164
167,166,165
167,165,160
164,160,165
164,161,160
167,158,168
159,158,167
233,129,121
125,121,129
125,127,126
157,146,158
184,158,146
160,159,167
122,125,124
120,119,118
121,120,233
118,117,47
72,116,115
117,55,47
118,4,120
114,113,115
123,122,124
112,111,113
110,109,111
111,109,113
72,115,113
121,125,122
104,113,109
62,117,116
146,148,147
146,157,148
145,144,143
143,142,139
145,143,138
145,184,146
152,155,153
155,151,156
155,154,153
149,148,150
152,151,155
150,156,151
148,157,150
156,150,157
129,138,133
133,138,136
132,130,133
131,130,132
127,129,128
127,125,129
129,133,130
138,129,145
137,136,138
141,140,139
138,143,139
134,133,136
135,134,136
142,141,139
233,145,129
52,51,55
51,47,55
60,55,61
55,54,52
52,54,53
57,55,60
50,49,51
62,61,117
64,63,62
65,72,70
72,65,116
65,64,116
62,116,64
59,58,60
117,61,55
55,57,56
57,60,58
67,66,68
70,69,68
68,66,70
70,66,65
74,73,77
71,70,72
75,74,76
79,78,77
74,77,76
77,73,79
72,99,73
113,100,72
100,99,72
99,97,82
99,98,97
99,82,73
96,95,83
101,100,103
97,96,82
105,108,106
105,104,109
107,106,108
101,103,102
113,104,103
95,94,91
91,84,95
83,82,96
95,84,83
79,81,80
79,73,81
91,90,84
81,73,82
91,93,92
85,89,87
85,87,86
89,85,90
89,88,87
90,85,84
93,91,94
103,100,113
109,108,105
