# Djibouti region 0
105 102
# Outer Vertices
41.808830,11.266370
41.759708,11.505280
41.829430,11.741940
41.948589,11.816670
42.339420,12.396940
42.455828,12.528875
42.456109,12.529164
42.535820,12.504160
42.618581,12.432839
42.620277,12.430834
42.636391,12.413055
42.649170,12.398611
42.666111,12.386945
42.683056,12.375000
42.698479,12.363985
42.698589,12.363890
42.698602,12.363897
42.698612,12.363890
42.698627,12.363913
42.735344,12.386481
42.744167,12.385833
42.747780,12.386389
42.751945,12.388888
42.755001,12.393055
42.757221,12.397778
42.758246,12.400557
42.800930,12.426792
42.803886,12.427778
42.808887,12.429723
42.812500,12.433056
42.816109,12.436111
42.819164,12.440278
42.821667,12.444722
42.822498,12.451111
42.822220,12.455833
42.820926,12.459164
42.841052,12.555094
42.841110,12.555278
42.844723,12.558611
42.849720,12.560278
42.855553,12.561389
42.859165,12.564722
42.860832,12.570278
42.859722,12.575833
42.858608,12.581388
42.858847,12.587116
42.859885,12.588977
42.862499,12.591389
42.866943,12.593888
42.871387,12.596389
42.874165,12.600556
42.876663,12.605278
42.876942,12.611945
42.877220,12.618889
42.877695,12.620910
42.881335,12.627436
42.881386,12.627501
42.881466,12.627532
42.888268,12.629820
42.891945,12.630556
42.897503,12.628889
42.901669,12.626111
42.903614,12.622500
42.907501,12.619445
42.911667,12.616667
42.929722,12.623889
42.947781,12.631945
42.965836,12.640000
42.983612,12.647500
43.001667,12.655555
43.019722,12.663610
43.037777,12.671111
43.055832,12.679167
43.073608,12.687222
43.091667,12.694722
43.109722,12.702778
43.123360,12.708822
43.353870,12.396390
43.419991,12.145000
43.413879,12.056940
43.369160,11.990000
43.199162,11.951940
43.052212,11.801390
42.784988,11.740280
42.627209,11.544440
42.528320,11.564440
42.534161,11.506940
42.676929,11.476940
42.663052,11.527780
42.853039,11.592780
43.101101,11.573890
43.149990,11.611670
43.173038,11.531390
43.248619,11.472850
42.943279,11.003910
42.814152,10.987770
42.772758,11.016390
42.751930,11.076660
42.634430,11.098050
42.264431,10.992490
41.825821,10.970830
41.787209,10.984990
41.797970,11.097250
41.812481,11.248610
41.808830,11.266370
# Triangles
102,99,103
100,102,101
103,99,104
99,102,100
86,99,98
2,1,3
86,1,104
85,4,3
85,3,86
85,84,83
86,3,1
104,99,86
86,98,87
87,98,97
89,88,87
87,97,89
82,17,83
95,97,96
85,83,4
13,15,14
83,15,4
17,16,15
20,18,17
20,17,21
15,83,17
20,19,18
21,17,82
4,15,13
12,11,4
12,4,13
81,22,21
23,22,27
5,7,6
5,4,7
8,4,9
7,4,8
4,10,9
4,11,10
24,26,25
24,23,26
26,23,27
29,28,30
22,28,27
77,31,30
41,34,33
35,40,36
34,40,35
67,33,32
32,31,77
30,28,81
28,22,81
94,97,95
36,38,37
36,39,38
34,41,40
64,49,42
40,39,36
45,44,46
48,44,43
44,47,46
48,43,49
47,44,48
49,43,42
82,81,21
90,94,92
81,77,30
92,91,90
93,92,94
50,49,64
77,68,32
64,42,41
80,79,78
77,81,78
78,81,80
33,66,65
89,94,90
89,97,94
52,51,62
53,52,62
54,53,58
62,51,63
58,53,62
51,64,63
55,57,56
55,54,57
60,58,62
59,58,60
57,54,58
61,60,62
65,64,41
41,33,65
66,33,67
68,77,69
32,68,67
70,69,77
71,77,72
73,72,77
75,74,77
77,76,75
74,73,77
70,77,71
51,50,64
