# Switzerland region 0
144 141
# Outer Vertices
9.540410,47.266975
9.484161,47.192211
9.511665,47.096088
9.475830,47.058041
9.601834,47.049644
9.875551,47.022480
9.873608,46.958599
10.063330,46.864990
10.175280,46.858601
10.310830,46.950539
10.400830,47.001099
10.488610,46.934978
10.466240,46.885422
10.463570,46.869350
10.447500,46.763050
10.385280,46.689419
10.405280,46.644428
10.473890,46.633320
10.485280,46.590542
10.449720,46.539150
10.301660,46.555820
10.233330,46.639980
10.105280,46.611370
10.068330,46.554989
10.050000,46.479710
10.163050,46.411930
10.110000,46.326382
10.177220,46.272480
10.159440,46.247761
10.063050,46.222759
9.996386,46.318321
9.949999,46.379150
9.737495,46.357208
9.708332,46.298321
9.619442,46.293049
9.512499,46.331928
9.454443,46.509430
9.401943,46.473309
9.360830,46.508598
9.272221,46.484150
9.291941,46.323040
9.083332,46.121090
9.019529,46.012299
9.006247,45.989651
8.996664,45.973309
9.085552,45.899151
9.031666,45.823879
8.963053,45.835541
8.917242,45.917160
8.907776,45.932770
8.907169,45.935101
8.897268,45.952751
8.895554,45.955818
8.785276,45.989979
8.850552,46.072491
8.813053,46.101650
8.761568,46.101528
8.711609,46.101421
8.691942,46.101379
8.444443,46.248600
8.459164,46.338322
8.451664,46.459980
8.401108,46.456089
8.090275,46.260540
8.158888,46.176651
7.998055,46.002209
7.902498,45.991100
7.852777,45.919979
7.677344,45.961239
7.578887,45.983318
7.393332,45.916088
7.099443,45.883598
7.038747,45.931721
6.929166,46.065262
6.871387,46.051929
6.884444,46.126091
6.788054,46.142208
6.795277,46.217758
6.844443,46.271370
6.767499,46.352489
6.804937,46.405499
6.808887,46.411091
6.796110,46.432491
6.633611,46.464149
6.328333,46.406929
6.246387,46.357769
6.243931,46.322392
6.242221,46.297771
6.305554,46.252491
6.152222,46.153591
5.965833,46.140270
6.000000,46.174160
5.966110,46.205261
6.060832,46.250542
6.114444,46.257771
6.124443,46.401920
6.078055,46.460819
6.129999,46.593319
6.325022,46.704479
6.452777,46.774429
6.434721,46.926929
6.587221,46.987759
6.702777,47.038601
6.694443,47.068321
6.948332,47.291931
7.010833,47.305260
7.061665,47.345539
7.023055,47.371651
6.881110,47.356930
6.978333,47.444149
7.007777,47.454990
6.990555,47.497211
7.198054,47.495258
7.178332,47.445820
7.395610,47.439671
7.452777,47.469978
7.521388,47.525822
7.588799,47.584560
7.674443,47.606380
7.618332,47.561100
7.697221,47.543320
7.819444,47.588322
7.943332,47.553600
8.205553,47.621651
8.340553,47.574162
8.493031,47.584560
8.508333,47.628319
8.618887,47.639709
8.621664,47.660259
8.413332,47.671101
8.406666,47.703869
8.559721,47.806370
8.726942,47.764992
8.724998,47.697762
8.797499,47.683041
8.799999,47.735260
8.878609,47.655819
9.261665,47.663040
9.567612,47.543919
9.558254,47.504070
9.653610,47.455540
9.664999,47.381371
9.605276,47.359989
9.540410,47.266975
# Triangles
91,90,89
93,92,91
91,89,93
76,75,77
93,89,94
87,89,88
94,87,86
94,89,87
95,86,85
86,95,94
95,84,97
80,79,78
85,84,95
71,70,72
73,72,70
68,67,66
66,63,68
68,63,69
78,70,69
65,63,66
75,73,78
73,75,74
81,78,69
81,80,78
73,70,78
78,77,75
114,69,63
59,58,60
81,69,114
65,64,63
81,105,82
122,63,62
96,95,97
98,97,84
99,83,101
83,99,98
102,101,83
103,102,104
82,102,83
99,101,100
83,98,84
109,108,107
114,106,105
107,106,110
110,109,107
110,106,113
111,110,112
113,106,114
104,102,105
112,110,113
102,82,105
114,63,115
115,120,116
63,122,120
120,119,116
122,121,120
122,62,124
123,122,124
61,125,124
115,63,120
114,105,81
117,116,119
119,118,117
127,126,125
131,129,128
129,131,130
61,136,125
124,62,61
61,60,56
50,49,48
44,52,51
51,50,44
47,46,45
47,44,48
44,47,45
48,44,50
52,44,43
57,56,60
61,56,55
43,42,54
55,54,41
41,54,42
55,39,61
54,53,52
52,43,54
55,41,39
35,34,32
32,34,33
29,28,26
29,26,30
26,28,27
24,30,26
3,38,36
36,38,37
39,38,3
23,32,31
24,31,30
24,23,31
26,25,24
36,32,6
32,36,35
40,39,41
61,39,3
3,2,1
137,1,143
3,1,136
142,139,143
142,140,139
140,142,141
36,4,3
137,143,139
128,127,133
133,132,128
127,134,133
128,132,131
1,137,136
125,136,127
136,135,134
136,134,127
138,137,139
3,136,61
8,22,21
20,15,21
23,22,7
18,17,16
16,15,20
21,15,8
16,20,19
19,18,16
14,9,15
8,7,22
6,5,4
7,6,23
13,12,9
12,10,9
10,12,11
9,8,15
14,13,9
6,4,36
6,32,23
60,58,57
