# Iraq region 0
151 148
# Outer Vertices
42.373852,37.059639
42.366089,37.110180
42.601101,37.186649
42.726650,37.355549
42.786098,37.384430
42.950539,37.322491
43.144428,37.378040
43.306370,37.309978
43.345821,37.331928
43.623039,37.229980
43.903591,37.221649
44.003880,37.314991
44.116379,37.316380
44.231091,37.276371
44.261662,37.241928
44.267761,37.167488
44.197762,37.111099
44.255260,36.986649
44.317211,36.970539
44.351101,37.048321
44.529148,37.120258
44.638039,37.187481
44.786671,37.148151
44.768040,37.105259
44.909710,37.023869
44.906651,36.888321
44.841648,36.819710
44.867199,36.785259
45.016930,36.749989
45.066662,36.673870
45.014709,36.535259
45.121368,36.411930
45.250820,36.420269
45.369148,36.080269
45.334980,36.004429
45.384708,35.981930
45.505550,36.020538
45.634991,35.965542
45.743320,35.828041
45.785259,35.814991
46.340260,35.825550
46.348869,35.799992
46.318600,35.769711
46.134430,35.697201
46.019150,35.675541
46.020260,35.576099
45.979980,35.584709
45.992210,35.481091
46.148041,35.301651
46.119148,35.244431
46.193039,35.211102
46.155258,35.099152
46.032490,35.057758
45.941929,35.095539
45.921371,35.078602
45.870258,34.909710
45.772480,34.914429
45.766102,34.845821
45.691929,34.819149
45.651089,34.726929
45.708321,34.659149
45.714710,34.557209
45.531929,34.600540
45.513321,34.581661
45.522758,34.497761
45.435539,34.448589
45.487759,34.335819
45.551929,34.344151
45.584709,34.302479
45.567490,34.219700
45.405819,33.971088
45.550259,33.888599
45.751930,33.588871
45.905491,33.633190
45.948589,33.556648
45.874699,33.491650
45.996929,33.495541
46.124699,33.308601
46.198589,33.191090
46.111370,33.112759
46.055538,33.121651
46.049160,33.090820
46.146381,33.069439
46.144989,33.048038
46.097481,33.005550
46.103321,32.971088
46.148041,32.953041
46.283600,32.966660
46.423870,32.937481
46.638039,32.819988
46.783039,32.708328
47.154701,32.457760
47.362492,32.474701
47.440819,32.383320
47.413311,32.341091
47.503040,32.253601
47.517200,32.148319
47.864429,31.798599
47.697201,31.407770
47.693871,31.001110
48.036930,30.994711
48.033329,30.553600
48.069592,30.460730
48.153591,30.421659
48.198040,30.317770
48.274151,30.329161
48.402760,30.202770
48.379429,30.129440
48.447762,29.993050
48.545181,29.944540
48.501659,29.924160
48.093880,30.045549
47.950439,30.013020
47.731369,30.083879
47.356930,30.082211
47.169979,30.015270
47.128868,29.974710
46.883598,29.502769
46.555260,29.112490
46.541611,29.104160
45.774151,29.368601
45.464989,29.474430
44.714890,29.205379
43.999882,29.460030
43.590820,29.607771
43.612759,30.102770
43.658321,30.379440
43.062481,30.414721
42.977482,30.727770
42.423870,30.963329
41.222210,31.471100
40.002491,32.061100
39.303082,32.237339
39.202770,32.464432
39.102211,32.691650
39.001381,32.917759
38.899712,33.144711
38.797489,33.371651
38.794552,33.377232
40.277481,34.077770
41.003880,34.419430
41.229149,34.788319
41.211369,35.194698
41.277760,35.495541
41.383869,35.625259
41.378040,35.838589
41.254990,36.054989
41.290272,36.355549
41.403042,36.525539
41.835258,36.598869
42.373852,37.059639
# Triangles
134,133,131
139,136,135
135,134,139
130,129,140
139,131,130
132,131,133
131,139,134
129,70,140
138,137,139
139,137,136
130,140,139
142,141,144
144,143,142
144,149,145
144,141,65
141,140,70
128,70,129
126,125,123
128,72,70
125,124,123
122,121,126
72,71,70
126,81,128
123,122,126
70,65,141
65,63,34
66,65,70
34,58,35
35,37,36
34,17,65
65,17,144
64,63,65
63,62,34
58,34,62
68,67,66
66,70,69
66,69,68
85,126,121
127,126,128
146,145,147
149,148,147
9,149,17
1,150,2
2,150,9
9,150,149
10,16,11
17,16,10
17,10,9
145,149,147
5,7,6
5,2,7
5,4,3
5,3,2
16,13,12
11,16,12
9,8,7
2,9,7
16,14,13
18,30,27
26,25,23
27,30,28
18,27,26
31,33,32
31,30,34
28,30,29
30,17,34
18,17,30
14,16,15
18,20,19
20,18,26
23,21,20
21,23,22
26,23,20
25,24,23
17,149,144
31,34,33
119,118,120
120,117,116
117,120,118
90,116,115
114,99,115
94,93,92
91,115,98
90,121,116
96,94,91
87,86,88
81,126,85
121,86,85
92,91,94
86,89,88
86,90,89
121,90,86
91,90,115
81,85,84
102,112,111
104,102,111
112,102,113
111,107,104
110,109,108
108,107,111
104,107,105
110,108,111
105,107,106
98,96,91
95,94,96
97,96,98
115,99,98
103,102,104
101,99,113
101,100,99
113,102,101
114,113,99
62,60,59
62,61,60
35,58,56
58,62,59
75,74,73
73,72,75
75,72,81
35,56,38
35,38,37
46,39,38
38,56,54
56,58,57
47,38,54
46,38,47
49,47,53
47,54,53
54,56,55
39,46,44
77,75,80
49,53,52
75,77,76
80,75,81
79,78,77
79,77,80
82,81,83
81,84,83
44,46,45
43,40,39
49,48,47
42,41,40
42,40,43
50,49,51
52,51,49
43,39,44
128,81,72
116,121,120
