# Namibia region 0
164 161
# Outer Vertices
14.450840,-23.151159
14.447610,-23.139681
14.410550,-22.967230
14.444440,-22.879721
14.467500,-22.977221
14.536110,-22.877230
14.527500,-22.685280
14.528330,-22.681950
14.511390,-22.552780
14.277770,-22.110279
13.949160,-21.781950
13.966110,-21.719450
13.799440,-21.416389
13.525000,-21.023060
13.313610,-20.569170
13.242220,-20.402500
13.159720,-20.154730
13.056940,-20.075840
13.025000,-19.980280
12.786110,-19.558340
12.572500,-19.119730
12.464160,-19.004169
12.463330,-18.932510
12.360280,-18.791950
12.018330,-18.460560
11.791940,-18.047779
11.733330,-17.767500
11.753750,-17.257860
11.976940,-17.163610
12.123050,-17.148340
12.246940,-17.226669
12.428330,-17.205561
12.451660,-17.253620
12.508610,-17.238890
12.938880,-17.011391
13.374160,-16.968889
13.496940,-17.026951
13.544720,-17.136669
13.980830,-17.424999
14.187770,-17.416389
14.209310,-17.386780
14.218050,-17.386950
15.626110,-17.388889
17.022499,-17.391939
18.407339,-17.386780
18.483330,-17.440281
18.719709,-17.706949
18.916660,-17.815010
19.459709,-17.861670
19.662491,-17.837231
19.755550,-17.897499
19.915270,-17.857510
20.099720,-17.895559
20.393600,-17.887501
20.784861,-18.011730
20.971661,-17.962500
21.242769,-17.938339
21.382641,-18.011730
21.423599,-18.006670
22.837770,-17.747219
23.474859,-17.624531
24.235670,-17.481880
24.763880,-17.509729
25.032770,-17.582500
25.118320,-17.694731
25.265751,-17.797661
24.823330,-17.840561
24.601940,-18.020559
24.496099,-18.059450
24.464161,-18.008060
24.381941,-17.946671
23.988880,-18.164450
23.823330,-18.322510
23.615549,-18.485279
23.570829,-18.467220
23.548880,-18.317230
23.461941,-18.226391
23.291451,-17.998150
21.462490,-18.304449
20.995440,-18.317410
20.993601,-19.299721
20.993320,-20.647221
20.991940,-21.996950
19.995819,-22.001400
19.996660,-22.073891
19.998880,-23.426670
20.001410,-24.763630
20.000271,-26.119450
19.998600,-27.471951
19.997250,-28.426359
19.569441,-28.526390
19.466379,-28.699720
19.274160,-28.731951
19.239161,-28.798889
19.294991,-28.893610
19.129440,-28.960831
19.009439,-28.932220
18.957769,-28.868059
18.639990,-28.846951
18.183599,-28.908890
17.708599,-28.751671
17.655550,-28.775841
17.604441,-28.756950
17.595270,-28.693340
17.409439,-28.716391
17.359989,-28.516399
17.321939,-28.467779
17.388050,-28.423050
17.399160,-28.347780
17.348881,-28.236670
17.261379,-28.236940
17.221661,-28.244720
17.184160,-28.202499
17.194160,-28.121389
17.094990,-28.036390
16.917490,-28.063890
16.881660,-28.139721
16.882771,-28.176950
16.838610,-28.168610
16.851660,-28.212219
16.807220,-28.218330
16.824440,-28.261120
16.773609,-28.259451
16.778879,-28.324730
16.803329,-28.364450
16.727770,-28.496111
16.678049,-28.460560
16.483021,-28.580339
16.449169,-28.617781
16.422220,-28.607500
16.113609,-28.333891
15.730270,-28.002501
15.670000,-27.871401
15.534160,-27.736111
15.523610,-27.688620
15.292220,-27.317499
15.270000,-27.162230
15.214160,-26.930281
15.180270,-26.924170
15.079720,-26.650009
15.134720,-26.628889
15.141940,-26.677780
15.171110,-26.596390
15.088050,-26.401390
14.968330,-26.339729
14.938610,-26.139450
14.978050,-26.126671
14.980000,-26.057501
14.834170,-25.738899
14.881390,-25.548889
14.812780,-25.360001
14.855000,-25.050560
14.790550,-24.932230
14.796940,-24.848339
14.726660,-24.709730
14.599160,-24.565559
14.615830,-24.466949
14.480280,-24.173340
14.500830,-23.642780
14.434440,-23.417780
14.449160,-23.382780
14.488610,-23.379730
14.497770,-23.318060
14.450840,-23.151159
# Triangles
151,153,152
154,153,158
145,144,146
149,86,151
149,151,150
147,149,148
144,143,146
85,5,162
160,159,161
4,1,0
156,158,157
156,155,154
161,158,162
158,161,159
158,156,154
158,85,162
5,0,162
158,153,85
132,131,115
134,133,132
134,115,136
130,115,131
129,128,127
122,130,126
126,130,127
127,130,129
132,115,134
139,141,140
141,139,138
143,147,146
87,147,143
136,135,134
141,137,142
137,141,138
115,137,136
137,115,142
143,142,87
149,147,86
151,86,153
21,20,22
37,33,23
24,23,33
23,22,38
16,39,18
18,17,16
39,19,18
22,20,38
19,38,20
30,28,26
26,28,27
29,28,30
26,25,32
32,25,24
31,30,32
24,33,32
32,30,26
33,37,34
16,15,42
3,2,4
10,9,11
11,9,12
5,4,0
7,6,5
83,9,8
5,84,7
2,1,4
43,12,9
23,38,37
35,37,36
35,34,37
14,13,42
42,15,14
38,19,39
42,39,16
13,12,42
41,40,39
42,41,39
42,12,43
8,7,84
126,125,124
124,123,126
121,120,122
123,122,126
106,105,107
108,107,103
105,103,107
110,112,111
120,119,118
118,117,116
118,116,115
120,118,122
110,113,112
87,114,113
87,142,114
113,109,87
113,110,109
115,114,142
108,98,109
118,115,130
98,108,99
103,102,101
103,101,100
108,100,99
96,95,93
96,93,97
93,95,94
98,97,92
93,92,97
92,90,98
88,109,98
90,92,91
98,90,88
103,100,108
109,88,87
147,87,86
85,84,5
86,85,153
88,90,89
103,105,104
8,84,83
83,81,47
54,53,79
52,80,79
79,55,54
81,83,82
50,48,80
47,81,80
79,57,56
78,57,79
79,56,55
50,80,52
46,43,83
46,44,43
44,46,45
46,83,47
53,52,79
50,49,48
51,50,52
47,80,48
43,9,83
74,73,75
76,75,72
73,72,75
72,71,76
69,68,67
69,67,70
76,71,60
78,59,58
77,59,78
77,60,59
60,71,61
77,76,60
67,66,70
66,65,64
70,66,62
66,63,62
63,66,64
70,62,61
70,61,71
78,58,57
118,130,122
