# Qatar region 0
45 42
# Outer Vertices
51.216030,24.619030
51.108620,24.555590
50.969429,24.577770
50.827641,24.753860
50.857491,24.876110
50.796101,24.990280
50.752491,25.438330
50.784710,25.523880
50.807770,25.490271
50.844711,25.464161
50.830818,25.576380
50.798599,25.616659
50.874981,25.632500
50.862492,25.569160
50.897770,25.526661
50.975552,25.640829
50.904709,25.639999
50.889149,25.718611
50.941929,25.798330
50.975269,25.802500
50.948318,25.856380
51.042488,26.049440
51.254429,26.152769
51.343880,26.102770
51.343880,26.040831
51.420551,25.946110
51.514709,25.943880
51.573040,25.893049
51.587769,25.740549
51.557770,25.759720
51.543880,25.725281
51.582211,25.727209
51.584709,25.689159
51.531380,25.671659
51.538319,25.617491
51.489159,25.615000
51.513050,25.294720
51.606380,25.269159
51.611660,25.010281
51.547489,24.901381
51.433880,24.659161
51.331661,24.572500
51.346661,24.636110
51.291660,24.646111
51.216030,24.619030
# Triangles
9,6,5
6,8,7
9,8,6
2,1,44
2,44,4
9,36,14
5,36,9
4,36,5
14,13,9
14,36,15
2,4,3
9,13,10
10,13,12
12,11,10
19,17,15
17,19,18
20,19,21
24,21,19
35,19,15
17,16,15
44,43,4
42,41,40
15,36,35
40,43,42
39,43,40
19,35,25
36,39,38
36,38,37
34,33,35
36,4,39
35,33,30
26,25,29
22,24,23
21,24,22
19,25,24
30,32,31
32,30,33
29,28,27
27,26,29
29,25,30
30,25,35
43,39,4
