# Greenland region 25
27 24
# Outer Vertices
-28.003611,70.426933
-28.110559,70.436943
-28.136669,70.454697
-27.986670,70.524696
-28.068890,70.565552
-27.986950,70.613586
-27.474720,70.741089
-27.126110,70.876099
-26.331671,70.928864
-25.682220,71.072746
-25.684450,71.063309
-25.680559,71.007202
-25.686110,70.974983
-25.517220,70.968872
-25.400560,70.917213
-25.378059,70.866638
-25.416389,70.847748
-25.334169,70.816093
-25.486950,70.781372
-25.395559,70.771637
-25.323059,70.760246
-25.281389,70.680817
-25.299450,70.657471
-26.029720,70.521088
-26.200001,70.584702
-27.156389,70.491928
-28.003611,70.426933
# Triangles
3,2,1
3,1,26
25,6,26
26,6,3
3,5,4
3,6,5
25,8,7
7,6,25
12,8,24
24,23,12
10,8,12
8,25,24
23,18,12
19,18,22
18,17,16
20,22,21
22,20,19
18,23,22
11,10,12
10,9,8
16,15,14
14,13,16
18,16,13
13,12,18
