# Greenland region 27
19 16
# Outer Vertices
-21.904720,72.676651
-22.081949,72.683029
-22.046671,72.710533
-22.643890,72.715263
-22.617229,72.730820
-22.791670,72.792480
-22.906111,72.836090
-23.486950,72.869713
-24.528891,72.895813
-24.584999,72.946373
-24.576670,72.974983
-23.273331,73.062759
-22.223061,72.971077
-22.020559,72.922470
-21.903891,72.911636
-22.055840,72.830811
-22.187780,72.811920
-21.873890,72.719421
-21.904720,72.676651
# Triangles
12,11,6
5,12,6
10,9,8
7,11,10
11,7,6
7,10,8
5,4,12
2,16,4
2,1,0
0,17,2
12,16,15
16,12,4
15,14,13
15,13,12
2,17,16
4,3,2
