# Greenland region 10
17 14
# Outer Vertices
-43.912231,59.791100
-43.932510,59.823879
-43.902241,59.886929
-44.061958,59.800541
-44.115841,59.829151
-44.107792,59.869991
-43.976398,59.975269
-43.748901,59.921379
-43.638069,59.868038
-43.648060,59.847488
-43.749180,59.841930
-43.775291,59.813599
-43.800571,59.844711
-43.763069,59.876659
-43.781399,59.890820
-43.841400,59.808041
-43.912231,59.791100
# Triangles
0,15,1
1,15,2
4,3,5
6,2,7
6,5,3
6,3,2
12,11,10
12,10,13
13,10,9
14,13,7
7,13,9
9,8,7
14,7,2
14,2,15
