# Greenland region 3
31 28
# Outer Vertices
-17.606110,74.933296
-17.626949,74.947479
-17.600281,74.989151
-17.996670,75.029984
-18.869450,74.998032
-18.920561,75.027206
-18.916389,75.095543
-18.835560,75.148590
-18.843889,75.278587
-18.950001,75.325531
-18.552780,75.373581
-18.362499,75.301361
-18.150280,75.324417
-18.105829,75.413857
-17.968889,75.400528
-17.809719,75.316650
-17.808611,75.306091
-17.969170,75.258034
-18.188061,75.241089
-18.191111,75.216637
-18.018610,75.231087
-18.059450,75.178307
-17.875280,75.100250
-17.715839,75.078873
-17.583340,75.104141
-17.610279,75.138870
-17.414450,75.161362
-17.327221,75.142197
-17.400280,75.072197
-17.349720,75.028030
-17.606110,74.933296
# Triangles
5,4,6
6,4,7
7,4,11
19,4,3
21,20,19
21,19,3
11,4,19
7,10,8
7,11,10
10,9,8
11,19,18
17,12,18
13,12,17
18,12,11
21,3,22
23,3,2
3,23,22
30,2,1
2,30,28
29,28,30
23,2,24
28,24,2
17,16,15
15,14,17
14,13,17
25,24,26
26,24,28
28,27,26
