# Greenland region 12
24 21
# Outer Vertices
-37.865841,65.573029
-37.935291,65.594971
-37.987240,65.705544
-37.958630,65.794418
-37.847511,65.821091
-37.837791,65.860809
-37.686958,65.904137
-37.578899,65.890259
-37.270840,65.760529
-37.394451,65.750259
-37.495010,65.808296
-37.474731,65.750259
-37.498619,65.709427
-37.343620,65.705261
-37.311680,65.688026
-37.382790,65.630539
-37.536400,65.640259
-37.568069,65.594971
-37.613899,65.624420
-37.695011,65.653587
-37.696678,65.626373
-37.631962,65.608307
-37.674450,65.574982
-37.865841,65.573029
# Triangles
2,1,23
20,22,21
22,20,23
19,23,20
2,4,3
2,23,4
4,6,5
6,4,19
7,6,19
23,19,4
18,17,16
12,18,16
15,14,13
16,15,12
19,10,7
19,12,10
10,12,11
7,10,8
9,8,10
12,15,13
12,19,18
