# Greenland region 2
23 20
# Outer Vertices
-18.645840,75.891373
-18.633890,75.977478
-18.893890,76.220810
-18.892220,76.293297
-19.101391,76.466919
-19.142220,76.529419
-19.065559,76.591637
-18.788891,76.581093
-18.783060,76.610260
-19.002501,76.607193
-18.992229,76.633614
-19.081671,76.722748
-19.031389,76.756363
-18.922779,76.748032
-18.679449,76.654419
-18.649719,76.613861
-18.722780,76.509979
-18.692499,76.309982
-18.611111,76.234970
-18.625000,76.127197
-18.549170,76.023590
-18.588060,75.902763
-18.645840,75.891373
# Triangles
6,5,4
3,16,7
17,3,2
6,4,7
12,11,10
13,10,8
10,13,12
3,7,4
9,8,10
1,19,2
1,22,21
1,20,19
20,1,21
2,19,17
7,16,8
3,17,16
8,16,15
8,15,14
17,19,18
8,14,13
