# Greenland region 24
20 17
# Outer Vertices
-24.560560,73.047470
-25.535839,73.136642
-25.707781,73.180252
-25.695841,73.203033
-25.302219,73.323318
-25.293060,73.384697
-25.216110,73.409416
-24.418329,73.414703
-23.510281,73.303307
-23.268610,73.257751
-23.230829,73.219994
-23.741110,73.224701
-24.850000,73.322746
-24.988890,73.301666
-24.724449,73.291924
-23.599720,73.183594
-23.131109,73.181374
-22.875280,73.154984
-23.009171,73.094971
-24.560560,73.047470
# Triangles
3,2,1
3,1,4
0,13,1
14,13,0
5,4,6
6,13,12
13,6,4
6,12,7
4,1,13
15,0,18
16,18,17
18,16,15
7,11,8
12,11,7
8,11,10
9,8,10
14,0,15
