# Greenland region 11
24 21
# Outer Vertices
-40.180290,64.431091
-40.447510,64.475807
-40.500011,64.499977
-40.476959,64.540817
-40.541119,64.565536
-40.503071,64.598862
-40.584320,64.691910
-40.704182,64.771927
-40.785290,64.805252
-40.865292,64.898323
-40.858070,64.913307
-40.760288,64.934143
-40.505009,64.831650
-40.528629,64.796371
-40.438622,64.745247
-40.444462,64.725540
-40.545010,64.718033
-40.474461,64.680817
-40.378620,64.619713
-40.472790,64.583588
-40.451130,64.565262
-40.248901,64.533310
-40.149448,64.489433
-40.180290,64.431091
# Triangles
13,7,6
16,6,17
5,4,3
15,13,16
13,6,16
10,9,11
11,9,8
11,13,12
11,8,7
7,13,11
17,6,5
2,1,3
20,3,1
3,19,5
21,23,22
23,21,1
18,17,19
17,5,19
20,19,3
14,13,15
1,21,20
