# Greenland region 29
18 15
# Outer Vertices
-51.109730,69.505539
-51.241402,69.529419
-51.334728,69.685257
-51.385571,69.698868
-51.342789,69.738312
-51.014179,69.874969
-51.078621,69.874969
-51.197788,69.833313
-51.363071,69.851929
-51.207241,69.916367
-51.002239,69.918587
-50.670292,69.860527
-50.678341,69.818039
-50.840839,69.758034
-50.890011,69.767471
-50.965290,69.724426
-50.946949,69.563583
-51.109730,69.505539
# Triangles
3,2,4
1,15,2
15,4,2
6,9,7
7,9,8
0,15,1
5,4,15
14,13,10
15,14,5
6,5,10
13,11,10
10,5,14
11,13,12
6,10,9
15,0,16
