# Greenland region 30
40 37
# Outer Vertices
-22.277229,72.113861
-22.563061,72.138870
-22.596109,72.160248
-22.509171,72.185257
-22.500839,72.204971
-22.683060,72.166367
-22.993340,72.251648
-23.061390,72.303307
-23.946951,72.466637
-24.059450,72.439697
-24.061390,72.474426
-24.004999,72.482193
-24.011110,72.509407
-24.151670,72.543297
-24.225830,72.542213
-24.403610,72.653030
-24.401670,72.724136
-24.484730,72.825813
-24.301109,72.866638
-23.734730,72.859703
-23.567499,72.831917
-23.111950,72.819138
-22.968060,72.721077
-22.164450,72.504700
-22.205000,72.482758
-22.023060,72.497482
-21.941669,72.478867
-21.932501,72.399139
-22.034451,72.386093
-22.650280,72.466637
-22.756950,72.441360
-22.742781,72.389420
-22.593060,72.344971
-22.311390,72.301651
-22.312780,72.253036
-22.061390,72.269974
-22.194170,72.203873
-22.126110,72.170807
-22.152229,72.136642
-22.277229,72.113861
# Triangles
10,9,11
12,11,8
9,8,11
7,6,30
8,7,20
30,6,31
12,8,19
6,5,31
30,22,7
15,14,16
17,16,18
18,16,14
14,13,18
20,19,8
7,22,21
19,13,12
20,7,21
13,19,18
30,29,22
2,1,3
4,3,39
32,5,4
1,39,3
39,38,36
39,36,34
36,38,37
36,35,34
39,34,4
33,4,34
33,32,4
29,24,23
25,24,28
29,23,22
28,26,25
26,28,27
28,24,29
32,31,5
