# Greenland region 9
19 16
# Outer Vertices
-43.553619,59.918880
-43.623901,59.928600
-43.654171,59.989429
-43.678341,59.967491
-43.686401,59.948601
-43.817791,59.965549
-43.912231,59.993881
-43.899731,60.013882
-43.704731,60.063881
-43.934460,60.044991
-44.116959,60.102772
-44.131119,60.146099
-44.088902,60.174160
-43.150570,60.040272
-43.142509,60.016380
-43.198341,59.988041
-43.487789,60.056660
-43.495010,60.007210
-43.553619,59.918880
# Triangles
7,6,5
7,5,8
3,8,5
11,10,12
12,9,8
9,12,10
12,8,16
5,4,3
2,1,18
2,17,16
2,18,17
15,13,16
16,13,12
14,13,15
2,16,8
3,2,8
