# Greenland region 19
18 15
# Outer Vertices
-45.138901,82.072479
-45.385841,82.173309
-46.886120,82.360809
-47.022511,82.426933
-47.226959,82.508324
-47.749180,82.624969
-47.559460,82.644150
-46.675011,82.676086
-46.157791,82.659698
-44.995571,82.510529
-44.438900,82.396927
-44.418900,82.366089
-44.638340,82.314423
-44.865292,82.284416
-45.067509,82.216637
-44.737240,82.095810
-44.775570,82.078308
-45.138901,82.072479
# Triangles
7,4,3
3,2,7
1,8,2
5,4,6
6,4,7
2,8,7
1,9,8
14,9,1
14,17,16
16,15,14
9,13,12
13,9,14
12,11,10
12,10,9
14,1,17
