# Greenland region 26
55 52
# Outer Vertices
-53.717789,69.251083
-53.852509,69.263313
-53.879730,69.303864
-54.256119,69.385246
-54.259449,69.422470
-54.231960,69.449417
-53.795570,69.417480
-53.386398,69.439697
-53.576962,69.474136
-53.495289,69.556091
-53.558899,69.565536
-53.628620,69.490540
-53.776402,69.451637
-53.856400,69.461639
-53.730839,69.515533
-53.966961,69.484970
-53.978901,69.515808
-53.870010,69.561653
-53.940571,69.602203
-53.990570,69.596916
-53.994450,69.556641
-54.460560,69.558029
-54.809460,69.607758
-54.967232,69.727203
-54.677231,69.751373
-54.424740,69.670807
-54.408619,69.687187
-54.634449,69.774979
-54.849171,69.793030
-54.922230,69.823593
-54.930851,69.860260
-54.796120,69.875259
-54.868061,69.920807
-54.847511,69.944977
-54.706680,69.967194
-54.250561,69.911362
-54.252789,69.931374
-54.728352,70.019699
-54.817791,70.060532
-54.843620,70.175812
-54.761120,70.240540
-54.302231,70.316360
-53.310009,70.202759
-53.037231,70.116364
-52.734730,69.933029
-52.346680,69.847198
-52.041950,69.808868
-51.943340,69.777206
-51.903900,69.736923
-52.026951,69.673576
-51.840569,69.639687
-51.833630,69.626083
-52.066959,69.502197
-52.753071,69.358582
-53.717789,69.251083
# Triangles
24,22,21
24,23,22
24,21,25
28,27,31
4,3,5
21,20,26
25,21,26
20,19,26
27,26,35
3,2,5
35,26,19
30,29,28
28,31,30
31,33,32
39,38,40
31,27,34
18,36,35
35,34,27
40,37,41
40,38,37
37,36,41
41,36,42
33,31,34
18,35,19
2,1,6
14,13,12
6,1,0
2,6,5
0,53,7
44,7,53
10,14,11
12,11,14
7,9,8
53,52,45
0,7,6
15,14,17
14,10,17
10,9,42
17,10,18
18,42,36
18,10,42
42,9,43
7,43,9
44,43,7
49,51,50
45,52,49
45,49,46
47,46,49
48,47,49
44,53,45
52,51,49
17,16,15
