# Malta region 1
134 131
# Outer Vertices
14.519700,35.799999
14.513100,35.801701
14.507500,35.803299
14.499700,35.802799
14.492200,35.803902
14.486700,35.806099
14.480000,35.807800
14.475300,35.810799
14.468600,35.812500
14.463100,35.814701
14.455600,35.815800
14.447200,35.816399
14.439700,35.817200
14.431400,35.817799
14.423900,35.818600
14.419200,35.821701
14.415300,35.825298
14.411100,35.828899
14.406400,35.831699
14.401700,35.834702
14.396700,35.837799
14.391100,35.840000
14.385300,35.842201
14.379700,35.844398
14.375000,35.847500
14.370800,35.851101
14.366900,35.854698
14.364700,35.859402
14.361700,35.863899
14.356900,35.866699
14.352200,35.869701
14.347200,35.872501
14.343300,35.876099
14.339400,35.879700
14.336400,35.883900
14.336100,35.889999
14.333100,35.895000
14.334200,35.901100
14.338100,35.905602
14.340800,35.910301
14.343600,35.914700
14.344200,35.921700
14.342800,35.927200
14.340600,35.931900
14.336700,35.936100
14.335600,35.941700
14.335000,35.947800
14.334700,35.953899
14.332500,35.958900
14.329400,35.963100
14.326400,35.967201
14.325000,35.972801
14.326400,35.978901
14.332500,35.981098
14.339200,35.982201
14.346900,35.983299
14.351900,35.985802
14.357200,35.988098
14.361700,35.991402
14.368300,35.992500
14.375000,35.990799
14.375600,35.986099
14.371100,35.982800
14.365300,35.981098
14.359200,35.979198
14.353900,35.976898
14.351900,35.971401
14.355800,35.967800
14.363300,35.966900
14.371700,35.966400
14.378300,35.967499
14.386100,35.967800
14.392500,35.966099
14.397500,35.963299
14.401400,35.959702
14.406100,35.956699
14.412800,35.956402
14.418100,35.958900
14.424200,35.960602
14.430000,35.962502
14.437500,35.962799
14.443300,35.960300
14.446400,35.956100
14.448600,35.951401
14.451700,35.947201
14.456400,35.944199
14.461100,35.941101
14.467800,35.939400
14.476100,35.939201
14.481900,35.936901
14.485800,35.933300
14.488900,35.929199
14.495600,35.927502
14.503100,35.926399
14.510300,35.925301
14.513300,35.921101
14.513100,35.916901
14.511100,35.911701
14.509700,35.905602
14.511100,35.900299
14.515000,35.896702
14.522500,35.895599
14.529200,35.895302
14.536700,35.895599
14.543300,35.895302
14.548300,35.892200
14.551400,35.888100
14.556100,35.884998
14.560000,35.881401
14.563900,35.877800
14.566900,35.873600
14.570000,35.869400
14.569700,35.864201
14.566700,35.859402
14.565600,35.853298
14.565800,35.847198
14.567200,35.841702
14.567500,35.835602
14.568100,35.829399
14.565800,35.824200
14.562200,35.820301
14.558300,35.823898
14.555300,35.828098
14.550300,35.829700
14.547500,35.825001
14.543900,35.821098
14.537200,35.820000
14.529700,35.821098
14.524400,35.818600
14.524700,35.812500
14.526900,35.807800
14.530000,35.803600
14.527200,35.800301
14.519700,35.799999
# Triangles
35,34,33
37,36,35
35,38,37
38,32,39
35,32,38
32,35,33
39,32,30
44,43,45
67,46,45
67,45,43
30,40,39
69,42,41
75,41,40
42,68,43
31,30,32
19,86,20
28,21,76
76,21,20
16,15,13
18,17,86
19,18,86
76,20,84
27,22,21
29,28,40
40,30,29
23,22,24
24,22,27
27,25,24
27,26,25
27,21,28
75,40,28
12,17,16
49,53,50
50,53,51
49,48,66
47,67,66
47,46,67
54,49,66
66,48,47
55,66,65
52,51,53
55,54,66
49,54,53
56,64,57
56,55,65
63,58,57
57,64,63
56,65,64
74,69,41
73,72,74
74,72,70
78,77,83
76,84,77
78,83,79
75,74,41
59,62,60
62,59,63
63,59,58
69,74,70
60,62,61
72,71,70
68,67,43
42,69,68
28,76,75
13,15,14
128,7,5
7,6,5
128,5,4
2,1,129
128,4,3
1,133,129
2,128,3
87,12,11
86,17,12
10,99,11
7,100,9
128,2,129
99,10,9
9,8,7
128,100,7
133,130,129
132,131,130
132,130,133
126,125,124
120,119,121
126,123,127
127,123,102
115,114,123
123,122,116
124,123,126
118,117,122
123,116,115
122,117,116
121,118,122
119,118,121
100,128,127
123,114,106
92,91,98
91,90,87
91,87,11
98,97,92
92,97,93
96,94,93
98,91,99
88,90,89
82,80,79
81,80,82
79,83,82
88,87,90
84,20,85
86,85,20
86,12,87
84,83,77
11,99,91
113,109,108
108,107,113
106,113,107
113,112,110
111,110,112
113,110,109
102,123,106
95,94,96
96,93,97
106,103,102
101,127,102
103,105,104
106,105,103
127,101,100
113,106,114
9,100,99
12,16,13
