# Malta region 0
59 56
# Outer Vertices
14.267500,36.011398
14.259200,36.011700
14.251400,36.011398
14.243100,36.011902
14.237200,36.012798
14.230800,36.014400
14.225000,36.016701
14.219400,36.018902
14.212800,36.020599
14.204400,36.021099
14.196900,36.021900
14.191100,36.024399
14.188100,36.028599
14.185800,36.033298
14.188900,36.038101
14.190800,36.043301
14.187800,36.047501
14.183900,36.051102
14.180800,36.055302
14.181100,36.060799
14.185600,36.063900
14.190800,36.066399
14.196700,36.068298
14.202800,36.070000
14.208900,36.071701
14.215600,36.072800
14.222200,36.073898
14.229200,36.075001
14.237500,36.074402
14.245800,36.074200
14.253300,36.073101
14.259200,36.070801
14.264700,36.068600
14.269700,36.065601
14.274400,36.062500
14.280300,36.060299
14.285800,36.058102
14.291700,36.055801
14.299200,36.054699
14.307500,36.054401
14.315000,36.053299
14.320600,36.051102
14.324400,36.047501
14.328600,36.043900
14.333300,36.040798
14.337200,36.037201
14.341100,36.033901
14.340800,36.029701
14.335800,36.027199
14.323900,36.025002
14.315600,36.025600
14.307800,36.025002
14.301900,36.023300
14.296700,36.020802
14.291400,36.018299
14.286900,36.015301
14.281100,36.013302
14.275000,36.011700
14.267500,36.011398
# Triangles
12,11,10
14,10,9
13,12,14
14,12,10
9,15,14
9,8,15
4,29,5
3,29,4
8,7,25
28,6,5
28,7,6
25,15,8
29,3,31
20,18,17
21,17,16
19,18,20
20,17,21
16,22,21
15,22,16
15,23,22
25,7,26
15,24,23
5,29,28
26,7,27
24,15,25
7,28,27
29,31,30
3,2,31
58,34,1
57,35,58
56,55,54
54,36,56
35,57,56
53,37,54
37,53,52
50,49,43
48,44,49
47,46,48
51,50,40
48,46,45
38,52,51
35,34,58
37,36,54
2,32,31
2,33,32
1,34,33
35,56,36
50,42,41
44,43,49
43,42,50
51,39,38
39,51,40
40,50,41
38,37,52
45,44,48
2,1,33
