# Benin region 0
96 93
# Outer Vertices
2.401563,11.889880
2.409999,11.904440
2.390277,11.933330
2.470555,11.977770
2.445277,12.024160
2.383611,12.166390
2.378055,12.240270
2.645278,12.304720
2.686388,12.290280
2.771111,12.377490
2.843498,12.393320
3.195554,12.063880
3.253889,12.017220
3.312222,11.890000
3.468888,11.855830
3.558888,11.756940
3.605495,11.691690
3.474999,11.429720
3.694166,11.135000
3.739166,11.116660
3.753889,10.794440
3.846666,10.703050
3.855000,10.585000
3.789444,10.402770
3.688888,10.449720
3.637222,10.411660
3.581944,10.275270
3.684444,10.151110
3.609444,9.948051
3.525277,9.844162
3.346666,9.809162
3.331111,9.755831
3.363333,9.681940
3.317222,9.636108
3.263333,9.635830
3.141666,9.441107
3.170278,9.274441
3.094999,9.090551
2.987500,9.061108
2.788333,9.054163
2.755833,8.588051
2.725832,8.083052
2.682129,7.893651
2.742222,7.808609
2.733333,7.639721
2.762777,7.547498
2.807222,7.417220
2.757500,7.419442
2.778611,7.134443
2.747777,7.099165
2.798333,7.039998
2.725277,6.954443
2.798888,6.688609
2.741666,6.621943
2.718696,6.364455
2.294444,6.324999
1.723055,6.236665
1.634175,6.210679
1.799956,6.280929
1.771389,6.392498
1.575278,6.679720
1.623055,6.757776
1.548611,6.995275
1.642500,6.995553
1.644444,7.265554
1.634722,8.357773
1.613055,8.374718
1.660833,8.496941
1.624722,8.548052
1.627777,8.881107
1.596389,9.116940
1.473611,9.256386
1.337500,9.542496
1.368333,9.596663
1.355000,9.995274
0.776667,10.376660
0.785278,10.524440
0.917435,10.995760
0.967778,10.995830
0.978889,11.080270
1.102777,11.040270
1.063889,11.139720
1.156389,11.162780
1.132777,11.249440
1.153889,11.277220
1.272778,11.259160
1.308611,11.291390
1.397500,11.439720
1.500000,11.464160
1.609166,11.388330
1.766111,11.426660
1.902678,11.428580
2.019166,11.425270
2.313859,11.679160
2.338055,11.764720
2.401563,11.889880
# Triangles
71,70,73
77,76,78
74,76,75
73,72,71
39,74,73
80,76,74
74,30,92
61,60,59
57,56,58
59,58,55
55,58,56
59,55,61
61,55,63
69,68,67
66,65,67
63,49,64
65,41,67
64,42,65
69,39,70
70,39,73
62,61,63
69,67,40
80,79,78
82,80,85
83,82,84
82,81,80
78,76,80
85,84,82
86,85,89
87,89,88
89,87,86
85,80,89
74,89,80
89,91,90
74,91,89
94,13,0
3,0,13
93,92,17
7,6,5
3,1,0
7,5,4
3,2,1
8,4,3
93,13,94
74,92,91
51,63,55
53,51,55
50,49,51
51,49,63
49,48,47
45,47,46
47,64,49
51,53,52
47,44,64
42,64,44
43,42,44
41,40,67
44,47,45
40,39,69
55,54,53
39,38,35
36,38,37
36,35,38
74,34,30
33,32,31
33,31,34
74,35,34
30,34,31
74,39,35
14,13,15
13,11,3
93,17,13
15,17,16
25,92,26
29,28,30
17,15,13
4,8,7
9,8,10
11,10,8
8,3,11
12,11,13
30,26,92
28,26,30
27,26,28
20,17,25
24,23,22
25,24,20
19,18,20
20,22,21
22,20,24
17,20,18
92,25,17
42,41,65
