# Kerguelen region 0
129 126
# Outer Vertices
68.816933,-49.720558
68.760529,-49.684460
68.772202,-49.593342
68.839417,-49.513062
68.814697,-49.488071
68.907471,-49.399181
68.848587,-49.390289
68.809143,-49.366680
68.821373,-49.340000
68.922760,-49.324459
68.913857,-49.288059
68.860809,-49.319180
68.811920,-49.289169
68.851089,-49.273899
68.774139,-49.242790
68.758591,-49.180851
68.913307,-49.159740
68.811920,-49.150009
68.841919,-49.115841
68.752472,-49.083340
68.751373,-49.051960
68.771637,-49.030849
68.825531,-49.054729
68.796921,-48.972790
68.901367,-48.983349
68.826103,-48.884449
68.789978,-48.866951
68.790527,-48.846401
68.950813,-48.754452
68.940536,-48.700291
69.026642,-48.652779
69.078873,-48.695011
68.979713,-48.766941
69.114700,-48.726120
68.964142,-48.821121
68.911362,-48.848061
68.910538,-48.896118
69.009697,-48.831120
69.152763,-48.758060
69.186081,-48.766670
69.108032,-48.814178
69.177750,-48.819462
68.999687,-49.084461
69.070534,-49.119171
69.050812,-49.043621
69.091370,-49.001400
69.158043,-49.019741
69.169144,-49.108891
69.273857,-49.108341
69.428864,-49.031391
69.460251,-49.038620
69.439697,-49.087231
69.478592,-49.075569
69.568588,-48.972240
69.602478,-49.035568
69.659973,-49.063900
69.578873,-49.113621
69.640808,-49.124180
69.353592,-49.117512
69.282471,-49.186390
69.345543,-49.181400
69.401642,-49.135559
69.470543,-49.152512
69.429138,-49.209179
69.534973,-49.243340
69.407204,-49.276402
69.637482,-49.288059
69.582748,-49.304451
69.704697,-49.311668
70.078873,-49.120010
70.204971,-49.163609
70.306091,-49.053070
70.456917,-49.065010
70.530533,-49.098900
70.568588,-49.232510
70.476357,-49.353619
70.442749,-49.373070
70.359421,-49.338348
70.306923,-49.382229
70.372482,-49.414452
70.453873,-49.424450
70.459137,-49.444172
70.278870,-49.437229
70.295532,-49.409180
70.214142,-49.346951
69.827759,-49.340839
69.942467,-49.431400
69.899139,-49.445850
69.784416,-49.394730
69.790527,-49.424179
69.692467,-49.407501
69.816360,-49.540291
70.118874,-49.619171
70.114700,-49.597240
70.040527,-49.564449
70.035248,-49.533619
70.143044,-49.507511
70.316360,-49.538620
70.336357,-49.553059
70.309418,-49.609169
70.162201,-49.616959
70.272476,-49.646961
70.258873,-49.687500
70.077759,-49.719460
69.879433,-49.702221
69.779137,-49.595840
69.786926,-49.533340
69.705811,-49.495571
69.633873,-49.508900
69.721077,-49.581120
69.715530,-49.650558
69.660248,-49.668060
69.445824,-49.625561
69.366928,-49.566959
69.277206,-49.566399
69.248581,-49.503059
69.207474,-49.488621
69.195251,-49.527512
69.229713,-49.560009
69.211357,-49.576962
69.143593,-49.518341
69.152481,-49.629459
69.104424,-49.593342
69.098862,-49.542500
69.075813,-49.541119
69.068863,-49.568340
69.110809,-49.643620
69.082748,-49.687229
68.816933,-49.720558
# Triangles
2,1,128
5,4,3
5,3,124
7,6,8
3,128,125
3,2,128
9,8,6
13,15,14
11,10,13
13,16,15
16,13,10
16,10,43
11,13,12
5,9,6
127,126,125
124,3,125
122,121,120
117,119,118
124,123,120
9,120,116
120,9,124
122,120,123
9,5,124
116,43,9
65,59,116
65,116,115
116,120,117
119,117,120
10,9,43
115,114,113
125,128,127
116,59,43
20,19,21
21,19,22
18,22,19
17,16,18
22,24,23
24,22,18
18,42,24
27,25,35
36,25,24
27,26,25
25,36,35
35,34,28
32,29,28
28,34,32
28,27,35
40,42,41
18,16,42
37,42,40
44,43,46
47,43,59
42,37,24
45,44,46
46,43,47
16,43,42
37,40,38
31,30,32
33,32,34
32,30,29
39,38,40
24,37,36
48,47,59
59,58,48
108,112,111
112,108,113
109,111,110
105,104,91
109,108,111
91,106,105
90,107,106
107,90,108
91,90,106
113,108,67
90,89,88
85,88,87
87,86,85
103,92,104
67,108,90
92,103,100
96,94,93
92,100,93
104,92,91
102,101,100
93,100,96
102,100,103
99,97,100
96,100,97
79,83,82
79,82,81
80,79,81
99,98,97
83,79,78
96,95,94
65,63,60
63,65,64
61,60,63
63,62,61
60,59,65
90,68,67
56,52,51
66,65,67
113,67,65
58,51,49
50,49,51
58,49,48
52,56,54
56,58,57
54,53,52
54,56,55
56,51,58
69,85,84
85,69,68
85,68,88
77,75,74
75,77,76
78,77,84
83,78,84
70,84,77
84,70,69
74,73,72
70,77,71
77,72,71
74,72,77
88,68,90
65,115,113
