# Svalbard region 7
179 176
# Outer Vertices
23.640829,79.178589
23.252220,79.191650
22.926670,79.219147
22.695551,79.278313
22.646940,79.301933
22.655830,79.359970
22.890551,79.412483
20.968889,79.364700
20.795000,79.373871
20.851110,79.403313
20.743330,79.459427
20.273331,79.454971
19.686110,79.548576
19.636110,79.597748
19.660000,79.613861
20.150829,79.642761
20.424999,79.589417
21.095551,79.558029
21.139160,79.577759
20.494440,79.671371
20.490829,79.684418
22.266939,79.769150
22.344440,79.783043
22.248890,79.800812
21.734720,79.776367
21.778049,79.803040
21.890270,79.816933
21.699440,79.833862
20.391939,79.794144
19.542219,79.710251
18.936939,79.733582
18.771391,79.717484
18.701660,79.776917
18.319441,79.836357
18.235279,79.887756
18.112499,79.903587
18.868050,80.034416
18.239719,80.042213
18.154720,80.076920
18.352221,80.073029
18.246111,80.095543
17.797501,80.123581
17.820271,80.141083
18.167500,80.185806
18.710279,80.156921
18.766109,80.181641
18.704170,80.204422
19.184441,80.117203
19.263330,80.084137
19.387501,80.107193
19.580280,80.144699
19.480551,80.168297
19.223890,80.193588
18.980000,80.336639
19.060829,80.350540
19.330280,80.325256
19.614719,80.220543
19.837780,80.213867
19.807220,80.231087
19.716940,80.243591
19.839439,80.306923
19.858610,80.339706
19.771111,80.343872
19.916941,80.375259
19.484720,80.389687
19.463890,80.448593
19.519440,80.466087
19.690830,80.439423
19.631109,80.493874
19.716940,80.498032
20.062220,80.430527
20.100559,80.405807
20.076389,80.379967
20.139999,80.376083
20.170000,80.410812
20.365829,80.419693
20.547501,80.350807
20.523050,80.326370
20.622780,80.291641
20.812771,80.311920
20.813890,80.296082
20.748051,80.271088
20.813610,80.218307
21.189440,80.232758
21.325279,80.256638
21.321659,80.224426
21.338329,80.208038
21.483330,80.266373
21.838329,80.271088
21.879999,80.246094
21.892220,80.204971
21.619160,80.129433
21.606939,80.113312
21.798050,80.146927
22.124720,80.081360
22.222500,80.004150
22.205000,79.982483
22.339161,79.990807
22.365000,80.007477
22.321110,80.032204
22.475559,80.011093
22.352501,80.055527
22.375000,80.068314
22.452499,80.055252
22.466110,80.066650
22.376110,80.103592
22.455280,80.264977
22.572781,80.291641
22.549999,80.313026
22.349720,80.348312
22.335831,80.370796
22.385000,80.423576
22.679440,80.422760
22.616110,80.350807
22.716940,80.324982
22.719721,80.337196
22.832500,80.430817
22.747780,80.503311
22.828051,80.513313
23.317780,80.406372
23.136391,80.390259
23.199169,80.351357
23.347500,80.341919
23.308331,80.283310
23.047501,80.244980
22.999720,80.156082
23.080000,80.124153
23.215830,80.113586
23.156389,80.145813
23.086390,80.167213
23.396111,80.137756
23.406389,80.170258
23.390270,80.192200
23.476669,80.205811
23.489170,80.154694
23.557501,80.128593
23.830549,80.188309
23.730000,80.227203
23.734720,80.294418
24.375830,80.311920
24.396660,80.323868
24.182220,80.336357
24.172220,80.359154
24.347771,80.367752
24.597500,80.314423
24.460831,80.267761
24.532499,80.253593
24.851669,80.341919
24.891670,80.318314
24.779720,80.246643
25.351669,80.274979
25.225559,80.247757
25.267780,80.223312
25.543610,80.234421
25.774719,80.213867
25.705000,80.168869
26.598049,80.184692
26.967220,80.127197
27.236660,80.095810
27.101110,79.967484
27.238890,79.915817
27.240829,79.898857
27.142220,79.853592
26.531111,79.748306
26.486389,79.717758
25.816111,79.618317
25.826111,79.596077
25.942221,79.541367
25.976940,79.510803
25.730829,79.409973
25.173889,79.328308
24.962780,79.335533
24.947500,79.368874
24.798611,79.371368
24.281670,79.304977
24.267780,79.266373
24.270000,79.248871
24.116940,79.196907
23.640829,79.178589
# Triangles
32,31,30
34,33,36
32,36,33
35,34,36
13,12,14
14,12,15
57,50,29
29,48,30
32,30,36
12,11,15
37,39,38
40,42,41
43,42,40
44,39,36
47,30,48
36,30,47
50,49,29
48,29,49
39,43,40
39,37,36
11,10,16
10,17,16
8,7,9
9,7,17
9,17,10
7,18,17
18,7,21
18,20,19
18,21,20
86,83,27
21,7,6
92,27,93
92,86,27
28,57,29
24,26,25
26,23,96
93,27,26
94,96,95
96,94,26
97,96,23
23,26,24
93,26,94
16,15,11
91,87,92
44,36,45
43,39,44
45,36,47
47,46,45
52,54,53
50,56,51
57,56,50
59,58,60
60,58,57
60,63,61
52,51,55
54,52,55
65,64,66
56,55,51
67,64,63
67,66,64
62,61,63
68,67,69
69,67,63
60,57,63
83,86,85
83,28,27
84,83,85
82,81,78
86,92,87
82,28,83
91,90,88
88,87,91
88,90,89
82,78,28
57,72,63
73,72,57
63,72,70
71,70,72
73,75,74
63,70,69
81,79,78
79,81,80
75,77,76
77,75,73
73,57,28
28,77,73
78,77,28
97,22,98
100,99,98
100,98,22
103,102,100
22,6,100
97,23,22
6,3,2
6,2,1
3,5,4
5,3,6
6,22,21
100,6,125
127,6,1
102,101,100
106,105,104
100,104,103
114,104,100
126,6,127
127,1,130
130,129,128
134,130,135
131,130,134
6,126,125
135,130,1
1,178,135
136,178,177
176,175,177
175,174,177
177,174,136
172,171,170
170,152,172
149,173,172
170,169,165
168,167,169
173,146,174
167,166,169
155,164,156
165,164,155
163,156,164
166,165,169
162,161,160
162,160,159
157,159,158
157,163,159
159,163,162
152,170,165
136,135,178
163,157,156
106,104,107
108,107,113
114,113,107
116,115,114
104,114,107
108,111,109
121,124,123
128,127,130
124,116,125
114,125,116
125,114,100
108,113,111
109,111,110
111,113,112
120,116,124
121,123,122
120,119,118
117,116,118
118,116,120
120,124,121
134,133,131
138,137,136
174,146,145
149,146,173
131,133,132
155,154,153
151,149,172
152,165,153
151,172,152
151,150,149
140,139,145
141,140,143
142,141,143
174,145,136
140,144,143
136,145,139
148,147,149
146,149,147
145,144,140
136,139,138
155,153,165
