# Svalbard region 3
45 42
# Outer Vertices
22.664169,77.254433
22.423611,77.257202
22.385000,77.304428
22.494720,77.327187
22.493330,77.368317
22.410000,77.415253
22.747219,77.526093
22.764999,77.551933
22.371111,77.564972
22.192499,77.503036
20.951941,77.440811
20.868891,77.451920
20.868891,77.475540
20.934719,77.496643
20.831940,77.537201
21.200279,77.604424
21.230829,77.646637
21.254721,77.726929
21.556940,77.855263
21.537781,77.893860
21.657780,77.916924
21.521940,77.948868
20.903049,78.067749
20.866940,78.086639
20.903049,78.114967
21.711670,78.202759
22.949440,78.248032
23.459721,78.155807
23.360830,78.102753
23.112221,78.090813
23.051390,78.045532
23.075001,78.001083
23.636669,77.865250
23.890270,77.847473
24.290279,77.906082
24.908609,77.755249
24.888050,77.739433
24.263611,77.683868
24.002781,77.603027
23.901110,77.503036
23.390270,77.373581
23.203890,77.393311
22.958050,77.351639
22.899719,77.290527
22.664169,77.254433
# Triangles
11,10,13
13,12,11
15,14,13
13,10,15
3,2,1
5,4,6
9,15,10
20,9,8
15,9,16
23,22,24
21,24,22
18,17,16
19,18,20
21,20,25
25,20,8
25,24,21
9,18,16
9,20,18
8,26,25
44,43,6
4,44,6
42,7,6
7,26,8
6,43,42
44,3,1
32,41,40
7,41,31
38,33,39
40,39,32
7,42,41
33,38,37
31,30,7
26,29,28
29,26,30
26,28,27
30,26,7
33,37,34
33,32,39
34,36,35
37,36,34
31,41,32
3,44,4
