# Svalbard region 8
364 361
# Outer Vertices
16.362780,76.563309
16.308331,76.574142
16.336670,76.653030
15.498060,76.879967
15.587220,76.914978
16.143330,76.975807
16.237499,76.955811
16.226669,76.926933
16.326660,76.943863
16.317221,76.976357
16.495279,76.982758
16.519720,76.998581
16.075001,77.026367
16.056940,77.069138
15.994170,77.079971
15.849160,77.053589
15.904720,77.013313
15.728330,76.998581
15.232500,77.018593
15.057220,77.123032
14.375000,77.192200
14.345000,77.225250
14.153060,77.291367
14.134720,77.318863
14.163060,77.345810
14.091110,77.364151
13.962220,77.424149
14.053890,77.450813
13.927220,77.491928
13.914160,77.527763
14.057500,77.558594
14.354720,77.583862
14.545560,77.565811
14.591390,77.522202
14.526940,77.501923
14.539160,77.490807
14.732500,77.491089
14.790000,77.545807
15.835000,77.526367
16.223049,77.434982
16.305550,77.471359
16.048050,77.505539
15.913890,77.564972
15.650830,77.577187
14.738890,77.653030
14.771670,77.665527
15.780000,77.747192
16.363331,77.801361
16.971390,77.787201
17.119720,77.781647
16.897221,77.817749
16.802219,77.858582
16.808611,77.885803
16.886110,77.868027
16.983610,77.906082
17.006109,77.931374
16.842779,77.921371
16.664721,77.857193
15.814720,77.830261
15.573890,77.883034
15.048610,77.788040
13.761110,77.727478
13.721670,77.760529
13.815000,77.788589
13.808330,77.813309
13.651110,77.848862
13.628330,77.957474
13.676390,77.999420
13.612500,78.040527
13.611940,78.058296
13.966940,78.090813
14.109720,78.058594
14.283330,77.964417
14.355830,77.962753
14.362780,77.980797
14.232500,78.066093
14.249720,78.096916
15.033610,78.114433
14.995000,78.133873
15.056670,78.148590
15.492220,78.238037
15.661110,78.217194
15.736940,78.229141
15.600830,78.269699
15.601390,78.299149
15.793330,78.336639
16.818890,78.333862
17.272499,78.413857
17.216940,78.436371
16.824440,78.386093
16.328890,78.452187
16.498329,78.539703
16.828890,78.648033
16.831110,78.671921
16.634159,78.666924
16.571110,78.713318
16.492500,78.707199
16.354160,78.596359
16.177219,78.541367
16.054440,78.492203
15.993330,78.476929
15.464170,78.451637
15.350560,78.476929
15.193330,78.588028
15.452780,78.635803
15.501390,78.717194
15.421940,78.782761
15.481940,78.811371
15.380000,78.844704
15.295560,78.819702
15.197500,78.728867
15.256390,78.656647
15.019440,78.621094
15.035000,78.601089
14.944720,78.599983
14.805000,78.641647
14.846390,78.681923
14.814720,78.730797
14.698610,78.726357
14.443890,78.673859
14.547500,78.646362
14.547500,78.573029
14.573610,78.542763
14.399440,78.501648
14.422500,78.470810
14.661390,78.443039
14.717500,78.406372
14.688330,78.377762
14.276390,78.385246
14.248330,78.356369
14.325280,78.306091
14.175830,78.269974
14.040550,78.245247
14.071110,78.286362
13.946110,78.267197
13.943050,78.224136
13.807780,78.265808
13.743610,78.260803
13.855550,78.209427
13.718330,78.196373
13.492780,78.207748
13.006670,78.197479
12.911940,78.240540
12.956940,78.266083
12.901390,78.321373
12.871110,78.354424
12.700000,78.363312
12.389170,78.472198
12.397500,78.486649
13.113890,78.517761
13.181110,78.544144
12.785550,78.524979
11.925550,78.627197
11.849440,78.661087
11.853890,78.694702
11.754170,78.702187
11.646940,78.746643
11.791390,78.819977
11.916670,78.811920
11.920000,78.832474
11.406110,78.925537
11.335550,78.966637
11.602500,78.976357
12.072500,78.915817
12.495550,78.903313
12.500830,78.918297
12.403890,78.998032
12.063890,78.967484
11.981670,78.986076
12.080550,78.994980
12.078050,79.009979
11.681670,79.063583
11.853890,79.147202
12.137500,79.216919
12.057220,79.234970
12.115830,79.258034
12.085550,79.304428
11.836670,79.291924
11.913610,79.236076
11.897220,79.225807
11.788610,79.236649
11.686110,79.321640
11.594170,79.301933
11.720830,79.191650
11.705000,79.161362
11.236390,79.093033
11.183050,79.117752
11.141390,79.237762
10.897780,79.332199
10.849720,79.370247
10.918050,79.378311
10.851940,79.401093
10.902780,79.418869
10.910830,79.456093
10.840280,79.492477
10.697780,79.514137
10.679160,79.538040
11.180280,79.559418
10.853890,79.599701
10.986110,79.643311
11.366110,79.634979
11.458890,79.646088
11.205550,79.709137
11.218610,79.732483
11.198890,79.777763
11.548050,79.772202
11.538890,79.810532
11.840000,79.836639
12.046390,79.709702
12.341670,79.663307
12.345280,79.713318
12.198610,79.763313
12.163610,79.809143
12.224720,79.836090
12.404720,79.828873
12.543890,79.777481
12.510000,79.744423
13.095830,79.828888
13.867780,79.868874
13.957500,79.829971
13.965560,79.766922
13.884720,79.726357
13.628330,79.696640
13.244720,79.700256
13.017500,79.670807
12.577780,79.585533
13.331940,79.594147
13.492780,79.568314
13.404440,79.523033
13.265280,79.514420
13.272500,79.467194
13.487500,79.439423
13.447780,79.483307
13.594440,79.484154
13.873610,79.391922
13.908050,79.278587
14.084720,79.269150
14.155830,79.338318
13.928610,79.509140
13.898050,79.546082
14.110280,79.610527
14.277780,79.610527
14.148610,79.633873
14.256670,79.680527
14.557780,79.806091
14.860280,79.763870
15.291670,79.600540
15.426390,79.414703
15.790830,79.224136
15.652220,79.133034
15.708610,79.097748
15.813330,79.161636
15.917220,79.149406
16.132219,79.053864
16.148050,78.986649
16.393049,78.904419
16.495550,78.915817
16.492769,78.935257
16.176670,79.153313
16.138611,79.239151
15.959440,79.306374
15.854170,79.535538
15.918610,79.558296
15.787780,79.635803
15.729440,79.653313
15.641110,79.821091
15.731110,79.873581
16.139721,79.869141
15.950000,79.937469
15.984440,79.973587
16.307779,80.062759
16.540550,80.040527
16.721109,79.944427
16.696939,79.911636
16.841940,79.869423
16.906940,79.878311
16.870550,79.930252
16.977221,79.960251
17.370831,79.924149
18.083330,79.730797
18.077221,79.695251
17.602779,79.543297
17.765551,79.543587
17.771940,79.518860
17.760281,79.409698
17.641670,79.390259
17.682220,79.367203
17.847771,79.393593
18.017500,79.468307
18.042219,79.534149
18.193609,79.620796
18.356939,79.628311
18.658890,79.559418
18.748610,79.522476
18.885830,79.441933
18.851110,79.406082
18.911110,79.389977
18.854719,79.372192
18.840549,79.340813
18.876940,79.314148
18.798330,79.278870
18.622219,79.264137
18.648331,79.239151
18.851391,79.248306
18.950001,79.213028
18.915001,79.175812
18.937220,79.160248
19.186661,79.145248
19.348049,79.184692
19.834999,79.146927
19.803890,79.115807
19.908051,79.064148
19.906670,79.013870
21.546110,78.838318
21.544720,78.760803
21.358061,78.696907
21.386391,78.653313
20.676670,78.683296
20.558611,78.624420
19.688610,78.612762
19.577770,78.570534
19.610279,78.544418
19.668890,78.507477
18.962780,78.449142
19.057220,78.389137
19.061939,78.351929
18.956110,78.277763
19.060829,78.244980
19.079720,78.217758
18.920000,78.173859
19.094999,78.102478
19.071110,78.085533
18.784719,78.027206
18.552500,78.055252
18.408331,78.014687
18.496670,77.966637
18.333891,77.898323
18.447220,77.848312
18.449169,77.762756
18.342220,77.670258
18.362499,77.635529
18.287781,77.586357
18.306110,77.546082
18.236660,77.490807
17.730829,77.489151
17.731390,77.458313
17.625000,77.440262
17.417219,77.183029
17.444160,77.144150
17.325830,77.043869
17.095831,77.044693
17.176390,77.021637
17.318609,76.965530
17.221390,76.917213
16.943609,76.815262
16.927219,76.781647
17.184170,76.723038
17.198330,76.694702
17.000830,76.626083
16.997219,76.595261
16.571939,76.574982
16.554440,76.608307
16.416660,76.617203
16.362780,76.563309
# Triangles
70,67,64
63,62,61
65,64,67
69,68,67
69,67,70
67,66,65
64,63,71
27,26,25
23,22,24
24,22,21
27,25,24
60,73,61
30,29,28
24,30,27
73,72,61
71,70,64
27,30,28
30,24,31
148,147,146
145,149,146
149,148,146
157,156,155
154,152,158
152,154,153
154,157,155
164,163,152
145,144,149
142,141,143
140,150,141
140,139,137
150,140,137
136,135,134
137,139,138
149,143,141
150,149,141
149,144,143
134,235,136
136,235,137
150,137,235
134,133,235
133,132,131
151,150,165
21,20,35
32,34,33
35,34,21
21,34,31
20,36,35
31,34,32
76,75,74
63,61,72
63,72,71
77,74,60
17,38,18
19,37,36
46,45,43
20,19,36
73,60,74
76,74,77
79,77,59
77,79,78
43,45,44
60,59,77
128,133,129
129,131,130
124,128,127
125,124,127
128,119,133
119,123,121
124,123,128
123,119,128
121,123,122
121,120,119
129,133,131
113,112,114
114,112,116
237,119,118
110,117,112
116,115,114
112,117,116
112,111,110
117,110,109
103,102,104
126,125,127
235,133,119
24,21,31
245,118,117
161,160,162
162,160,159
187,186,185
182,187,185
184,183,182
184,182,185
162,159,163
159,158,163
167,169,168
152,163,158
180,179,177
177,179,178
170,172,171
173,172,170
208,177,176
157,154,158
177,181,180
190,192,191
188,187,190
192,190,193
190,189,188
196,195,194
193,197,194
197,196,194
198,197,199
193,190,197
200,197,182
201,182,181
182,201,200
201,181,205
187,197,190
204,203,205
201,205,203
201,203,202
181,207,205
205,207,206
207,181,177
177,208,207
199,197,200
187,182,197
173,175,174
170,166,173
169,167,166
165,150,230
166,165,225
173,166,225
209,176,175
175,173,225
209,175,225
226,229,228
230,229,225
226,225,229
165,230,225
164,151,165
169,166,170
233,231,235
150,231,230
233,235,234
119,237,236
236,235,119
240,238,237
150,235,231
231,233,232
228,227,226
240,239,238
118,245,237
152,151,164
210,209,216
225,224,216
216,209,225
217,224,223
224,217,216
210,216,214
212,211,213
211,210,213
213,210,214
216,215,214
223,222,217
244,243,241
241,243,242
241,240,237
241,237,245
245,117,246
218,221,219
221,218,222
219,221,220
241,245,244
222,218,217
117,109,247
208,176,209
247,246,117
38,19,18
4,3,2
5,4,2
38,37,19
16,15,17
38,15,14
13,12,11
13,39,14
17,15,38
5,7,6
2,1,363
11,361,355
362,361,10
2,363,362
9,8,10
362,10,2
10,361,11
2,10,8
2,8,7
11,39,13
47,40,48
7,5,2
39,11,40
79,59,80
81,58,82
59,58,81
85,82,58
82,84,83
59,81,80
104,102,101
84,82,85
42,47,46
46,43,42
41,40,47
38,14,39
48,40,11
41,47,42
85,57,86
58,57,85
57,56,86
52,51,53
91,90,89
360,355,361
355,359,358
359,355,360
358,357,356
358,356,355
350,48,11
350,354,353
347,49,350
350,11,354
351,353,352
353,351,350
49,48,350
349,348,347
347,350,349
346,345,344
346,344,49
347,346,49
343,342,341
343,341,344
340,339,341
336,341,339
344,341,336
344,87,49
336,339,338
54,53,50
87,344,336
336,338,337
49,55,54
49,54,50
87,86,55
87,286,88
55,49,87
334,287,87
334,87,336
55,86,56
335,334,336
51,50,53
333,332,329
329,331,330
331,329,332
333,329,326
326,324,323
324,326,325
326,323,333
327,326,329
329,328,327
334,333,302
92,89,88
11,355,354
323,302,333
250,105,100
105,104,101
106,105,107
100,105,101
99,254,100
108,107,249
249,107,250
108,249,247
252,250,254
250,107,105
100,254,250
253,252,254
99,98,254
97,255,254
92,91,89
96,255,97
256,255,96
256,95,93
95,256,96
256,93,257
94,93,95
257,93,275
88,93,92
97,254,98
247,249,248
252,251,250
262,261,260
265,264,266
266,264,263
266,263,267
267,263,262
259,267,262
273,267,259
267,269,268
274,273,257
274,257,275
259,257,273
258,257,259
267,271,270
270,269,267
273,272,271
273,271,267
275,277,276
262,260,259
93,285,275
108,247,109
306,302,323
308,307,320
307,306,323
287,334,302
319,308,320
306,305,302
302,301,287
301,300,293
303,302,305
305,304,303
286,87,287
312,319,318
317,316,315
317,315,313
313,312,317
312,310,319
311,310,312
310,309,308
317,312,318
315,314,313
319,310,308
322,321,323
285,93,88
287,301,288
285,284,283
88,286,285
275,278,277
275,281,278
283,282,281
279,281,280
281,285,283
288,290,289
281,275,285
298,297,295
295,297,296
298,295,293
301,291,288
295,294,293
278,281,279
291,290,288
292,291,301
293,292,301
300,298,293
299,298,300
320,307,323
323,321,320
