# Svalbard region 5
21 18
# Outer Vertices
20.697781,78.186653
20.626940,78.198868
20.666389,78.221359
20.774170,78.256088
20.757771,78.293297
20.471939,78.319138
20.682220,78.346649
20.663891,78.387192
20.124720,78.472198
21.111660,78.566650
21.103050,78.592484
21.208050,78.621094
21.458611,78.601929
21.501659,78.565536
22.090549,78.588867
22.242769,78.477753
22.235550,78.274979
22.271940,78.263603
21.995831,78.242752
20.773331,78.218872
20.697781,78.186653
# Triangles
2,1,20
19,3,2
3,19,9
19,2,20
7,6,4
8,7,9
6,5,4
4,9,7
3,9,4
14,13,18
13,9,19
17,16,18
16,15,18
14,18,15
10,9,11
11,9,13
11,13,12
13,19,18
