# Seychelles region 1
134 131
# Outer Vertices
55.532501,-4.789200
55.526402,-4.788300
55.522202,-4.785600
55.518600,-4.782200
55.515301,-4.778600
55.511101,-4.776100
55.507801,-4.772500
55.504398,-4.768600
55.501701,-4.764400
55.500301,-4.758900
55.498100,-4.754200
55.494202,-4.751400
55.489201,-4.749400
55.484402,-4.747200
55.481098,-4.743900
55.477501,-4.740600
55.476898,-4.734400
55.479698,-4.730300
55.485802,-4.729400
55.490601,-4.728900
55.491402,-4.724200
55.489201,-4.719200
55.487801,-4.713900
55.489201,-4.708300
55.490601,-4.702800
55.490601,-4.696100
55.486401,-4.693300
55.480301,-4.692800
55.476101,-4.690000
55.473598,-4.685800
55.470001,-4.682500
55.467201,-4.678300
55.463902,-4.675000
55.461102,-4.670800
55.456902,-4.668100
55.453602,-4.664700
55.449402,-4.661900
55.445301,-4.659200
55.441399,-4.656400
55.436401,-4.654400
55.431702,-4.652500
55.426102,-4.651100
55.419998,-4.650300
55.413898,-4.649700
55.406898,-4.649700
55.400799,-4.649200
55.397499,-4.645600
55.397499,-4.640000
55.396099,-4.634700
55.391899,-4.631900
55.385799,-4.631100
55.380299,-4.629700
55.376099,-4.627200
55.374699,-4.623100
55.378899,-4.620300
55.383099,-4.618900
55.389198,-4.618300
55.393299,-4.615600
55.395302,-4.610800
55.396099,-4.604700
55.399399,-4.601100
55.404202,-4.599200
55.409698,-4.597800
55.416698,-4.597800
55.421398,-4.599700
55.426899,-4.601100
55.431702,-4.599200
55.433899,-4.594400
55.435001,-4.588900
55.436401,-4.583300
55.438599,-4.578600
55.439201,-4.572500
55.441399,-4.567800
55.443298,-4.562800
55.445301,-4.558100
55.449402,-4.555600
55.454399,-4.553300
55.459202,-4.551400
55.463902,-4.551400
55.468601,-4.551900
55.472198,-4.555600
55.474998,-4.559400
55.474998,-4.565000
55.472801,-4.569700
55.470798,-4.574400
55.470798,-4.580000
55.472801,-4.584700
55.472801,-4.590300
55.470798,-4.595000
55.470001,-4.601100
55.468601,-4.606700
55.470001,-4.612200
55.472801,-4.616100
55.475601,-4.620300
55.478901,-4.623600
55.482498,-4.627200
55.486401,-4.629700
55.490601,-4.632800
55.495602,-4.634700
55.500301,-4.636700
55.504398,-4.639400
55.508301,-4.642200
55.512501,-4.645000
55.516701,-4.647800
55.520802,-4.650300
55.526402,-4.651700
55.530300,-4.654400
55.533901,-4.657800
55.537201,-4.661400
55.539200,-4.666100
55.540001,-4.672200
55.540600,-4.678300
55.540600,-4.683900
55.540001,-4.690000
55.538601,-4.695600
55.538101,-4.701700
55.537201,-4.707800
55.536701,-4.713900
55.536701,-4.720800
55.535301,-4.726100
55.534401,-4.732200
55.533901,-4.738600
55.533100,-4.744700
55.533100,-4.751400
55.533901,-4.757500
55.535301,-4.763100
55.538101,-4.767200
55.540001,-4.771900
55.542801,-4.776100
55.546101,-4.779400
55.548302,-4.784200
55.544701,-4.787800
55.538601,-4.788300
55.532501,-4.789200
# Triangles
47,46,45
57,49,48
47,43,48
44,47,45
47,44,43
43,65,48
64,57,48
52,51,54
54,53,52
51,55,54
55,50,56
50,55,51
56,50,49
49,57,56
42,65,43
33,32,31
35,34,33
36,35,95
101,31,29
31,30,29
35,33,96
31,98,33
40,39,91
65,41,40
39,38,91
93,37,94
92,91,38
38,93,92
94,37,36
38,37,93
65,42,41
29,28,26
91,66,40
59,58,60
61,60,58
58,62,61
64,62,58
64,63,62
40,66,65
58,57,64
65,64,48
88,70,69
88,69,68
72,71,84
84,73,72
84,71,70
68,67,88
66,90,67
89,88,67
88,85,70
85,88,87
70,85,84
84,83,76
86,85,87
84,75,73
75,84,76
77,76,83
74,73,75
82,81,80
78,80,79
78,83,80
77,83,78
83,82,80
89,67,90
90,66,91
9,8,7
11,10,19
10,9,123
6,5,125
124,7,6
124,9,7
19,10,121
16,15,18
18,17,16
18,15,14
13,12,19
18,14,19
12,11,19
19,14,13
5,4,125
2,1,127
2,127,3
133,127,1
132,131,129
130,129,131
133,132,128
132,129,128
123,9,124
120,19,121
122,10,123
128,127,133
125,3,126
126,3,127
6,125,124
10,122,121
4,3,125
19,120,20
29,26,101
22,21,23
24,23,117
20,23,21
25,103,26
115,25,24
102,26,103
95,35,96
94,36,95
33,97,96
97,33,98
31,99,98
100,99,31
100,31,101
26,102,101
117,23,20
27,26,28
118,117,20
116,24,117
116,115,24
114,25,115
112,25,113
112,111,25
113,25,114
106,105,104
25,104,103
106,104,107
110,107,104
107,109,108
109,107,110
104,25,110
110,25,111
20,119,118
20,120,119
