# Seychelles region 0
58 55
# Outer Vertices
55.770302,-4.349700
55.764702,-4.348300
55.759998,-4.346400
55.754398,-4.345000
55.748901,-4.343600
55.742802,-4.343100
55.737202,-4.341700
55.731899,-4.340300
55.728298,-4.336700
55.728298,-4.331400
55.729198,-4.325300
55.724998,-4.322500
55.718899,-4.321700
55.712799,-4.321100
55.706402,-4.320600
55.701698,-4.318300
55.698299,-4.315000
55.694698,-4.311400
55.692799,-4.306700
55.690800,-4.301900
55.687199,-4.298600
55.685799,-4.293100
55.687199,-4.287500
55.693600,-4.286900
55.697498,-4.284200
55.701099,-4.280800
55.707199,-4.280000
55.711399,-4.282800
55.712799,-4.281400
55.716099,-4.284700
55.718899,-4.288900
55.720798,-4.293600
55.723598,-4.297800
55.726898,-4.301100
55.732498,-4.302800
55.738602,-4.301900
55.742199,-4.298600
55.747501,-4.298600
55.752499,-4.300600
55.755798,-4.304200
55.759201,-4.307500
55.762798,-4.310800
55.766701,-4.313600
55.771702,-4.315600
55.777802,-4.316400
55.783901,-4.316900
55.789398,-4.318300
55.792801,-4.321700
55.791401,-4.325800
55.784698,-4.325800
55.779202,-4.324400
55.774399,-4.326700
55.771702,-4.330600
55.772202,-4.336700
55.775002,-4.340800
55.778301,-4.344400
55.775799,-4.348300
55.770302,-4.349700
# Triangles
32,15,14
16,15,32
16,31,18
17,16,18
31,19,18
32,14,13
8,7,9
10,9,6
33,12,11
10,34,11
35,34,10
13,12,33
6,9,7
34,33,11
22,21,23
23,21,20
23,19,24
27,26,25
25,24,27
23,20,19
31,27,24
31,16,32
28,27,29
30,29,27
27,31,30
31,24,19
13,33,32
53,2,1
54,1,57
10,5,4
52,4,3
10,4,41
3,2,52
54,56,55
54,53,1
53,52,2
52,41,4
54,57,56
42,52,51
39,35,10
10,40,39
36,35,37
38,37,35
35,39,38
41,40,10
49,45,50
49,46,45
48,47,46
49,48,46
42,51,43
45,44,50
51,44,43
41,52,42
44,51,50
10,6,5
