# Equatorial Guinea region 1
25 22
# Outer Vertices
10.022910,2.167367
10.673610,2.167777
11.340380,2.168611
11.348890,1.503055
11.353890,1.001944
10.684440,1.002500
10.014720,1.001944
9.804501,1.002554
9.844719,1.079166
9.721386,1.096666
9.668331,1.082222
9.580555,1.040000
9.551109,1.118611
9.512497,1.133888
9.393888,1.111666
9.357498,1.181666
9.611387,1.586666
9.674444,1.570833
9.633331,1.591666
9.611942,1.660277
9.814442,1.931389
9.772497,2.324721
9.808546,2.346065
9.850828,2.242499
10.022910,2.167367
# Triangles
17,13,12
14,13,15
10,9,12
11,10,12
17,12,9
15,13,16
17,20,19
17,19,18
13,17,16
17,9,8
7,6,8
17,6,20
6,17,8
5,4,3
20,6,5
1,5,3
21,23,22
21,20,23
23,20,0
1,0,20
1,20,5
3,2,1
