# Georgia region 0
179 176
# Outer Vertices
40.006512,43.398197
40.084999,43.555000
40.177502,43.582500
40.261902,43.580002
40.543098,43.508598
40.642502,43.544399
40.692200,43.544201
40.749699,43.504398
40.882500,43.470001
41.044201,43.375000
41.168098,43.387199
41.295601,43.336102
41.393299,43.346100
41.435600,43.296101
41.523102,43.269402
41.564999,43.232201
41.605301,43.220299
41.730598,43.227798
41.822498,43.204201
41.939701,43.217499
42.057800,43.186100
42.120300,43.200298
42.181099,43.235600
42.415298,43.239201
42.478600,43.222801
42.534401,43.181099
42.625801,43.143101
42.701099,43.182499
42.849998,43.179199
42.936401,43.126099
43.021099,43.104401
43.010799,43.056702
43.144699,42.963902
43.213600,42.931702
43.393299,42.899200
43.560600,42.860802
43.670799,42.791100
43.832500,42.748299
43.836102,42.727798
43.735298,42.645302
43.778301,42.603100
43.867500,42.599201
43.969398,42.558102
44.053600,42.618099
44.137798,42.619701
44.220798,42.636902
44.286701,42.712799
44.376900,42.708900
44.549702,42.759399
44.689701,42.736401
44.754700,42.688900
44.797199,42.615799
44.808300,42.665298
44.855000,42.743301
44.886700,42.760300
44.941101,42.757801
45.060299,42.692501
45.158901,42.705799
45.241901,42.650799
45.351700,42.529400
45.552799,42.550301
45.700600,42.516102
45.756901,42.482201
45.638599,42.228901
45.647499,42.204700
45.738899,42.173599
45.809200,42.123901
45.910301,42.105000
45.960602,42.023899
46.010799,42.043098
46.039200,42.023300
46.078098,42.034199
46.103901,41.994202
46.240002,42.001400
46.320000,41.938900
46.394199,41.940601
46.452087,41.896572
46.420601,41.837799
46.331902,41.759201
46.218899,41.757198
46.198101,41.724998
46.201698,41.659401
46.237202,41.595001
46.256699,41.589401
46.264999,41.611900
46.282799,41.615299
46.286400,41.589199
46.324200,41.593601
46.347198,41.570801
46.343601,41.557499
46.299198,41.550301
46.335300,41.516899
46.330002,41.485298
46.413601,41.462502
46.499199,41.397202
46.593300,41.379398
46.621101,41.365002
46.628300,41.340000
46.693901,41.312199
46.710800,41.255299
46.669998,41.154999
46.622501,41.100601
46.572201,41.108101
46.545300,41.095299
46.520802,41.049999
46.483898,41.055599
46.440300,41.096401
46.378300,41.104198
46.243301,41.205601
46.140301,41.203899
46.031399,41.170300
45.813099,41.226398
45.708599,41.290298
45.719700,41.320599
45.770599,41.343300
45.538300,41.398602
45.476700,41.440800
45.401100,41.428299
45.336700,41.462502
45.278900,41.455601
45.022499,41.298599
44.955299,41.261700
44.833900,41.286900
44.821899,41.261902
44.877800,41.228600
44.863602,41.214699
44.711399,41.212799
44.634399,41.231701
44.577499,41.186401
44.554199,41.186401
44.529202,41.214199
44.460800,41.186401
44.365601,41.219700
44.301899,41.195000
44.192799,41.236401
44.178299,41.199200
44.157501,41.188301
44.070000,41.191700
43.985600,41.163101
43.862499,41.162201
43.782200,41.115799
43.561699,41.136398
43.473240,41.106213
43.473042,41.143040
43.375259,41.202209
43.233040,41.178322
43.199421,41.255260
43.123600,41.255260
43.207760,41.306931
43.160809,41.312759
42.888599,41.508041
42.847210,41.473042
42.786381,41.510269
42.831928,41.583321
42.726372,41.591091
42.588039,41.576382
42.506649,41.441929
42.366928,41.460270
41.954990,41.516380
41.833321,41.428322
41.531200,41.523479
41.736370,41.741650
41.762489,41.992210
41.654148,42.135540
41.644989,42.224430
41.553322,42.385818
41.522491,42.561378
41.438599,42.731659
41.364159,42.759159
41.155819,42.789150
41.094711,42.850819
41.072769,42.928051
40.830540,43.071930
40.674160,43.087769
40.384708,43.165539
40.326382,43.141930
40.218349,43.318901
40.051380,43.370270
40.006512,43.398197
# Triangles
160,159,161
157,162,158
158,161,159
157,156,155
147,146,148
150,152,151
153,152,150
150,148,153
155,162,157
166,165,164
15,168,167
171,169,168
18,167,166
161,158,162
26,162,155
155,154,26
164,163,162
164,162,26
164,20,166
32,154,153
148,150,149
142,141,143
144,143,141
145,144,146
141,139,144
139,138,137
140,139,141
134,137,136
42,139,137
144,139,148
135,134,136
148,139,40
37,39,38
39,153,40
33,153,39
146,144,148
40,153,148
40,42,41
42,134,44
44,43,42
134,45,44
42,40,139
134,42,137
39,37,36
176,175,174
4,176,174
1,177,176
4,174,173
171,168,13
9,172,171
11,13,12
13,11,171
10,171,11
170,169,171
173,172,8
3,2,176
176,4,3
177,1,178
176,2,1
8,7,173
10,9,171
5,7,6
5,4,7
4,173,7
8,172,9
29,31,30
31,29,26
25,21,164
28,26,29
27,26,28
31,26,32
39,35,34
34,33,39
26,25,164
26,154,32
18,166,20
16,167,17
16,15,167
19,18,20
15,14,13
168,15,13
21,20,164
24,23,25
21,23,22
21,25,23
167,18,17
153,33,32
35,39,36
132,131,130
132,130,127
132,45,134
129,128,130
123,126,125
125,124,123
126,122,127
45,132,127
128,127,130
123,122,126
119,118,64
120,119,122
120,122,121
51,127,122
112,114,113
114,112,111
68,116,115
117,116,118
68,115,114
64,118,116
51,122,119
108,107,94
109,108,92
114,109,82
94,107,106
105,104,103
105,103,106
102,101,100
106,102,94
102,106,103
97,102,100
108,93,92
92,82,109
90,92,91
110,109,114
110,114,111
97,99,98
97,94,102
97,95,94
95,97,96
108,94,93
99,97,100
82,92,90
60,59,63
47,45,51
51,119,59
59,56,51
58,56,59
51,45,127
64,66,65
66,64,116
63,62,61
63,61,60
64,63,59
64,59,119
51,48,47
51,50,49
51,49,48
47,46,45
55,52,56
56,52,51
57,56,58
53,55,54
55,53,52
82,90,83
80,68,114
80,79,72
68,66,116
86,90,87
86,83,90
87,89,88
86,85,84
86,84,83
87,90,89
68,72,70
68,80,72
70,72,71
68,70,69
68,67,66
74,78,77
75,77,76
72,79,73
75,74,77
79,74,73
78,74,79
80,114,81
82,81,114
132,134,133
