# Laos region 0
309 306
# Outer Vertices
101.152397,21.564671
101.151802,21.570860
101.208900,21.558611
101.193604,21.412769
101.265297,21.376110
101.234398,21.256390
101.281898,21.180269
101.605003,21.234989
101.605499,21.182211
101.717499,21.148050
101.784698,21.142771
101.851097,21.245541
101.740501,21.313610
101.799698,21.584160
101.828903,21.630550
101.752502,21.724440
101.784698,21.824989
101.613899,22.028879
101.570000,22.279160
101.635201,22.305269
101.689400,22.470270
101.768898,22.500830
101.823303,22.466930
101.866096,22.390270
101.894699,22.384159
101.994698,22.448601
102.105797,22.437490
102.140503,22.395889
102.267502,22.217770
102.419403,22.120550
102.505501,21.962210
102.640503,21.863050
102.671097,21.662491
102.746902,21.666380
102.817497,21.733601
102.807198,21.828051
102.828903,21.847771
102.858299,21.826941
102.861397,21.718321
102.939400,21.724710
102.964996,21.748880
102.988899,21.682770
102.961899,21.544161
102.875000,21.432770
102.943802,21.454710
102.900497,21.302771
102.822998,21.260830
102.916603,21.234440
102.966904,21.078609
103.030800,21.059999
103.166397,20.850830
103.416901,20.794161
103.448601,20.827770
103.687202,20.658331
103.738297,20.669991
103.729401,20.724159
103.789398,20.748600
103.803596,20.845831
104.076897,20.958321
104.109100,20.977209
104.348000,20.834440
104.585297,20.673880
104.643600,20.660271
104.551102,20.516380
104.470802,20.537220
104.381302,20.460550
104.388603,20.438610
104.510498,20.408051
104.602501,20.419710
104.706902,20.345551
104.713898,20.290270
104.678802,20.280550
104.680496,20.218880
104.934998,20.185551
104.980797,20.018600
104.959999,19.986931
104.852501,19.945271
104.778801,19.874161
104.846100,19.853319
104.836403,19.791380
104.661598,19.668880
104.644997,19.615549
104.523003,19.604710
104.413597,19.693331
104.320602,19.661501
104.308601,19.686939
104.164101,19.688320
104.139099,19.659990
104.040398,19.694441
104.036598,19.611099
104.122498,19.497219
104.069801,19.409830
103.987701,19.399160
103.879097,19.293430
103.964699,19.253611
104.223900,19.132490
104.453598,18.981100
104.520798,18.979429
104.672203,18.836941
104.957497,18.738880
105.134399,18.706381
105.193802,18.642490
105.189697,18.602489
105.149399,18.599720
105.103302,18.466930
105.131897,18.409990
105.191597,18.378330
105.184998,18.318331
105.383003,18.160271
105.433601,18.207769
105.499702,18.179991
105.624702,17.947769
105.614998,17.871380
105.736397,17.717489
105.785004,17.659439
105.858597,17.620550
106.043602,17.402769
106.211601,17.261660
106.253601,17.245819
106.287498,17.293890
106.335503,17.234159
106.361397,17.135550
106.471100,16.982491
106.561096,16.996941
106.556297,16.899981
106.586800,16.627090
106.633003,16.604990
106.674400,16.478600
106.734703,16.430550
106.784203,16.453560
106.848000,16.537220
106.885201,16.532490
106.898300,16.449989
106.907204,16.392490
106.989098,16.297770
107.091103,16.301941
107.148903,16.260830
107.154404,16.197769
107.334099,16.056940
107.460503,16.082491
107.466599,16.008890
107.398300,15.913890
107.206596,15.861390
107.175003,15.795000
107.187698,15.759440
107.253601,15.726390
107.261597,15.650270
107.459099,15.511110
107.620003,15.342770
107.695198,15.270830
107.580002,15.044160
107.479698,15.037780
107.477997,14.973610
107.584702,14.899440
107.545799,14.836940
107.513603,14.803610
107.545898,14.704960
107.529404,14.693610
107.454102,14.557770
107.422501,14.545550
107.326599,14.606940
107.296097,14.598610
107.278000,14.559720
107.108902,14.401110
107.050201,14.443050
106.997498,14.363880
106.838303,14.312500
106.733597,14.442500
106.627701,14.466940
106.541702,14.598980
106.433296,14.523330
106.438301,14.487500
106.332397,14.445320
106.251099,14.493330
106.246902,14.446390
106.209702,14.375550
106.028297,14.360270
105.993896,14.343330
106.041603,14.224720
106.101898,14.186660
106.174400,14.050280
106.091904,13.920000
105.939102,13.926940
105.857002,14.000240
105.849197,14.007220
105.732399,14.111490
105.598297,14.151660
105.517197,14.140830
105.364098,14.109440
105.209999,14.284440
105.210403,14.352560
105.441902,14.432220
105.537804,14.577770
105.521400,14.790000
105.619102,14.991660
105.468903,15.125000
105.493599,15.205270
105.596397,15.274720
105.587997,15.335520
105.483002,15.341660
105.483002,15.376940
105.599998,15.433050
105.634399,15.594720
105.632500,15.678610
105.596397,15.728050
105.426903,15.775830
105.349701,15.938050
105.406898,15.992220
105.411903,16.018600
105.182999,16.058880
105.046600,16.128599
105.021599,16.236380
104.939697,16.322491
104.746101,16.531111
104.768898,16.697491
104.752998,16.887779
104.809402,17.193880
104.789398,17.414721
104.666397,17.542490
104.444397,17.673321
104.260803,17.881941
104.150002,18.060829
103.995796,18.307501
103.949997,18.330549
103.868599,18.279989
103.675797,18.351940
103.397202,18.434990
103.281601,18.407221
103.236603,18.346661
103.282501,18.298880
103.170502,18.247770
103.140800,18.165270
103.090103,18.137409
103.067200,18.024990
103.018600,17.978609
102.938599,18.003599
102.671600,17.861940
102.666603,17.802500
102.589104,17.844999
102.612701,17.918600
102.590302,17.957769
102.293297,18.052219
102.176399,18.195551
102.105499,18.210270
101.890297,18.030001
101.831596,18.053890
101.772499,18.054440
101.726898,17.909161
101.620796,17.881941
101.559097,17.814791
101.557999,17.784719
101.390503,17.692490
101.230003,17.527531
101.152199,17.461100
101.099098,17.498051
100.918900,17.568890
100.910202,17.596380
100.962502,17.667210
100.980499,17.764999
101.030296,17.836109
101.190804,18.057770
101.151604,18.257771
101.180496,18.333599
101.091599,18.376940
101.062202,18.454439
101.139999,18.527491
101.268898,18.686939
101.228600,18.729160
101.254402,18.784990
101.351898,19.051661
101.287201,19.107500
101.202797,19.390829
101.285202,19.521379
101.269402,19.579161
101.219101,19.595551
101.190002,19.568609
101.032204,19.619440
100.894699,19.619711
100.775299,19.484440
100.636597,19.550550
100.574997,19.493610
100.484398,19.544720
100.406097,19.764441
100.483299,19.858049
100.581100,20.157619
100.520500,20.144991
100.452797,20.193331
100.376099,20.344160
100.308601,20.393600
100.250000,20.379160
100.159698,20.234989
100.097198,20.256100
100.092300,20.349291
100.096603,20.358330
100.186096,20.653320
100.376099,20.828051
100.515800,20.803881
100.570503,20.817770
100.648003,20.873600
100.633598,20.891380
100.538002,20.866940
100.513298,20.887770
100.545502,21.025270
100.609100,21.042770
100.732201,21.314159
100.834702,21.302490
101.005203,21.400829
101.161598,21.530550
101.152397,21.564671
# Triangles
256,255,257
258,257,252
254,257,255
252,259,258
264,263,265
263,262,265
257,254,252
254,253,252
246,266,262
260,262,261
251,260,259
260,246,262
266,265,262
266,268,267
266,269,268
271,270,272
252,251,259
279,283,282
281,279,282
292,291,290
284,287,286
292,290,293
286,285,284
277,283,279
279,278,277
284,277,276
284,283,277
275,274,276
284,274,6
276,274,284
297,287,284
273,272,50
279,281,280
274,273,9
270,269,272
251,250,249
248,260,249
248,246,260
247,246,248
243,245,244
243,246,245
246,243,266
238,236,239
236,238,237
240,239,235
235,239,236
235,234,233
240,232,230
233,232,235
235,232,240
240,242,241
232,231,230
269,243,242
230,242,240
242,230,228
229,228,230
242,227,269
227,242,228
93,227,226
227,93,272
93,226,225
224,223,225
269,266,243
225,94,93
94,225,223
223,95,94
93,92,89
89,88,93
89,92,90
92,91,90
54,88,66
222,96,223
272,93,50
272,269,227
260,251,249
93,88,50
294,293,289
289,288,294
290,289,293
294,288,296
301,299,302
299,301,300
295,294,296
287,296,288
302,299,303
305,303,298
297,296,287
298,303,299
6,274,9
284,298,297
298,6,305
8,7,6
9,8,6
298,284,6
10,9,273
6,5,305
305,304,303
5,3,306
306,305,5
3,5,4
1,0,2
307,3,2
3,307,306
307,2,0
16,15,14
24,17,16
13,12,11
23,19,17
19,18,17
20,22,21
23,22,20
23,20,19
46,48,47
46,11,10
50,49,48
10,48,46
11,46,32
43,46,45
44,43,45
32,46,43
33,43,42
52,51,53
51,50,88
55,54,56
58,56,60
53,88,54
58,57,56
54,65,56
58,60,59
48,10,50
50,10,273
28,24,16
16,30,28
30,29,28
32,31,30
30,14,32
23,17,24
25,27,26
27,25,24
24,28,27
14,30,16
33,32,43
38,41,39
38,33,42
39,41,40
42,41,38
34,33,38
35,34,37
35,37,36
34,38,37
14,11,32
11,14,13
88,53,51
87,86,88
188,187,191
177,186,185
190,189,191
191,186,192
191,189,188
177,192,186
187,186,191
185,184,178
183,182,179
180,179,182
180,182,181
183,179,178
177,176,192
175,174,176
185,178,177
192,176,193
178,184,183
173,194,176
206,205,207
204,207,205
211,210,209
204,208,207
209,208,211
116,211,208
195,194,196
197,196,194
197,194,169
198,197,201
193,176,194
199,198,200
169,202,201
143,203,202
200,198,201
125,208,204
201,197,169
203,127,204
176,174,173
166,165,167
169,167,164
173,170,169
173,172,170
170,172,171
169,168,167
202,169,144
167,165,164
164,163,162
160,159,158
164,162,161
152,161,160
155,157,156
157,155,160
160,158,157
161,152,169
161,169,164
155,152,160
143,128,203
145,144,146
169,146,144
143,142,134
135,137,136
137,135,134
142,138,137
137,134,142
138,141,140
141,138,142
202,144,143
151,147,146
153,152,154
152,155,154
151,150,148
138,140,139
149,148,150
147,151,148
146,169,151
152,151,169
169,194,173
128,143,134
96,222,98
98,221,104
220,104,221
96,98,97
83,85,84
223,96,95
86,85,66
221,98,222
116,215,214
116,216,215
213,212,214
82,81,80
218,107,219
107,220,219
218,217,108
83,82,80
67,66,72
65,54,66
71,68,67
66,85,72
60,65,64
56,65,60
64,63,61
62,61,63
64,61,60
83,72,85
77,79,78
77,83,80
76,74,73
77,76,72
72,76,73
68,71,69
70,69,71
67,72,71
77,72,83
80,79,77
217,216,113
88,86,66
117,116,208
124,122,125
124,123,122
122,121,208
118,117,121
118,120,119
120,118,121
208,121,117
211,116,212
129,128,133
133,132,129
133,128,134
203,128,127
129,132,130
126,125,127
130,132,131
208,125,122
125,204,127
99,98,104
106,105,107
220,107,105
104,103,99
100,99,103
102,101,103
100,103,101
75,74,76
220,105,104
107,218,108
114,116,115
114,216,116
113,112,217
108,110,109
110,108,111
108,112,111
112,108,217
114,113,216
212,116,214
