# St. Christopher-Nevis region 1
128 125
# Outer Vertices
-62.653900,17.208900
-62.659401,17.211100
-62.661701,17.215599
-62.662201,17.221100
-62.662800,17.226900
-62.662498,17.233101
-62.662201,17.239201
-62.664398,17.243601
-62.666698,17.248301
-62.668900,17.252800
-62.671101,17.257200
-62.674198,17.261101
-62.677200,17.264999
-62.681099,17.268299
-62.684700,17.271700
-62.688599,17.275000
-62.692501,17.278299
-62.697201,17.280800
-62.701900,17.283600
-62.707500,17.285801
-62.713902,17.286100
-62.719700,17.285601
-62.724998,17.284201
-62.731701,17.284401
-62.738098,17.284700
-62.744999,17.285601
-62.752499,17.286699
-62.759399,17.287500
-62.765800,17.289200
-62.771900,17.290800
-62.778301,17.292200
-62.783100,17.295000
-62.788601,17.297199
-62.793301,17.299999
-62.797199,17.303301
-62.799999,17.307199
-62.803101,17.311100
-62.805599,17.315599
-62.810001,17.318300
-62.816399,17.319700
-62.823601,17.320801
-62.830601,17.321899
-62.835300,17.324400
-62.839199,17.327801
-62.841400,17.332500
-62.844200,17.336399
-62.845798,17.341400
-62.847198,17.346399
-62.848301,17.351400
-62.849701,17.356400
-62.853901,17.359699
-62.857800,17.363100
-62.861698,17.366400
-62.863899,17.370800
-62.860802,17.375299
-62.857498,17.378901
-62.856400,17.385799
-62.852798,17.389400
-62.849400,17.393101
-62.845299,17.396099
-62.841400,17.398899
-62.838600,17.401899
-62.833099,17.400000
-62.828602,17.400600
-62.824402,17.403601
-62.821098,17.407200
-62.817501,17.410801
-62.812801,17.409401
-62.809700,17.405600
-62.805801,17.402201
-62.801899,17.399200
-62.796398,17.396900
-62.791100,17.394699
-62.784698,17.393101
-62.779999,17.390301
-62.774399,17.388300
-62.769699,17.385599
-62.764400,17.383301
-62.759701,17.380600
-62.755001,17.377800
-62.751099,17.374399
-62.745602,17.372499
-62.740299,17.370300
-62.734699,17.368099
-62.730000,17.365299
-62.726398,17.361900
-62.723099,17.358101
-62.720798,17.353600
-62.719398,17.348600
-62.716702,17.344700
-62.710800,17.342501
-62.706402,17.339701
-62.701698,17.336901
-62.698601,17.333099
-62.697201,17.328100
-62.696701,17.322500
-62.695301,17.317499
-62.693901,17.312500
-62.692501,17.307199
-62.690300,17.302799
-62.688099,17.298300
-62.685799,17.293900
-62.682800,17.290001
-62.679699,17.286100
-62.676102,17.282801
-62.672199,17.279400
-62.667500,17.276699
-62.662498,17.273899
-62.658901,17.270800
-62.654999,17.267500
-62.652199,17.263599
-62.648899,17.259399
-62.645000,17.256399
-62.641399,17.253099
-62.638100,17.249201
-62.632801,17.246901
-62.626400,17.245300
-62.622501,17.241899
-62.621399,17.236900
-62.620602,17.231400
-62.621700,17.224400
-62.625301,17.220800
-62.630001,17.218901
-62.635799,17.218100
-62.640301,17.216101
-62.644402,17.213301
-62.649200,17.211100
-62.653900,17.208900
# Triangles
42,44,43
41,44,42
39,38,72
40,44,41
40,39,46
71,48,39
47,39,48
50,55,51
55,50,49
45,44,46
46,44,40
47,46,39
49,48,71
76,38,37
29,28,88
31,30,29
88,82,29
89,26,25
26,88,27
27,88,28
24,89,25
34,33,35
37,35,80
35,33,32
35,31,80
29,80,31
82,88,83
31,35,32
35,37,36
24,23,89
83,85,84
53,52,54
54,52,51
58,49,59
56,55,57
58,57,49
49,57,55
51,55,54
60,62,61
62,60,59
49,62,59
67,65,68
67,66,65
68,65,64
69,64,63
63,62,49
80,79,78
76,37,77
77,37,78
37,80,78
80,29,81
82,81,29
38,74,72
49,70,63
69,68,64
70,69,63
75,74,76
73,72,74
39,72,71
71,70,49
38,76,74
88,85,83
124,5,4
125,4,3
2,1,126
6,5,114
2,126,3
7,6,112
111,8,7
106,12,11
105,13,12
108,11,10
110,9,111
109,10,110
111,9,8
110,10,9
10,109,108
127,126,1
125,124,4
5,123,114
5,124,123
122,121,119
120,119,121
123,122,118
122,119,118
112,6,113
7,112,111
114,113,6
118,117,116
116,115,118
115,114,123
123,118,115
125,3,126
23,21,89
96,21,20
95,21,96
99,19,18
21,95,89
18,17,101
19,98,20
91,95,94
88,26,89
86,85,87
85,88,87
92,91,94
89,95,90
95,91,90
93,92,94
22,21,23
15,14,104
103,15,104
15,103,16
14,105,104
105,12,106
14,13,105
107,106,11
11,108,107
19,99,98
20,97,96
20,98,97
103,102,16
100,18,101
102,101,16
100,99,18
17,16,101
