# St. Christopher-Nevis region 0
61 58
# Outer Vertices
-62.584999,17.091700
-62.591400,17.091900
-62.597198,17.092800
-62.603298,17.094200
-62.610600,17.095301
-62.614201,17.098600
-62.617199,17.102501
-62.619701,17.106899
-62.621899,17.111401
-62.623901,17.115801
-62.625301,17.120800
-62.626099,17.126699
-62.625801,17.132799
-62.625599,17.139200
-62.624401,17.145800
-62.623600,17.151100
-62.621899,17.157200
-62.620300,17.163300
-62.618099,17.168600
-62.615799,17.173901
-62.613602,17.178900
-62.611401,17.184200
-62.610001,17.191099
-62.610001,17.197201
-62.607201,17.201700
-62.601398,17.200800
-62.599701,17.197201
-62.592800,17.196100
-62.587502,17.197500
-62.582802,17.199699
-62.576099,17.199400
-62.570801,17.197201
-62.566101,17.194401
-62.561401,17.191700
-62.555302,17.190300
-62.548599,17.190001
-62.544701,17.186701
-62.542500,17.182199
-62.541401,17.176901
-62.540600,17.171400
-62.540001,17.165800
-62.539398,17.160299
-62.538101,17.155001
-62.536701,17.150000
-62.535301,17.145000
-62.534698,17.139400
-62.534199,17.133600
-62.534401,17.127501
-62.535301,17.120800
-62.537201,17.114700
-62.538601,17.108601
-62.541401,17.104200
-62.544399,17.099701
-62.547798,17.096100
-62.552799,17.094200
-62.558300,17.094700
-62.563599,17.096901
-62.570301,17.097200
-62.575600,17.095800
-62.580299,17.093901
-62.584999,17.091700
# Triangles
10,9,8
12,10,58
11,10,12
13,58,14
58,13,12
8,58,10
3,2,8
8,2,59
1,59,2
5,3,6
4,3,5
6,3,7
3,8,7
42,15,14
18,41,19
18,17,41
33,27,19
27,21,20
19,27,20
15,42,16
23,22,26
26,22,21
27,26,21
23,26,25
24,23,25
17,16,41
27,32,28
30,29,28
60,59,1
52,55,54
14,57,42
53,52,54
56,55,52
57,56,48
58,57,14
51,49,56
50,49,51
56,49,48
57,48,47
46,57,47
46,45,57
56,52,51
45,43,57
34,36,35
37,36,34
30,28,31
33,32,27
32,31,28
39,34,33
19,41,33
42,57,43
41,16,42
37,34,38
38,34,39
40,39,33
40,33,41
45,44,43
58,8,59
