# Netherlands region 1
129 126
# Outer Vertices
5.855465,51.147820
5.457777,51.280540
5.238888,51.262211
5.237499,51.308319
5.143888,51.318600
5.077222,51.395260
5.104444,51.434978
5.041388,51.486649
4.940276,51.401371
4.782777,51.414700
4.816387,51.425541
4.844722,51.461369
4.825832,51.492210
4.769166,51.502769
4.671665,51.427479
4.541944,51.426651
4.549443,51.482761
4.411666,51.456928
4.396667,51.416931
4.437777,51.375259
4.413054,51.358040
4.239443,51.374149
4.236443,51.368771
4.200277,51.408039
4.066388,51.414150
3.983611,51.456379
3.930277,51.448601
3.906666,51.399990
3.744166,51.414711
3.691389,51.458599
3.580277,51.443600
3.452500,51.521099
3.446389,51.541931
3.568889,51.597210
3.862500,51.602211
3.903611,51.568878
4.111111,51.443600
4.277222,51.445271
4.293611,51.468319
4.266944,51.508320
3.995555,51.579430
4.027499,51.601101
4.208611,51.589989
4.153889,51.614429
3.995555,51.618038
3.899167,51.635269
3.828611,51.691380
3.720555,51.672489
3.687778,51.689430
3.693611,51.720829
3.870236,51.785900
4.064166,51.857491
4.026111,51.884159
4.052221,51.915272
4.021111,51.988041
4.111111,51.985538
4.435833,52.246658
4.588611,52.489429
4.719444,52.890820
4.734166,52.955540
4.820555,52.960819
4.808611,52.924160
4.872499,52.897209
5.085833,52.955269
5.378611,53.091648
5.442499,53.211929
5.703610,53.327492
5.914997,53.384151
6.092500,53.410820
6.303611,53.395821
6.741944,53.465820
6.871388,53.431931
6.901667,53.350269
7.073889,53.288052
7.096389,53.254711
7.209444,53.242760
7.198888,52.967758
7.069721,52.814991
7.055277,52.651920
7.035832,52.632759
6.781666,52.654148
6.720833,52.629429
6.760833,52.567211
6.690276,52.551929
6.705555,52.485821
6.946110,52.434429
6.987499,52.461102
7.065555,52.385818
7.052499,52.235821
6.879721,52.153591
6.860555,52.120258
6.697498,52.069981
6.688054,52.038879
6.800554,52.007210
6.830832,51.971371
6.727777,51.899429
6.548888,51.885262
6.380277,51.829990
6.159721,51.905540
6.137777,51.876930
6.169721,51.841930
5.961944,51.830269
5.968888,51.791100
5.954999,51.738590
6.039165,51.716930
6.029444,51.678600
6.116110,51.651920
6.093055,51.607208
6.217499,51.476372
6.222221,51.361660
6.073889,51.220539
6.079444,51.175819
6.167221,51.162762
5.952222,51.036652
5.873888,51.050259
5.869443,51.018879
5.965833,50.978321
6.028333,50.976650
6.010833,50.943600
6.084722,50.873600
5.981666,50.802761
6.008407,50.756069
5.698609,50.757771
5.683742,50.882191
5.759166,50.949150
5.722776,50.965260
5.775832,51.021099
5.802776,51.093319
5.855465,51.147820
# Triangles
27,26,28
24,23,36
23,21,37
18,21,20
22,21,23
21,18,37
29,28,34
25,35,26
28,26,35
30,29,33
37,36,23
39,38,17
38,37,18
18,17,38
36,25,24
18,20,19
10,9,8
10,8,11
3,1,6
6,5,4
4,3,6
15,14,16
42,17,16
13,16,14
8,7,11
13,12,56
7,12,11
101,57,7
56,12,7
7,6,101
13,56,16
32,31,33
29,34,33
31,30,33
25,36,35
51,50,44
34,28,35
48,47,49
49,46,50
46,49,47
45,44,50
45,50,46
55,51,42
51,44,43
55,53,51
51,43,42
51,53,52
39,17,42
39,42,41
42,16,56
57,56,7
42,56,55
39,41,40
58,61,59
61,58,62
60,59,61
63,62,57
66,65,64
63,57,101
58,57,62
101,64,63
55,54,53
3,2,1
123,122,124
125,124,126
122,120,124
116,115,124
126,115,114
126,124,115
124,120,116
122,121,120
127,114,0
1,0,103
114,113,0
127,126,114
0,105,103
102,101,103
113,111,0
101,6,103
98,64,101
116,120,118
110,0,111
118,120,119
107,0,110
111,113,112
110,109,108
107,106,105
105,104,103
105,0,107
100,99,101
107,110,108
116,118,117
101,99,98
91,98,96
96,98,97
98,84,83
92,91,96
96,95,92
83,66,64
93,95,94
91,84,98
89,84,91
93,92,95
68,67,83
81,69,68
66,83,67
83,81,68
72,81,80
69,81,72
69,72,70
83,82,81
64,98,83
91,90,89
85,84,89
85,89,88
87,86,85
87,85,88
77,80,79
72,80,77
70,72,71
77,74,72
79,78,77
76,75,74
73,72,74
74,77,76
6,1,103
