# Estonia region 2
159 156
# Outer Vertices
28.006678,59.481701
28.170300,59.397800
28.193899,59.375801
28.189199,59.352501
28.007500,59.336102
28.097200,59.308102
27.896900,59.286098
27.880600,59.276100
27.886700,59.254200
27.863300,59.228901
27.844200,59.159698
27.792200,59.063301
27.725000,58.987801
27.493601,58.881901
27.423100,58.801399
27.542500,58.413898
27.539200,58.361698
27.464701,58.297798
27.474199,58.213902
27.554199,58.132801
27.673300,58.078899
27.676701,58.050800
27.642500,58.027802
27.670000,58.009701
27.698299,57.996899
27.683901,57.926399
27.805300,57.891102
27.821100,57.865799
27.735001,57.835602
27.545799,57.817799
27.572800,57.802799
27.516399,57.773300
27.526699,57.722801
27.413099,57.690601
27.390800,57.658901
27.415001,57.636398
27.405800,57.613602
27.348101,57.595600
27.371099,57.536400
27.338301,57.522800
27.245001,57.549198
27.087200,57.562199
27.018600,57.611401
26.910000,57.619202
26.890800,57.633900
26.864401,57.625801
26.829201,57.582500
26.760799,57.571098
26.719400,57.581699
26.635000,57.555801
26.608900,57.526901
26.561100,57.536098
26.517200,57.524399
26.460300,57.570599
26.299200,57.611401
26.180300,57.721901
26.037500,57.784698
26.028601,57.802200
26.046700,57.840302
26.031401,57.849998
25.801399,57.865799
25.749201,57.931099
25.622801,57.916401
25.577200,57.942200
25.576401,57.966900
25.461100,57.994400
25.421700,58.035599
25.348301,58.036701
25.301701,58.083099
25.263100,58.069199
25.296900,58.038101
25.294399,58.007500
25.232500,57.992802
25.206100,58.031700
25.170000,58.074402
25.091700,58.071701
24.968100,58.014400
24.885300,58.007500
24.827499,57.980000
24.754200,58.000801
24.717800,57.958900
24.553600,57.954700
24.453100,57.913300
24.420300,57.874401
24.310049,57.870831
24.460831,58.069439
24.472771,58.247211
24.542500,58.284431
24.559441,58.320541
24.517780,58.353039
24.419720,58.386662
24.326111,58.384708
24.238050,58.271381
24.146660,58.270260
24.110550,58.232208
23.937771,58.325821
23.731939,58.346661
23.671671,58.536652
23.500000,58.559429
23.495550,58.694149
23.538891,58.746101
23.808331,58.729988
23.791389,58.800819
23.429440,58.762489
23.527500,58.823040
23.416109,58.910549
23.431110,58.939430
23.637779,58.970539
23.611940,59.010269
23.540831,58.967209
23.407221,59.018600
23.433050,59.059158
23.499720,59.084991
23.526390,59.106930
23.464161,59.206379
23.510830,59.228321
23.738609,59.232769
23.742220,59.278599
24.090000,59.275829
24.100281,59.303879
24.020000,59.362770
24.037220,59.390541
24.081110,59.392208
24.199169,59.342770
24.223610,59.358318
24.167770,59.412491
24.246941,59.398602
24.318890,59.425819
24.329170,59.464161
24.394720,59.474991
24.650829,59.436100
24.622219,59.467770
24.689720,59.489429
24.730829,59.447769
24.783609,59.448040
24.816940,59.488880
24.787220,59.514992
24.790001,59.566662
25.404591,59.490292
25.545561,59.533871
25.469440,59.648319
25.492769,59.664150
25.642780,59.565269
25.700830,59.568321
25.715269,59.588600
25.684170,59.627769
25.694441,59.668320
25.774719,59.635540
25.793329,59.578602
25.847771,59.574989
25.885559,59.625542
25.951111,59.586929
25.992769,59.629990
26.096109,59.582211
26.650551,59.553322
26.964720,59.444988
27.880550,59.407768
27.961390,59.430820
28.006678,59.481701
# Triangles
91,93,92
94,93,95
82,85,84
85,87,86
79,87,85
85,82,81
84,83,82
97,96,95
98,97,99
99,97,100
97,101,100
93,91,95
118,101,91
91,101,95
90,118,91
130,90,89
95,101,97
81,80,79
79,78,77
79,77,88
79,88,87
61,66,64
64,66,65
70,72,71
88,75,74
88,77,75
134,88,74
73,69,74
75,77,76
67,66,68
69,73,72
69,68,74
68,138,74
69,72,70
89,88,134
66,143,139
79,85,81
138,68,66
106,105,104
111,110,109
104,102,107
116,108,107
111,109,112
107,102,116
107,106,104
102,104,103
112,109,108
113,108,116
113,115,114
115,113,116
112,108,113
118,117,116
120,122,121
119,122,120
118,116,102
101,118,102
119,118,123
125,124,126
126,124,127
90,124,123
123,122,119
128,127,129
130,127,124
133,132,130
127,130,129
134,133,130
123,118,90
90,130,124
137,136,135
131,130,132
140,139,141
141,139,142
74,138,134
137,135,138
134,138,135
134,130,89
66,139,138
64,63,62
52,51,53
55,54,53
51,49,53
50,49,51
45,48,47
55,53,48
49,48,53
46,45,47
61,60,59
66,61,149
153,61,59
45,44,58
56,55,58
58,55,45
56,58,57
59,58,14
45,55,48
58,44,17
40,39,37
42,41,40
18,44,42
40,34,42
38,37,39
34,36,35
36,34,37
37,34,40
33,42,34
33,32,31
31,30,29
31,29,33
18,33,29
28,27,26
26,25,28
29,25,22
25,29,28
33,18,42
44,43,42
24,23,25
155,14,13
155,154,59
14,58,17
14,155,59
59,154,153
142,139,143
149,143,66
15,17,16
15,14,17
44,18,17
155,13,9
144,148,147
148,144,143
145,147,146
147,145,144
149,153,151
149,61,153
151,150,149
152,151,153
148,143,149
23,22,25
22,20,19
20,22,21
19,18,29
11,9,13
9,8,7
10,9,11
9,156,155
7,6,156
4,157,156
4,0,157
4,156,6
7,156,9
1,3,2
1,4,3
4,1,0
4,6,5
13,12,11
22,19,29
61,64,62
