# Estonia region 1
22 19
# Outer Vertices
22.565269,58.686649
22.469721,58.703602
22.476391,58.756939
22.445551,58.838039
22.381941,58.886929
22.077499,58.921379
22.042219,58.939991
22.536390,59.024712
22.640499,59.081791
22.715830,59.069149
22.698601,59.019989
22.733891,59.001381
22.929720,58.982491
23.048050,58.844440
23.021660,58.820541
22.898890,58.834431
22.884439,58.779709
22.784439,58.775829
22.829170,58.818321
22.775829,58.818600
22.666941,58.705269
22.565269,58.686649
# Triangles
2,21,20
21,2,1
2,20,3
7,3,10
6,5,7
3,7,4
8,7,10
4,7,5
19,3,20
19,10,3
15,18,16
16,18,17
19,18,11
10,19,11
10,9,8
14,12,15
12,14,13
12,11,18
15,12,18
