# Estonia region 0
42 39
# Outer Vertices
22.051661,57.909710
22.000549,57.916931
21.963890,57.981659
21.996670,57.979710
22.082220,58.076649
22.197220,58.137489
21.884439,58.252209
21.856390,58.301659
21.910271,58.297489
21.873610,58.332489
21.899170,58.342770
21.957781,58.314430
21.961390,58.349152
22.007500,58.353321
21.916660,58.457489
21.831940,58.504990
22.000549,58.514992
22.078051,58.420551
22.095831,58.421650
22.098890,58.480549
22.198330,58.549431
22.240280,58.499149
22.286940,58.520821
22.278891,58.556931
22.551390,58.631939
22.723610,58.581661
22.871670,58.617771
23.009451,58.589500
23.278879,58.460541
23.267500,58.429440
23.156380,58.479160
23.028610,58.357769
22.949169,58.381649
22.929440,58.326382
22.825550,58.270260
22.710550,58.260540
22.756941,58.240261
22.734440,58.216381
22.394171,58.223320
22.279160,58.183880
22.202499,57.986099
22.051661,57.909710
# Triangles
8,7,6
11,8,6
10,8,11
1,41,3
41,4,3
5,4,40
5,11,6
4,41,40
1,3,2
11,5,13
9,8,10
15,14,16
13,17,16
17,13,18
21,19,18
13,5,18
13,16,14
11,13,12
18,5,39
21,18,39
38,37,35
35,37,36
24,38,35
39,38,21
35,34,25
32,31,27
33,32,34
32,25,34
22,38,24
24,23,22
21,38,22
20,19,21
30,29,28
35,25,24
30,28,27
32,26,25
32,27,26
30,27,31
39,5,40
