# Nigeria region 0
309 306
# Outer Vertices
13.347780,13.720000
13.625240,13.718210
13.761890,13.524780
13.903180,13.324780
14.074990,13.081590
14.183510,12.469480
14.188050,12.443890
14.173890,12.384160
14.490830,12.335830
14.552770,12.232220
14.657220,12.187220
14.674160,12.150830
14.619160,12.035550
14.649440,11.915000
14.558330,11.715270
14.641110,11.646940
14.646390,11.575830
14.617770,11.505550
14.195830,11.250830
14.158050,11.233610
14.009160,11.283330
13.886660,11.170550
13.637500,10.755830
13.578330,10.682500
13.458610,10.238880
13.470550,10.191660
13.398050,10.111110
13.266390,10.086110
13.243890,10.031660
13.265550,9.984995
13.228330,9.909719
13.251390,9.676941
13.221110,9.555275
13.156390,9.515831
13.052780,9.508331
12.848930,9.360079
12.913610,9.343607
12.908890,9.235273
12.841380,9.085552
12.824160,8.847496
12.794160,8.765831
12.728330,8.759441
12.687500,8.660830
12.568890,8.600552
12.492490,8.628883
12.386390,8.613050
12.421660,8.518608
12.353330,8.430275
12.275270,8.428329
12.247220,8.393887
12.222770,7.974720
12.043610,7.739720
12.043610,7.577776
11.860000,7.402221
11.749720,7.270554
11.894160,7.123054
11.886660,7.078054
11.791390,7.050831
11.587500,6.892220
11.554720,6.821110
11.587770,6.785275
11.562500,6.667498
11.514720,6.604165
11.445000,6.596943
11.388890,6.460277
11.154720,6.433331
11.116940,6.444164
11.073330,6.591109
11.082220,6.697776
11.019160,6.778609
10.943330,6.778054
10.882770,6.827776
10.854160,6.946942
10.620000,7.053609
10.596110,7.134165
10.513330,6.878054
10.256390,6.875831
10.205000,6.900554
10.167220,7.019165
9.874718,6.775831
9.795551,6.801664
9.711388,6.522776
9.612219,6.521665
9.576662,6.446942
9.468607,6.404443
9.434996,6.327776
9.363331,6.325831
9.294996,6.207776
9.003330,5.944720
9.006386,5.909998
8.879997,5.854720
8.860666,5.819821
8.888885,5.786109
8.833609,5.713610
8.920277,5.607498
8.828053,5.234164
8.824007,5.188001
8.621941,4.894721
8.636110,4.826943
8.590485,4.810515
8.536108,4.775554
8.539444,4.710832
8.509996,4.699443
8.401667,4.750277
8.398888,4.798887
8.364441,4.793610
8.199165,4.969721
8.357496,4.625277
8.311386,4.585554
7.763387,4.517615
7.746665,4.496943
7.558887,4.529721
7.557499,4.580276
7.517499,4.679721
7.529443,4.596109
7.493054,4.564443
7.274443,4.594443
7.327498,4.507499
7.278848,4.511724
7.174166,4.667776
7.134999,4.663610
7.178887,4.528332
7.167777,4.473054
7.075832,4.437498
7.044443,4.436387
7.018332,4.503054
7.027498,4.634721
6.996387,4.709998
6.971944,4.604721
7.024721,4.384165
6.998610,4.369720
6.865554,4.399999
6.819166,4.571110
6.854166,4.603054
6.744999,4.833055
6.721944,4.806943
6.751388,4.764721
6.799165,4.525832
6.870831,4.352777
6.780554,4.337499
6.714444,4.354165
6.716943,4.422776
6.743333,4.569999
6.727221,4.604999
6.693333,4.498887
6.694165,4.329999
6.612778,4.326387
6.589166,4.464998
6.574443,4.326665
6.410555,4.313332
6.252777,4.294721
6.245555,4.316943
6.304998,4.408609
6.299722,4.441666
6.262500,4.390832
6.237222,4.493609
6.232499,4.392220
6.221389,4.341665
6.221389,4.281943
6.086111,4.282498
6.086666,4.398888
6.057777,4.288054
5.995555,4.314443
5.985000,4.415832
5.963611,4.336388
5.931109,4.340554
5.839443,4.413332
5.614721,4.619999
5.451944,4.923054
5.391110,5.134165
5.433054,5.134443
5.464167,5.097776
5.440833,5.158054
5.365277,5.167499
5.347777,5.355832
5.437222,5.359721
5.500278,5.376110
5.578609,5.380832
5.537499,5.425554
5.556363,5.462944
5.634443,5.529999
5.432221,5.391109
5.253887,5.439165
5.188332,5.545554
5.216665,5.579165
5.399166,5.564165
5.430555,5.622776
5.464722,5.621387
5.497222,5.576387
5.501110,5.620554
5.439444,5.653332
5.370831,5.593332
5.315000,5.618054
5.333888,5.720554
5.288610,5.612498
5.175278,5.575554
5.086389,5.697221
5.089999,5.770276
5.117392,5.795974
5.152778,5.775276
5.157222,5.816110
5.254444,5.856387
5.268055,5.904443
5.050278,5.754721
4.883888,6.004998
4.628888,6.216665
4.396667,6.363888
4.039721,6.413610
3.426111,6.411943
3.395278,6.450554
3.666944,6.518610
3.770555,6.589721
3.838889,6.591943
3.849722,6.607221
3.761666,6.611665
3.630000,6.548054
3.475832,6.536110
3.467500,6.594721
3.385555,6.474998
3.387777,6.413332
2.881389,6.384998
2.718696,6.364455
2.741666,6.621943
2.798888,6.688609
2.725277,6.954443
2.798333,7.039998
2.747777,7.099165
2.778611,7.134443
2.757500,7.419442
2.807222,7.417220
2.762777,7.547498
2.733333,7.639721
2.742222,7.808609
2.682129,7.893651
2.725832,8.083052
2.755833,8.588051
2.788333,9.054163
2.987500,9.061108
3.094999,9.090551
3.170278,9.274441
3.141666,9.441107
3.263333,9.635830
3.317222,9.636108
3.363333,9.681940
3.331111,9.755831
3.346666,9.809162
3.525277,9.844162
3.609444,9.948051
3.684444,10.151110
3.581944,10.275270
3.637222,10.411660
3.688888,10.449720
3.789444,10.402770
3.855000,10.585000
3.846666,10.703050
3.753889,10.794440
3.739166,11.116660
3.694166,11.135000
3.474999,11.429720
3.605495,11.691690
3.688333,11.749720
3.616944,11.919720
3.671666,11.975550
3.657777,12.528880
3.952777,12.748880
4.104999,12.996380
4.142499,13.476940
4.247777,13.481380
4.469999,13.686940
4.885555,13.781390
4.923610,13.736380
5.286109,13.752220
5.364999,13.847500
5.547473,13.893130
6.160832,13.643050
6.238053,13.683330
6.284999,13.683890
6.423055,13.605270
6.679166,13.343890
6.806388,13.108050
6.933332,12.997220
7.090555,12.995270
7.218887,13.125550
7.379720,13.099720
7.814998,13.352780
8.122217,13.303610
8.433027,13.064780
8.497496,13.085830
8.554441,13.066670
8.663609,12.943330
8.984997,12.846660
9.635275,12.802770
9.929996,13.133050
10.148330,13.259720
10.841110,13.386110
11.038330,13.360270
11.446380,13.376390
11.867220,13.249720
12.146930,13.101190
12.245000,13.110270
12.373610,13.073330
12.478050,13.056660
12.629160,13.300550
12.670550,13.278060
12.862500,13.450280
12.968610,13.512780
13.251390,13.588880
13.323610,13.679440
13.347780,13.720000
# Triangles
175,174,173
170,169,171
172,175,173
184,183,182
182,181,185
188,185,181
171,169,168
155,177,171
167,171,168
172,171,177
171,167,155
179,177,180
177,179,178
135,180,177
176,172,177
163,167,166
172,176,175
180,188,181
194,199,195
198,197,199
199,201,200
193,201,199
197,196,199
195,199,196
189,188,180
192,191,193
185,184,182
202,193,190
202,201,193
186,185,187
190,193,191
190,189,202
189,180,202
193,199,194
185,188,187
203,202,204
202,180,90
161,160,162
157,159,158
163,165,164
157,160,159
156,160,157
149,152,150
148,147,149
140,139,141
154,153,155
150,152,151
155,163,160
160,163,162
153,152,149
156,155,160
147,145,144
149,147,153
155,147,135
147,155,153
143,135,147
135,143,136
143,147,144
145,147,146
135,177,155
141,137,142
180,135,134
133,131,128
130,129,131
128,131,129
131,133,132
138,141,139
133,128,127
127,134,133
143,142,137
80,252,202
134,127,113
143,137,136
138,137,141
155,167,163
165,163,166
180,134,91
226,225,227
221,220,222
232,231,230
229,228,227
232,230,229
220,218,223
218,220,219
208,210,209
225,223,217
223,225,224
217,229,227
223,218,217
214,229,217
232,229,213
217,227,225
220,223,222
213,234,232
233,232,234
237,236,235
235,234,238
238,237,235
241,240,242
242,240,239
246,239,206
234,213,238
245,243,246
243,245,244
246,243,239
242,239,243
259,258,257
206,239,238
206,247,246
217,216,215
252,250,249
229,214,213
252,249,248
252,251,250
256,255,254
257,256,260
260,259,257
213,206,238
217,215,214
211,210,212
212,210,207
247,202,248
202,205,204
210,208,207
213,207,206
247,206,205
202,247,205
280,253,281
280,254,253
212,207,213
248,202,252
256,254,280
263,262,264
264,279,265
270,265,271
260,264,262
261,260,262
267,266,265
268,270,269
270,268,267
267,265,270
279,264,260
274,277,276
277,274,278
279,278,274
265,279,271
279,274,271
272,271,273
273,271,274
276,275,274
279,260,280
260,256,280
253,252,80
123,125,124
125,123,122
125,122,121
127,120,119
120,126,121
116,119,118
113,119,116
125,121,126
127,119,113
127,126,120
112,111,110
112,110,109
115,113,116
112,109,113
109,108,106
114,113,115
116,118,117
106,108,107
103,102,100
100,102,101
106,105,104
106,113,109
97,104,100
106,104,97
103,100,104
99,97,100
91,134,106
98,97,99
95,93,106
95,106,96
93,95,94
91,106,93
91,93,92
88,90,89
90,86,202
180,91,90
97,96,106
113,106,134
86,90,88
87,86,88
86,85,84
84,83,82
80,82,81
84,82,80
86,84,80
67,66,65
64,63,67
64,67,65
67,63,68
68,63,59
61,63,62
69,68,59
61,59,63
71,70,69
69,59,58
71,69,72
76,75,78
77,76,78
78,80,79
74,73,72
74,78,75
54,74,72
291,78,74
69,58,72
80,78,290
57,56,55
57,55,54
58,57,54
53,51,74
74,51,49
52,51,53
53,74,54
58,54,72
60,59,61
50,49,51
86,80,202
253,80,281
49,48,45
48,47,45
45,47,46
283,281,289
281,80,289
291,290,78
80,290,289
291,45,35
45,291,49
74,49,291
44,43,42
41,40,39
42,41,44
44,41,38
298,291,27
41,39,38
38,37,35
5,303,301
45,38,35
35,28,291
45,44,38
300,23,301
285,283,286
286,283,289
288,287,286
289,288,286
284,283,285
292,291,293
283,282,281
298,297,295
300,299,298
302,301,303
291,298,295
291,294,293
296,295,297
304,303,3
291,295,294
300,298,23
35,37,36
30,35,34
34,33,31
31,33,32
28,35,30
28,30,29
30,34,31
27,291,28
27,23,298
24,23,27
24,26,25
22,21,301
24,27,26
21,20,7
20,18,14
18,20,19
14,18,17
21,7,301
22,301,23
304,306,305
304,3,306
4,3,303
303,5,4
5,7,6
5,301,7
307,306,2
307,1,0
1,307,2
306,3,2
9,7,12
12,14,13
16,15,14
20,14,7
12,10,9
7,9,8
11,10,12
12,7,14
17,16,14
