# Afghanistan region 0
291 288
# Outer Vertices
65.627296,37.333199
65.646927,37.458881
65.701370,37.536930
65.766083,37.534161
65.785522,37.568878
66.302750,37.323601
66.538765,37.360512
66.586906,37.368038
66.665253,37.338322
66.744423,37.361370
67.021637,37.377201
67.200256,37.246651
67.229424,37.191929
67.266373,37.185261
67.424408,37.234989
67.521637,37.272480
67.557457,37.215542
67.649406,37.246090
67.774139,37.206089
67.777153,37.185799
67.791641,37.088322
67.885529,37.061371
67.910522,37.014431
68.035522,36.924709
68.283310,37.019981
68.278313,37.086929
68.301643,37.111099
68.413017,37.104431
68.412193,37.148041
68.524979,37.161930
68.654694,37.246929
68.825813,37.247761
68.809402,37.322491
68.850250,37.324711
68.904968,37.272209
68.924408,37.284710
68.891647,37.317490
68.999687,37.307758
69.246628,37.094151
69.333038,37.124981
69.451370,37.229980
69.381348,37.344151
69.382736,37.455818
69.515808,37.580818
69.918030,37.611931
69.958588,37.564991
70.134979,37.529148
70.255539,37.621090
70.276917,37.741371
70.165527,37.872211
70.170242,37.941650
70.203857,37.920540
70.378304,38.057758
70.491913,38.167210
70.584412,38.278591
70.596359,38.334148
70.685516,38.375259
70.672203,38.414429
70.880524,38.453041
71.101913,38.406090
71.363022,38.248871
71.363861,38.188030
71.284698,38.019981
71.264137,37.918049
71.374680,37.905819
71.546356,37.942478
71.591919,37.903042
71.588577,37.816090
71.528847,37.764431
71.490250,37.284161
71.446907,37.207760
71.432190,37.058590
71.568314,36.741371
71.695236,36.672211
71.842743,36.692478
72.011368,36.812199
72.346626,36.989979
72.663589,37.026089
72.798859,37.229980
73.081360,37.320541
73.150528,37.400822
73.314407,37.463322
73.776642,37.434429
73.752762,37.331379
73.649406,37.304428
73.619957,37.262760
73.634407,37.239979
73.792473,37.229420
74.363861,37.428600
74.400803,37.399429
74.699692,37.391930
74.898827,37.240299
74.816933,37.219151
74.763313,37.301090
74.669418,37.266102
74.651077,37.234711
74.537193,37.243038
74.392197,37.175259
74.400528,37.139149
74.567749,37.026470
74.558006,36.965260
74.482193,37.011101
74.336906,36.958881
74.251923,36.899429
74.158859,36.906651
74.062180,36.821659
73.963028,36.837761
73.779694,36.901089
73.113022,36.873871
72.492462,36.771931
72.181641,36.714710
72.191643,36.657200
72.073303,36.628868
72.074692,36.589420
71.795807,36.491928
71.817749,36.416660
71.753036,36.407490
71.646637,36.468040
71.563019,36.372478
71.582748,36.335819
71.248581,36.133041
71.188019,36.047211
71.291077,35.968590
71.380524,35.946091
71.545242,35.711102
71.508591,35.626652
71.613861,35.561932
71.606918,35.481930
71.647202,35.436939
71.549133,35.328320
71.553574,35.289150
71.659126,35.207489
71.618027,35.131371
71.543297,35.094700
71.496078,34.959431
71.313858,34.886929
71.225517,34.744431
71.095810,34.676651
71.094971,34.568050
70.995796,34.558590
70.978027,34.510818
71.073029,34.394150
71.153313,34.361370
71.135529,34.166088
70.981079,34.008881
70.905533,34.013321
70.900528,33.973591
70.491348,33.943039
69.902763,34.031101
69.907471,33.881931
69.985519,33.753040
70.132736,33.735538
70.196617,33.640820
70.197739,33.485821
70.306084,33.396099
70.326920,33.331940
70.144974,33.202492
70.067749,33.204990
70.033577,33.139431
69.881073,33.089981
69.791351,33.126942
69.561081,33.081928
69.492462,33.008598
69.515259,32.873878
69.394974,32.773869
69.456917,32.682209
69.397751,32.587761
69.287483,32.526379
69.248016,32.443871
69.283043,32.217770
69.287483,32.069149
69.333862,31.943890
69.029694,31.645550
68.833038,31.603880
68.731918,31.699440
68.712479,31.778879
68.547470,31.829161
68.444122,31.794720
68.447739,31.772770
68.571640,31.765270
68.537750,31.726660
68.221626,31.815590
68.166077,31.833050
67.980530,31.635830
67.887482,31.639990
67.738022,31.530830
67.581093,31.533600
67.646362,31.409990
67.766922,31.411100
67.799698,31.382490
67.791924,31.341101
67.288017,31.213600
67.256363,31.222490
67.069702,31.239161
67.034698,31.254440
67.051643,31.297779
67.036911,31.318609
66.891647,31.296101
66.723022,31.212210
66.684128,31.086109
66.566360,30.977770
66.404968,30.946110
66.281921,30.575270
66.350250,30.450550
66.259697,30.114161
66.238297,30.071381
66.361359,29.966101
66.256638,29.851940
65.417473,29.640551
65.034126,29.541100
64.695511,29.586380
64.273857,29.523890
64.193024,29.487490
64.131348,29.394159
63.587200,29.503880
62.786930,29.433880
62.484428,29.406099
61.743599,29.615829
60.993870,29.826099
60.866871,29.862431
61.253040,30.259991
61.812759,30.843611
61.803871,30.945820
61.847210,31.048880
61.765820,31.245270
61.771099,31.318331
61.713600,31.383329
61.619431,31.395821
60.843868,31.498329
60.810261,31.873600
60.857769,32.234718
60.741650,32.578869
60.581928,33.071659
60.591091,33.163040
60.851650,33.418049
60.858318,33.493870
60.928600,33.504429
60.901649,33.554428
60.649151,33.574989
60.522758,33.653042
60.505260,33.739151
60.554150,33.813320
60.521370,33.999149
60.513599,34.150822
60.671650,34.313599
60.911091,34.316380
60.897770,34.345821
60.756649,34.483318
60.733601,34.541660
60.863602,34.576389
61.065262,34.812759
61.113880,35.201649
61.104431,35.279148
61.186100,35.296940
61.239151,35.481091
61.277760,35.520260
61.278721,35.606750
61.365822,35.639709
61.464989,35.527210
61.576649,35.450821
61.802479,35.411091
61.972210,35.459980
62.100819,35.394711
62.259159,35.297771
62.305538,35.145538
62.459431,35.286381
62.623310,35.224979
63.110538,35.481369
63.095261,35.626091
63.238880,35.695530
63.104160,35.825821
63.119431,35.861931
63.317211,35.852211
63.538879,35.909710
63.595539,35.962200
63.933868,36.039150
64.063858,36.000271
64.059692,36.088039
64.169418,36.167488
64.282471,36.151920
64.321640,36.216381
64.458862,36.247211
64.570534,36.356380
64.627747,36.459980
64.615250,36.629429
64.795242,36.923038
64.779137,37.095821
64.798019,37.124981
65.072746,37.244431
65.530807,37.248600
65.627296,37.333199
# Triangles
219,218,220
217,220,218
229,228,227
229,227,230
230,227,226
220,217,221
216,215,221
214,213,212
224,223,225
221,214,223
214,221,215
223,214,211
221,223,222
225,223,211
226,266,236
216,221,217
266,226,225
233,232,234
239,238,241
244,242,245
241,245,242
242,244,243
240,239,241
241,238,237
236,234,231
234,236,235
230,236,231
249,247,246
237,236,245
236,264,245
237,245,241
245,250,246
230,226,236
234,232,231
214,212,211
225,210,201
209,208,210
210,208,202
207,205,208
204,203,202
204,202,205
206,205,207
205,202,208
201,210,202
201,200,198
198,200,199
192,191,186
194,193,195
195,193,192
225,201,267
225,211,210
197,196,186
195,192,196
187,191,190
191,187,186
196,192,186
188,187,190
190,189,188
186,185,184
281,197,186
182,184,183
180,178,181
182,181,176
178,177,181
178,180,179
177,176,181
282,186,182
182,176,168
184,182,186
276,198,197
198,267,201
162,23,182
249,248,247
251,250,253
246,250,249
253,252,251
254,258,255
258,254,253
255,258,257
258,253,259
253,250,259
264,263,262
266,265,264
245,264,250
259,250,260
262,261,260
260,264,262
225,267,266
260,250,264
266,264,236
256,255,257
268,267,269
270,269,271
273,272,269
274,273,275
269,272,271
267,273,269
277,276,278
279,276,281
275,273,276
278,276,279
281,186,282
279,281,280
197,281,276
276,273,267
198,276,267
285,284,283
286,285,287
285,283,289
5,282,12
22,20,13
5,283,282
288,287,285
19,17,20
13,12,23
13,20,16
18,17,19
22,21,20
148,24,23
22,13,23
25,24,26
28,27,29
38,29,27
24,27,26
38,27,24
182,12,282
288,285,289
290,5,3
5,290,289
283,5,289
2,1,3
5,4,3
3,1,290
5,8,6
20,17,16
14,16,15
12,11,10
8,7,6
9,8,12
10,9,12
8,5,12
14,13,16
30,29,31
12,182,23
175,174,172
173,172,174
175,172,170
168,175,169
171,170,172
175,170,169
167,182,168
167,164,182
164,166,165
166,164,167
164,163,162
162,161,148
157,160,159
157,159,158
161,160,150
162,182,164
162,148,23
157,156,153
154,153,156
156,155,154
157,153,150
149,148,161
150,152,151
152,150,153
161,150,149
150,160,157
147,146,145
145,140,147
140,145,141
139,138,137
141,145,143
139,148,140
145,144,143
140,148,147
148,139,121
148,38,24
142,141,143
137,136,135
122,135,125
137,135,121
122,125,123
129,125,135
133,135,134
123,125,124
121,135,122
130,129,135
130,133,132
132,131,130
127,126,125
125,129,127
128,127,129
135,133,130
46,121,120
119,118,120
120,118,72
72,117,73
117,72,118
117,114,73
114,117,116
114,116,115
73,114,74
148,121,38
74,113,112
74,114,113
112,111,110
74,112,75
75,112,110
76,110,109
75,110,76
137,121,139
72,71,120
31,34,33
34,31,38
34,38,37
38,121,39
29,38,31
32,31,33
36,35,37
37,35,34
43,41,40
121,46,40
39,121,40
71,47,46
42,41,43
45,44,43
43,40,45
40,46,45
47,71,70
120,71,46
49,51,50
51,49,48
53,48,63
51,48,52
63,54,53
55,54,56
52,48,53
63,48,47
62,56,54
47,70,63
62,61,59
57,56,58
62,58,56
62,59,58
61,60,59
62,54,63
63,68,64
69,63,70
108,107,86
107,106,87
106,105,104
87,106,104
76,109,77
108,78,77
78,108,79
85,108,86
107,87,86
104,97,87
98,104,102
101,100,99
102,101,98
97,104,98
98,101,99
87,97,88
102,104,103
81,79,85
79,81,80
85,79,108
68,65,64
65,68,67
67,66,65
85,84,81
69,68,63
94,96,95
93,91,90
96,94,90
91,93,92
93,90,94
83,82,84
97,89,88
96,90,89
84,82,81
89,97,96
77,109,108
176,175,168
