# Costa Rica region 0
110 107
# Outer Vertices
-85.711349,11.084280
-85.650284,11.151660
-85.614441,11.213610
-85.284157,11.091390
-84.940552,10.955270
-84.902786,10.940830
-84.674438,11.078050
-84.444443,10.959440
-84.355560,10.993330
-84.321671,10.926660
-84.224716,10.878050
-84.197769,10.785830
-83.982224,10.756110
-83.924438,10.709720
-83.677223,10.788890
-83.661667,10.879440
-83.645340,10.924260
-83.623901,10.852220
-83.591133,10.724440
-83.525009,10.616390
-83.408890,10.393610
-83.261124,10.205000
-83.110573,10.016110
-83.023064,10.001110
-82.894180,9.796942
-82.743057,9.649441
-82.565193,9.569786
-82.615547,9.489717
-82.727493,9.558886
-82.843338,9.608330
-82.875320,9.556334
-82.833214,9.498186
-82.934723,9.471663
-82.934158,9.398331
-82.929466,9.062071
-82.855827,9.045830
-82.719162,8.940273
-82.748611,8.887218
-82.885010,8.784721
-82.915283,8.745274
-82.826950,8.575830
-82.830566,8.473885
-83.031677,8.336941
-82.966660,8.274721
-82.930832,8.254719
-82.896667,8.026709
-82.985001,8.241941
-83.139450,8.349997
-83.140289,8.384996
-83.095291,8.439163
-83.180557,8.596664
-83.130836,8.583885
-83.164459,8.626108
-83.322510,8.668053
-83.376953,8.736109
-83.475571,8.693052
-83.301392,8.536386
-83.277237,8.384163
-83.307510,8.371387
-83.481667,8.442497
-83.579453,8.446663
-83.735840,8.612497
-83.610573,8.779720
-83.650009,8.785830
-83.582779,8.835276
-83.603447,8.964762
-83.703339,9.116663
-83.879463,9.259996
-84.105827,9.371943
-84.175293,9.393608
-84.167236,9.418608
-84.249184,9.469997
-84.523064,9.518887
-84.670288,9.647219
-84.629181,9.764442
-84.736679,9.952499
-84.879463,10.002500
-85.069733,10.130830
-85.088623,10.166660
-85.192497,10.168330
-85.285278,10.278610
-85.228897,10.122770
-85.172234,10.045000
-85.106949,9.978886
-84.922791,9.927219
-84.928337,9.831108
-84.865280,9.824442
-84.993057,9.701942
-85.091667,9.586386
-85.113617,9.553053
-85.254730,9.747776
-85.343903,9.831663
-85.591400,9.883053
-85.664459,9.899164
-85.715286,10.000280
-85.837784,10.214160
-85.873611,10.349440
-85.775558,10.445000
-85.811401,10.507220
-85.634453,10.615000
-85.654167,10.638610
-85.661392,10.762500
-85.700562,10.805830
-85.898621,10.883050
-85.877502,10.943890
-85.706947,10.953890
-85.732788,11.036110
-85.675003,11.031390
-85.691566,11.075110
-85.711349,11.084280
# Triangles
94,93,92
81,92,91
90,89,88
83,90,87
91,90,83
80,95,94
80,94,92
92,81,80
81,91,82
91,83,82
80,79,78
87,90,88
74,73,72
69,68,70
74,13,75
13,74,71
74,72,71
83,85,84
86,85,87
76,5,78
13,11,75
76,78,77
20,71,70
85,83,87
7,76,75
96,95,97
107,101,3
102,101,105
98,97,99
105,104,103
107,105,101
0,108,1
107,1,108
107,106,105
103,102,105
101,100,99
4,99,80
80,99,97
80,78,5
4,80,5
75,11,7
10,9,11
76,7,5
11,13,12
7,11,9
1,3,2
107,3,1
6,5,7
7,9,8
99,4,3
3,101,99
95,80,97
70,68,21
59,58,56
55,60,59
57,56,58
55,59,56
62,61,55
63,62,64
55,61,60
65,64,54
54,64,55
54,53,52
55,64,62
48,47,42
42,47,46
48,42,49
46,45,44
44,43,46
46,43,42
50,49,51
51,49,40
52,51,39
40,39,51
52,39,34
40,49,41
49,42,41
52,34,54
38,34,39
66,32,67
22,67,32
24,23,22
20,70,21
22,21,67
66,65,33
20,13,71
14,13,18
15,14,17
19,18,13
16,15,17
17,14,18
13,20,19
68,67,21
33,32,66
34,33,65
37,36,35
35,34,38
65,54,34
24,30,29
30,24,32
24,29,25
28,25,29
26,25,28
27,26,28
30,32,31
32,24,22
37,35,38
