# Zambia region 0
243 240
# Outer Vertices
28.761909,-16.534401
28.759760,-16.537670
28.259991,-16.724171
28.138599,-16.823620
27.825270,-16.959169
27.638880,-17.224720
27.619160,-17.337231
27.145821,-17.804449
27.146219,-17.845280
27.122431,-17.880760
27.031410,-17.955450
27.020769,-17.964180
26.689159,-18.075279
26.462770,-17.968611
26.314720,-17.935841
26.214991,-17.884171
25.971661,-18.006390
25.859711,-17.973339
25.854160,-17.908621
25.719990,-17.836390
25.599720,-17.841391
25.391939,-17.850840
25.265751,-17.797661
25.118320,-17.694731
25.032770,-17.582500
24.763880,-17.509729
24.235670,-17.481880
23.474859,-17.624531
23.201660,-17.479719
22.248880,-16.570000
22.138880,-16.492500
22.070829,-16.239170
22.000790,-16.170851
21.999439,-14.521110
21.998529,-13.253500
21.998329,-13.004170
22.644159,-13.005280
23.331659,-13.005840
24.020550,-13.006390
24.016939,-12.987220
23.886940,-12.804720
23.914989,-12.669720
24.052219,-12.385280
24.034990,-12.264170
23.974991,-12.200000
23.995541,-11.771670
24.028610,-11.457780
24.062210,-11.421950
23.982719,-10.869630
24.131941,-10.914720
24.143049,-11.037780
24.323050,-11.051950
24.399719,-11.114170
24.410271,-11.280280
24.361099,-11.355280
24.304440,-11.375560
24.312771,-11.397500
24.391380,-11.409450
24.448330,-11.463610
24.531660,-11.459720
24.698601,-11.338610
24.811100,-11.323610
25.332211,-11.193330
25.346380,-11.213890
25.288601,-11.376390
25.359711,-11.641670
25.502489,-11.719450
25.493050,-11.762220
25.518330,-11.778340
25.560270,-11.753340
25.782221,-11.802500
25.874710,-11.789450
26.017220,-11.903610
26.461100,-11.917220
26.723049,-12.018890
26.902210,-11.961110
26.986099,-11.871670
27.032221,-11.596110
27.108601,-11.582220
27.213600,-11.582500
27.241100,-11.793610
27.478600,-11.966670
27.547211,-12.189720
27.674721,-12.302780
27.796940,-12.298610
27.854710,-12.253340
27.955549,-12.301670
27.981100,-12.370560
28.044720,-12.365000
28.151661,-12.431670
28.210819,-12.401390
28.366100,-12.455550
28.533331,-12.671390
28.493601,-12.741950
28.569990,-12.890840
28.596661,-12.894730
28.632490,-12.840840
28.678881,-12.842220
28.822220,-12.989170
28.844990,-13.091390
28.924709,-13.160280
28.961660,-13.347780
29.015829,-13.397780
29.065830,-13.386950
29.170830,-13.399720
29.589439,-13.221940
29.683599,-13.265000
29.682770,-13.306110
29.621380,-13.371950
29.629709,-13.409450
29.663879,-13.437780
29.801941,-13.451950
29.803881,-12.828890
29.805630,-12.158530
29.499161,-12.229450
29.459431,-12.286390
29.480551,-12.385560
29.525829,-12.391670
29.522221,-12.436950
29.481930,-12.460280
29.210819,-12.372220
29.036940,-12.384450
28.812210,-12.071950
28.463329,-11.796670
28.358049,-11.534170
28.395550,-11.395840
28.484159,-11.168060
28.507219,-10.994450
28.618320,-10.721670
28.693050,-10.666950
28.570271,-10.222500
28.624990,-10.142500
28.668600,-9.819447
28.696381,-9.798336
28.587219,-9.570002
28.538811,-9.428581
28.521549,-9.378149
28.402210,-9.311668
28.371111,-9.273336
28.388050,-9.235279
28.525270,-9.162502
28.728600,-8.991945
28.961660,-8.667780
28.955830,-8.605280
28.900820,-8.487720
28.897631,-8.480904
29.408880,-8.401112
30.089439,-8.296114
30.576260,-8.220806
30.769991,-8.190834
30.898600,-8.455833
31.041100,-8.590279
31.125820,-8.615557
31.168350,-8.596136
31.169991,-8.595383
31.220551,-8.576666
31.273050,-8.621946
31.375549,-8.582224
31.398050,-8.629444
31.551661,-8.689167
31.573050,-8.818611
31.683599,-8.908892
31.785549,-8.885002
31.956100,-8.930836
31.931379,-8.980001
31.937490,-9.029169
31.984440,-9.073057
32.042210,-9.040836
32.470821,-9.160559
32.536930,-9.261114
32.741928,-9.281670
32.830818,-9.366390
32.940681,-9.406267
32.953869,-9.489445
32.985020,-9.481030
32.993320,-9.621668
33.104710,-9.662781
33.117760,-9.586668
33.229149,-9.634167
33.238590,-9.731388
33.361370,-9.824446
33.390270,-9.903612
33.359428,-9.933058
33.324162,-10.067780
33.559429,-10.227220
33.572762,-10.400280
33.684978,-10.513340
33.693039,-10.581110
33.501659,-10.779720
33.396931,-10.798610
33.286930,-10.865550
33.250271,-10.897500
33.409149,-11.170000
33.356651,-11.256110
33.230541,-11.574720
33.284431,-11.570560
33.323601,-11.607780
33.329990,-11.807220
33.271099,-12.131390
33.335258,-12.257780
33.394428,-12.341670
33.544430,-12.327780
33.537769,-12.368890
33.357208,-12.543330
33.280270,-12.527220
33.226929,-12.588340
33.137760,-12.580840
33.046379,-12.603890
32.960270,-12.761670
32.967758,-12.850560
33.035259,-12.910280
32.992760,-13.036950
33.012211,-13.215000
32.822208,-13.538060
32.690540,-13.565000
32.689701,-13.622500
32.785820,-13.640560
32.832760,-13.709720
32.778320,-13.743330
32.782490,-13.775560
32.899151,-13.820000
33.004429,-14.032780
33.039989,-14.052780
33.161652,-13.922220
33.221802,-14.011100
32.077770,-14.388060
31.585270,-14.561670
31.382210,-14.645000
30.845551,-14.763890
30.212770,-14.981110
30.268330,-15.250840
30.358049,-15.330280
30.388050,-15.478890
30.357771,-15.554720
30.413879,-15.633610
30.378050,-15.650560
29.831381,-15.616110
29.319160,-15.748610
29.138050,-15.860000
28.927219,-15.972220
28.858330,-16.062500
28.850550,-16.399731
28.761909,-16.534401
# Triangles
24,23,22
20,24,22
27,26,28
38,25,24
26,25,38
22,21,20
18,17,16
14,13,15
20,19,24
18,15,19
15,18,16
24,19,4
4,19,15
4,38,24
31,30,29
31,26,33
36,35,34
32,31,33
34,33,36
26,31,29
33,37,36
28,26,29
37,33,38
33,26,38
41,40,39
39,42,41
68,42,39
38,68,39
7,15,13
13,11,7
7,11,10
9,7,10
7,9,8
7,5,15
5,7,6
38,4,74
3,2,4
4,240,83
242,240,2
241,240,242
4,2,240
242,2,1
15,5,4
101,99,94
88,87,89
93,89,87
90,89,91
83,74,4
83,87,84
86,84,87
84,86,85
94,87,83
94,99,95
98,97,95
99,98,95
96,95,97
91,93,92
93,91,89
94,93,87
94,83,240
11,13,12
44,43,45
45,43,58
56,47,46
58,56,45
59,58,43
56,46,45
43,65,59
69,68,70
70,68,72
72,71,70
42,68,67
65,67,66
65,43,42
65,42,67
72,68,38
59,65,61
50,47,55
51,55,53
49,48,50
51,50,55
47,50,48
55,54,53
55,47,56
61,64,62
61,60,59
64,61,65
52,51,53
64,63,62
56,58,57
74,73,72
75,74,82
78,77,80
80,79,78
80,77,76
75,81,76
81,80,76
83,82,74
125,123,122
123,125,124
122,126,125
81,75,82
38,74,72
127,126,129
140,136,141
139,138,137
137,140,139
140,137,136
136,135,141
131,129,133
129,131,130
128,127,129
133,141,134
151,133,129
132,131,133
134,141,135
133,142,141
129,126,114
126,122,114
102,239,238
101,240,239
110,104,229
238,237,102
110,109,104
104,237,229
104,109,108
237,104,102
230,236,233
233,236,235
234,233,235
231,233,232
226,112,111
110,229,111
231,230,233
236,230,229
229,228,111
229,237,236
102,101,239
102,104,103
121,120,122
115,120,116
119,116,120
120,114,122
100,99,101
105,108,107
107,106,105
118,117,116
118,116,119
108,105,104
227,226,111
214,226,225
215,218,216
219,218,215
215,225,219
214,112,226
215,214,225
222,221,225
224,223,222
225,224,222
218,217,216
219,221,220
221,219,225
214,213,212
214,212,211
209,208,214
211,210,209
209,214,211
208,112,214
198,207,206
206,205,204
206,204,199
204,203,200
202,201,200
203,202,200
199,204,200
207,113,208
208,113,112
228,227,111
129,113,161
129,114,113
156,160,158
152,161,160
160,159,158
133,151,147
129,161,151
166,165,161
168,167,166
168,166,169
161,165,162
164,163,162
165,164,162
166,161,113
166,113,191
146,145,144
146,144,143
146,142,133
150,149,148
148,147,150
142,146,143
153,152,156
154,156,155
156,154,153
161,152,151
151,150,147
156,158,157
147,146,133
160,156,152
120,115,114
194,198,197
194,197,196
191,169,166
193,191,194
194,196,195
183,191,190
191,113,194
192,191,193
188,185,189
185,188,187
187,186,185
190,189,183
207,198,194
185,183,189
174,173,175
176,175,183
173,171,175
170,169,171
171,169,175
173,172,171
169,191,175
183,182,179
183,185,184
182,181,180
177,176,178
180,179,182
179,178,176
179,176,183
191,183,175
113,207,194
199,198,206
94,240,101
