# Sweden region 3
699 696
# Outer Vertices
20.586090,69.063141
20.866659,69.004967
20.931110,68.946350
20.891380,68.926849
20.895281,68.893593
21.207769,68.819702
21.668610,68.630798
21.757500,68.576920
21.897221,68.569977
22.050550,68.479141
22.673889,68.420807
23.119720,68.241913
23.159439,68.178848
23.147770,68.127457
23.294439,68.142197
23.542219,67.978027
23.656940,67.950813
23.665550,67.929962
23.492491,67.875793
23.477221,67.774979
23.553610,67.587479
23.438881,67.498581
23.431110,67.465530
23.500549,67.436363
23.549160,67.453308
23.761940,67.420242
23.781940,67.326370
23.741659,67.284698
23.614441,67.263313
23.584440,67.223862
23.611389,67.207199
23.573891,67.167740
23.725830,67.012756
23.935829,66.884140
24.007771,66.800522
23.900000,66.754700
23.887501,66.569977
23.658890,66.460533
23.657770,66.406921
23.719160,66.204971
24.004999,66.052750
24.167070,65.812843
24.012501,65.788040
23.696390,65.825813
23.649441,65.801086
23.459721,65.826920
23.434719,65.760529
23.188890,65.819702
23.234440,65.763603
23.081110,65.698868
23.072781,65.739700
23.000271,65.752762
22.782780,65.860260
22.637220,65.902763
22.704720,65.807480
22.648609,65.750526
22.608610,65.796921
22.508051,65.773857
22.527769,65.810806
22.491940,65.830811
22.363890,65.859154
22.321110,65.798309
22.356390,65.752197
22.315001,65.732193
22.240829,65.754700
22.238890,65.731087
22.373329,65.711906
22.385830,65.670532
22.341660,65.663040
22.307220,65.698593
22.257771,65.691093
22.276110,65.624687
22.186661,65.621643
22.309441,65.613312
22.316669,65.634697
22.426390,65.548576
22.405830,65.535248
21.955000,65.645813
22.162220,65.549149
22.164169,65.533043
21.852501,65.529984
22.031670,65.457199
21.998051,65.423309
21.943050,65.449692
21.929440,65.398033
21.814440,65.396637
21.586941,65.416367
21.471939,65.376083
21.648050,65.306923
21.685829,65.261093
21.553610,65.234703
21.489441,65.308594
21.324440,65.371918
21.266109,65.333313
21.400829,65.321640
21.620550,65.153030
21.613331,65.138031
21.547220,65.136368
21.549721,65.091370
21.468330,65.050537
21.502781,65.019699
21.424160,65.009407
21.386940,64.958862
21.243891,64.947746
21.183050,64.829971
21.097500,64.823303
21.073059,64.856369
21.036940,64.835823
21.054440,64.811920
21.258329,64.777481
21.310829,64.750809
21.229719,64.743027
21.303890,64.687187
21.210550,64.695251
21.105000,64.722748
21.118891,64.681374
21.361940,64.566360
21.373329,64.605263
21.542770,64.525528
21.376390,64.526367
21.481939,64.510246
21.481670,64.449142
21.575550,64.464417
21.330000,64.314148
21.276110,64.295807
21.242769,64.310257
20.954170,64.134140
20.910830,64.018593
20.675831,63.821659
20.679440,63.788879
20.614170,63.816380
20.543329,63.768600
20.499720,63.822769
20.458611,63.775539
20.413610,63.691101
20.362780,63.679440
20.343050,63.746101
20.314720,63.736660
20.325550,63.694710
20.289440,63.649712
20.254440,63.704708
20.240829,63.646381
20.057220,63.659431
20.011940,63.635818
20.033051,63.601650
19.937771,63.616650
19.775280,63.533329
19.773050,63.457489
19.660830,63.435261
19.639721,63.474709
19.463610,63.561100
19.422779,63.545818
19.482220,63.467491
19.473610,63.453041
19.514160,63.408329
19.336390,63.482491
19.365829,63.434990
19.296671,63.463600
19.274441,63.441929
19.261940,63.321098
19.139999,63.310261
19.116110,63.232769
19.045561,63.244431
19.049721,63.218319
19.110279,63.208321
19.036940,63.176380
18.946659,63.248600
18.803049,63.256939
18.739719,63.242210
18.915270,63.206661
18.789440,63.167759
18.751940,63.201649
18.816389,63.215820
18.703890,63.220539
18.753889,63.154709
18.628611,63.146648
18.644720,63.104431
18.558889,63.114159
18.481670,63.018318
18.375271,63.047211
18.423611,63.009430
18.344999,63.034431
18.258610,62.989990
18.539721,62.984440
18.576660,62.965820
18.565001,62.950260
18.414160,62.965549
18.400829,62.938042
18.525551,62.923321
18.473610,62.879429
18.466940,62.858318
18.362221,62.833881
18.309719,62.858051
18.207500,62.861660
18.280279,62.840820
18.264721,62.811378
18.199440,62.776100
18.186110,62.812210
18.148050,62.769711
18.008051,62.797771
18.145000,62.816662
18.047779,62.849991
17.973890,62.800819
17.923630,62.820061
17.923050,62.864429
17.828329,62.969440
17.696659,62.991940
17.801109,62.946930
17.885830,62.864159
17.994720,62.730549
17.991390,62.653049
17.917770,62.665272
17.885281,62.656101
18.045561,62.623600
18.055830,62.589989
17.950830,62.562481
17.954439,62.608051
17.931110,62.610821
17.910830,62.544159
17.835550,62.483879
17.693331,62.493599
17.654160,62.467209
17.698610,62.434158
17.564159,62.440269
17.409161,62.538052
17.325550,62.480259
17.379169,62.415272
17.341110,62.393879
17.466391,62.310822
17.465269,62.265541
17.654720,62.231098
17.600000,62.209431
17.538610,62.211102
17.483061,62.129429
17.463610,62.006378
17.349720,61.945271
17.341940,61.813881
17.407221,61.816101
17.393610,61.716381
17.494720,61.728039
17.523609,61.696098
17.477221,61.624710
17.257771,61.719151
17.140270,61.719711
17.220270,61.703320
17.263050,61.671101
17.126390,61.614429
17.144720,61.593601
17.073330,61.548870
17.179159,61.487492
17.157780,61.458050
17.139721,61.431660
17.110279,61.387489
17.274879,61.311749
17.128611,61.301102
17.211390,61.223598
17.148890,61.209148
17.181391,61.080818
17.188330,61.032768
17.165831,60.993599
17.150551,60.944988
17.334160,60.756378
17.188610,60.688320
17.332500,60.653320
17.578329,60.639992
17.656940,60.601940
17.602501,60.574989
17.634720,60.518318
17.740549,60.493599
17.725559,60.534710
17.773050,60.571098
17.949720,60.597210
17.975830,60.570820
18.228050,60.369160
18.234440,60.326649
18.440281,60.340820
18.445271,60.310261
18.582500,60.246929
18.580000,60.224430
18.448891,60.239712
18.340830,60.298038
18.317221,60.296940
18.449169,60.211380
18.421671,60.187210
18.542219,60.151932
18.587219,60.073318
18.579170,60.137211
18.626110,60.145821
18.736389,60.118599
18.744720,60.047211
18.753050,60.081100
18.760830,60.104988
18.822500,60.114159
18.816389,60.073879
18.909719,59.935822
19.070551,59.889709
19.050550,59.822769
18.924440,59.889149
18.931110,59.857208
18.857220,59.794708
18.765829,59.786652
18.739161,59.758598
18.851669,59.777760
19.080549,59.770550
19.070000,59.735821
18.953609,59.719990
18.912220,59.749439
18.694441,59.645260
18.744720,59.642490
18.668051,59.620270
18.645550,59.580540
18.250000,59.443600
18.312771,59.406101
18.322220,59.390820
18.165001,59.408039
18.208330,59.420551
18.195829,59.455269
18.115549,59.453041
18.081671,59.399151
18.011110,59.405540
18.136391,59.332489
17.816111,59.371101
17.757771,59.409988
17.770000,59.445820
17.845280,59.533039
17.718330,59.699162
17.710550,59.618881
17.592220,59.656101
17.686390,59.736099
17.636110,59.754711
17.587780,59.804710
17.496111,59.729988
17.444719,59.676102
17.487780,59.632210
17.521391,59.616940
17.527500,59.713039
17.537500,59.732208
17.620279,59.726379
17.560829,59.666931
17.586670,59.640541
17.757219,59.583881
17.785000,59.529430
17.719999,59.442760
17.520281,59.507210
17.541660,59.557491
17.490280,59.542488
17.370550,59.619709
17.407499,59.500542
17.398890,59.469151
17.110279,59.551380
17.059999,59.604431
17.011391,59.588600
17.048889,59.560551
17.031389,59.536381
16.800831,59.591099
16.783051,59.552761
16.721390,59.525829
16.647499,59.560822
16.541941,59.609440
16.497499,59.586929
16.547501,59.556931
16.538330,59.538879
16.465000,59.515820
16.472500,59.497490
16.389441,59.510818
16.348890,59.479988
16.022221,59.489712
16.072781,59.454430
16.181391,59.439430
16.670000,59.473049
16.746389,59.428879
16.693331,59.476101
16.828890,59.491379
16.924440,59.453320
17.040001,59.359440
17.310551,59.348881
17.311939,59.327492
17.243610,59.313599
17.280001,59.274151
17.213329,59.257210
17.398050,59.247761
17.355000,59.297211
17.361940,59.324711
17.503889,59.284161
17.594999,59.223049
17.593889,59.284710
17.847219,59.264431
17.888050,59.226940
17.889721,59.284710
17.984440,59.333881
18.163891,59.320541
18.272221,59.364429
18.360001,59.371380
18.454720,59.331100
18.478331,59.345829
18.441111,59.412769
18.434441,59.433601
18.529720,59.417488
18.650280,59.319149
18.630550,59.307491
18.353609,59.305538
18.339439,59.327770
18.276939,59.307209
18.338329,59.229710
18.309999,59.219711
18.403330,59.163601
18.044720,59.053879
17.995279,59.000542
17.966660,58.920818
17.895830,58.909710
17.894720,58.858879
17.837780,58.923038
17.800280,58.906380
17.781940,58.875542
17.740549,58.931931
17.761940,58.997211
17.759159,59.126659
17.706671,59.050541
17.666660,59.083321
17.690550,59.132771
17.663891,59.168320
17.613609,58.974709
17.613890,58.917488
17.613050,58.894428
17.537500,58.896381
17.589439,58.857208
17.446939,58.892490
17.480551,58.789711
17.340000,58.804150
17.371389,58.745541
17.254999,58.724709
17.083330,58.763599
17.086660,58.733879
17.059999,58.703041
17.145550,58.700260
17.094721,58.651100
17.033890,58.673870
17.012779,58.662209
17.024719,58.636101
16.677780,58.636929
16.231939,58.658871
16.401939,58.592491
16.436661,58.641380
16.788891,58.602772
16.786110,58.567211
16.938610,58.484150
16.742769,58.424431
16.540550,58.461380
16.709999,58.403599
16.733610,58.363041
16.764441,58.337769
16.630831,58.348049
16.731110,58.315540
16.803329,58.312210
16.709160,58.268879
16.801670,58.243320
16.802219,58.138599
16.752781,58.125542
16.682501,58.171379
16.618050,58.192760
16.660271,58.136662
16.728050,58.100819
16.734171,58.047489
16.750271,58.012760
16.713881,58.017490
16.690281,57.999149
16.651939,58.044991
16.638050,58.004429
16.740000,57.961929
16.770550,57.884430
16.724720,57.875820
16.692499,57.916660
16.659161,57.883320
16.558331,57.976940
16.494440,57.979431
16.584160,57.926929
16.461941,57.892490
16.702351,57.742260
16.618891,57.771381
16.712500,57.699989
16.574169,57.703320
16.625549,57.619709
16.557220,57.589161
16.553610,57.622211
16.518330,57.584431
16.632500,57.552212
16.693331,57.469151
16.627781,57.436378
16.664721,57.407490
16.555000,57.383598
16.537781,57.364159
16.568890,57.334709
16.472219,57.290272
16.460279,57.167488
16.564440,57.081661
16.441940,57.044991
16.414440,56.786098
16.451941,56.790272
16.465269,56.764992
16.356390,56.757771
16.377501,56.697491
16.360830,56.653320
16.272499,56.656651
16.216110,56.607208
16.215000,56.544159
16.171671,56.527489
16.088051,56.389709
15.853050,56.075550
15.785550,56.106098
15.820280,56.161098
15.737500,56.160549
15.587500,56.160259
15.581390,56.203602
15.301940,56.136379
14.690550,56.157768
14.681940,56.115551
14.750830,56.059711
14.760560,56.026661
14.668050,56.002769
14.620830,56.029430
14.544170,56.052490
14.330280,55.936939
14.207780,55.812481
14.196110,55.715820
14.351940,55.564991
14.365550,55.526661
14.196940,55.386929
14.110550,55.380821
13.935830,55.431381
13.782500,55.421379
13.781390,55.421650
13.364720,55.339710
13.227780,55.359150
12.827500,55.387211
12.867500,55.438599
12.935560,55.415539
12.962500,55.433880
12.916390,55.544159
12.925280,55.577209
13.045000,55.632488
13.054720,55.697769
12.912220,55.757771
12.765830,55.964989
12.556630,56.179409
12.481390,56.281380
12.473890,56.297211
12.708890,56.218601
12.813330,56.232769
12.833050,56.269161
12.622780,56.399990
12.631940,56.436939
12.679720,56.466381
12.868610,56.441380
12.910830,56.466930
12.936940,56.532490
12.869170,56.648880
12.725280,56.639709
12.635280,56.725819
12.593330,56.817490
12.350280,56.914440
12.334440,57.016380
12.237780,57.059711
12.196660,57.182209
12.099720,57.232491
12.111940,57.259430
12.141940,57.313599
12.043890,57.336929
12.095000,57.426929
12.043890,57.459709
12.007780,57.428879
11.986110,57.341381
11.931940,57.354710
11.906390,57.623322
11.864720,57.602772
11.831670,57.675819
11.917220,57.696659
11.741390,57.688599
11.699720,57.715820
11.811670,57.781940
11.662220,57.841648
11.757220,57.897209
11.801390,58.032490
11.776670,58.059429
11.886110,58.211929
11.806940,58.275539
11.857500,58.341930
11.572220,58.246929
11.490830,58.240551
11.513890,58.299709
11.621390,58.385818
11.555560,58.410549
11.492220,58.301929
11.398610,58.259159
11.388330,58.301659
11.392500,58.330269
11.447780,58.332760
11.419720,58.385269
11.386390,58.353600
11.345280,58.348049
11.426110,58.438042
11.228330,58.336651
11.206110,58.404148
11.256940,58.419991
11.248610,58.480259
11.256670,58.522491
11.252220,58.653049
11.178050,58.713871
11.210830,58.755550
11.194170,58.917488
11.106940,58.949989
11.115000,58.991940
11.119170,59.015820
11.179440,59.071930
11.315000,59.101379
11.350000,59.084431
11.420290,58.995998
11.427780,58.893040
11.463050,58.883598
11.626660,58.909149
11.751110,59.090260
11.739720,59.128590
11.787480,59.223660
11.798330,59.245258
11.790830,59.303310
11.787180,59.311871
11.666110,59.595821
11.902780,59.707760
11.891110,59.794708
11.815280,59.845821
11.956940,59.896931
12.163050,59.896931
12.476940,60.076382
12.491110,60.301380
12.589720,60.399151
12.608050,60.468590
12.587500,60.526649
12.229160,60.985260
12.294160,61.029430
12.655000,61.062481
12.856110,61.362492
12.530000,61.566090
12.406670,61.573318
12.124440,61.728588
12.295830,62.261662
12.210000,62.389980
12.011940,62.601379
12.089440,62.749432
12.028890,62.892490
12.168610,63.015820
11.936390,63.272209
12.195000,63.485260
12.139440,63.584148
12.324720,63.709431
12.675000,63.965542
12.836660,64.023033
13.230000,64.093033
13.981660,64.013031
14.040500,64.071747
14.048930,64.080170
14.154720,64.185791
14.116390,64.470520
13.682220,64.571091
13.696940,64.629410
14.319440,65.129959
14.368890,65.246628
14.493050,65.313583
14.503890,65.593307
14.634720,65.826920
14.505000,66.132462
15.025280,66.149979
15.468050,66.283859
15.362780,66.479973
15.625830,66.605797
16.010000,66.890808
16.353889,67.017754
16.399160,67.177750
16.085831,67.411636
16.192221,67.499977
16.382500,67.515533
16.570271,67.656921
16.726940,67.899139
17.188330,68.030258
17.273609,68.090530
17.884159,67.945511
18.155270,68.166077
18.045830,68.409409
18.090830,68.507751
18.358049,68.539139
18.611940,68.475250
18.952221,68.487747
19.937771,68.337479
20.175831,68.448013
20.211109,68.482193
19.956381,68.543854
20.202499,68.662193
20.350269,68.786636
20.314720,68.928299
20.096939,69.042191
20.586090,69.063141
# Triangles
546,543,542
543,546,544
546,545,544
534,533,535
547,540,548
542,541,547
542,547,546
548,553,552
549,548,551
559,558,560
562,561,560
565,562,560
565,560,558
549,551,550
551,548,552
557,556,555
557,555,558
555,567,558
539,536,532
536,535,532
539,537,536
540,532,531
532,535,533
526,523,527
523,530,528
528,530,529
527,523,528
540,531,530
524,526,525
538,537,539
548,540,553
540,547,541
554,553,522
532,540,539
523,522,530
530,522,540
520,554,521
521,554,522
553,540,522
524,523,526
555,554,514
440,583,555
594,593,595
593,592,595
587,586,588
590,595,591
595,592,591
586,589,588
605,604,599
605,607,606
603,599,604
595,590,596
596,599,598
602,600,599
599,596,590
605,599,617
602,599,603
599,590,617
602,601,600
596,598,597
590,589,618
571,570,569
572,571,569
572,569,568
573,572,574
562,564,563
564,562,565
567,566,565
572,568,575
558,567,565
575,568,567
579,578,580
578,581,580
582,581,583
578,577,576
576,575,578
575,574,572
575,583,581
584,583,585
567,555,583
585,589,586
575,567,583
581,578,575
585,583,631
589,585,618
520,514,554
519,518,515
516,515,518
514,520,515
518,517,516
515,520,519
492,514,513
507,509,508
510,509,506
512,506,505
506,512,510
512,505,503
509,507,506
510,512,511
504,503,505
502,500,499
500,502,501
503,502,495
493,512,503
512,492,513
499,495,502
496,498,497
496,499,498
493,495,494
493,492,512
496,495,499
492,491,490
489,488,487
492,490,484
484,490,489
493,503,495
484,487,485
483,481,480
480,479,478
476,484,480
483,480,484
481,483,482
476,492,484
487,486,485
484,489,487
514,492,476
476,480,478
476,475,474
477,476,478
473,459,474
466,473,467
467,473,472
476,474,440
468,467,471
466,465,464
460,466,461
464,462,466
472,471,467
459,473,466
447,459,451
447,441,474
440,474,441
442,441,447
440,369,368
459,447,474
458,454,459
455,454,458
459,454,451
446,444,447
449,448,451
443,447,444
448,447,451
452,451,454
466,460,459
370,369,439
470,468,471
476,440,514
463,462,464
461,466,462
457,455,458
457,456,455
454,453,452
468,470,469
450,449,451
445,444,446
447,443,442
439,437,431
435,433,436
433,435,434
436,433,437
439,438,437
440,366,583
514,440,555
431,437,433
609,608,610
608,611,610
611,608,612
612,608,613
605,616,607
605,617,616
615,608,616
440,367,366
616,608,607
614,608,615
620,619,621
614,613,608
622,621,619
626,624,623
624,626,625
628,627,629
623,622,630
585,622,619
585,619,618
366,631,583
366,365,364
359,366,364
631,622,585
359,362,361
364,362,359
363,362,364
361,360,359
626,629,627
629,626,630
626,623,630
632,631,633
630,622,631
366,359,358
358,260,366
634,366,639
633,366,634
635,634,638
248,639,366
633,631,366
354,358,357
367,440,368
618,617,590
645,644,646
648,646,644
637,636,635
639,638,634
643,641,640
643,642,641
643,640,639
644,643,648
635,638,637
656,655,643
648,647,646
650,649,648
651,650,652
648,652,650
648,653,652
648,654,653
662,661,660
648,655,654
648,643,655
656,643,639
248,656,639
657,656,225
660,659,665
225,658,657
663,662,660
663,665,664
665,663,660
667,666,665
668,667,669
665,669,667
670,665,206
670,669,665
672,671,670
673,672,670
670,674,673
679,675,681
676,675,677
678,677,675
679,678,675
683,681,675
659,206,665
658,225,659
670,206,674
379,431,428
439,369,440
374,379,377
379,374,431
378,377,379
374,377,375
431,374,370
428,430,429
428,431,430
375,377,376
426,379,428
433,432,431
372,370,373
356,355,354
354,262,358
372,371,370
351,354,353
352,351,353
351,350,354
350,349,346
370,374,373
262,354,350
431,370,439
380,382,381
379,426,380
348,347,346
348,346,349
383,382,380
426,428,427
426,425,424
424,421,426
384,383,380
344,343,342
421,380,426
346,345,333
333,332,346
331,350,332
333,345,334
332,350,346
334,344,339
344,334,345
344,342,340
334,339,338
335,338,336
337,336,338
335,334,338
263,350,331
256,260,259
260,256,254
254,252,260
252,254,253
252,251,248
254,256,255
252,248,366
259,258,257
257,256,259
358,262,260
251,250,248
248,247,246
206,659,225
243,248,246
244,243,246
225,656,243
248,243,656
244,246,245
682,681,683
681,680,679
236,243,242
248,250,249
262,261,260
366,260,252
238,236,242
242,241,238
236,238,237
235,243,236
241,239,238
239,241,240
266,264,263
262,350,263
227,225,243
226,225,227
225,224,206
229,227,235
243,235,227
233,232,229
233,229,235
231,229,232
229,228,227
231,230,229
233,235,234
683,675,674
267,263,330
331,330,263
223,221,224
354,357,356
422,421,424
417,419,418
421,384,380
415,414,412
407,416,415
417,416,419
416,386,420
419,416,420
384,420,385
384,421,420
340,339,344
327,326,325
321,323,322
341,340,342
386,385,420
325,328,327
413,412,414
424,423,422
407,415,411
386,416,387
389,388,387
407,387,416
409,408,407
410,409,411
387,406,389
387,407,406
407,411,409
317,324,319
319,324,321
321,320,319
317,319,318
321,324,323
316,315,311
283,325,317
325,283,274
315,314,313
406,390,389
325,324,317
390,406,404
412,411,415
316,283,317
330,329,328
264,266,265
266,263,267
268,267,330
270,268,272
269,268,270
268,328,274
330,328,268
221,223,222
206,212,207
220,212,206
206,224,220
224,221,220
219,218,212
212,217,216
208,207,212
208,212,211
211,209,208
212,218,217
212,220,219
179,206,205
168,674,206
272,271,270
214,216,215
212,216,213
213,216,214
274,273,272
209,211,210
272,268,274
203,202,204
204,202,201
201,182,205
198,200,199
193,197,195
198,197,200
193,182,201
193,200,197
192,182,193
193,201,200
196,195,197
201,205,204
280,274,281
328,325,274
181,205,182
285,316,311
404,403,402
392,401,400
402,401,391
404,402,390
393,400,399
399,394,393
397,394,399
397,399,398
392,400,393
404,406,405
392,391,401
311,315,312
309,285,311
286,285,287
283,316,285
288,287,285
311,310,309
395,397,396
394,397,395
402,391,390
309,308,307
300,289,285
307,301,309
302,307,306
300,285,301
306,305,303
301,307,302
306,303,302
305,304,303
300,299,294
289,293,290
293,289,294
291,290,293
293,292,291
288,285,289
294,289,300
297,296,295
295,294,297
297,294,299
299,298,297
285,309,301
283,282,281
275,274,280
284,283,285
276,275,280
280,279,276
277,276,279
274,283,281
186,182,187
192,191,187
179,181,180
179,173,206
189,188,187
182,192,187
183,182,186
186,185,183
189,187,190
191,190,187
179,178,177
194,193,195
183,185,184
279,278,277
176,175,177
173,175,174
172,171,170
177,175,173
169,168,172
168,173,172
168,167,157
168,206,173
172,170,169
166,165,163
166,162,160
162,166,163
160,162,161
167,166,158
165,164,163
158,166,160
177,173,179
205,181,179
312,315,313
151,674,168
155,153,151
156,155,157
154,153,155
151,168,157
157,167,158
149,148,147
149,147,146
152,151,153
150,149,146
150,146,145
150,145,142
683,151,150
155,151,157
144,143,145
141,140,142
140,139,138
107,150,142
143,142,145
137,142,140
683,674,151
135,134,136
138,137,140
137,136,132
134,133,136
127,132,130
130,132,131
128,130,129
127,130,128
133,132,136
107,137,132
127,126,132
125,124,123
125,123,119
115,126,125
118,117,119
121,120,119
116,119,117
119,116,125
115,125,116
121,119,123
123,122,121
132,126,107
107,142,137
688,684,689
685,687,686
684,687,685
688,687,684
684,683,690
92,691,690
690,689,684
108,107,126
5,692,6
5,4,692
93,683,107
93,690,683
683,150,107
697,696,698
692,694,693
698,695,4
695,694,692
698,4,3
3,1,698
1,3,2
695,698,696
4,695,692
111,109,108
115,114,108
106,105,104
106,104,103
114,111,108
113,112,111
110,109,111
111,114,113
106,103,93
93,101,94
93,103,101
6,692,691
690,93,92
691,92,77
101,103,102
101,100,99
97,99,98
97,94,99
87,91,88
92,91,87
97,95,94
86,92,87
94,101,99
93,107,106
115,108,126
158,160,159
97,96,95
92,86,77
89,88,90
83,85,84
86,85,80
81,83,82
80,83,81
77,80,79
80,77,86
79,78,77
83,80,85
72,71,70
77,76,72
70,65,72
69,65,70
64,77,65
65,77,72
60,77,64
77,7,691
66,69,68
63,61,64
73,75,74
67,66,68
50,49,48
73,76,75
76,73,72
56,58,57
55,54,56
62,61,63
51,50,47
47,46,45
48,47,50
53,56,54
69,66,65
60,64,61
59,58,53
59,53,60
58,56,53
22,53,31
60,53,22
47,38,52
22,29,23
13,22,21
20,19,21
60,22,9
53,52,37
47,52,51
19,13,21
9,22,10
691,7,6
8,7,9
77,9,7
14,13,18
10,22,13
17,15,18
14,18,15
12,11,13
13,11,10
18,13,19
38,47,45
77,60,9
39,38,45
39,43,40
32,37,35
37,32,31
37,31,53
37,52,38
40,43,42
35,34,33
35,33,32
36,35,37
44,43,45
31,30,29
23,28,24
23,29,28
29,22,31
25,28,27
25,27,26
16,15,17
24,28,25
45,43,39
40,42,41
91,90,88
