# Sweden region 2
41 38
# Outer Vertices
18.147779,56.911930
18.202770,57.015270
18.262501,57.036381
18.289440,57.090820
18.217501,57.057770
18.156670,57.228039
18.098890,57.253040
18.101391,57.282211
18.176941,57.375542
18.115280,57.480820
18.111389,57.519428
18.461390,57.807770
18.716110,57.921101
18.771940,57.886929
18.788059,57.830818
18.849159,57.873051
18.840830,57.908871
18.914169,57.917488
18.899719,57.886929
19.003889,57.898880
19.082781,57.830269
18.944160,57.781651
18.899719,57.713329
18.814440,57.734711
18.762220,57.615261
18.808050,57.600552
18.768049,57.478039
18.808889,57.439159
18.896660,57.441380
18.929159,57.418049
18.907499,57.380550
18.788891,57.370541
18.671940,57.302212
18.666380,57.278881
18.714439,57.246929
18.417219,57.144161
18.413059,57.125820
18.335550,57.023319
18.358610,56.987770
18.230551,56.918049
18.147779,56.911930
# Triangles
0,39,1
2,1,39
39,38,2
37,3,2
3,36,35
36,3,37
3,35,5
37,2,38
4,3,5
6,5,7
8,10,9
8,7,5
8,5,35
8,32,11
8,35,32
26,11,32
8,11,10
33,32,35
35,34,33
31,27,26
27,31,30
24,26,25
14,11,24
31,26,32
30,29,28
23,22,21
28,27,30
24,23,14
14,23,15
13,12,14
15,18,16
12,11,14
21,20,19
19,18,21
18,17,16
21,18,15
23,21,15
24,11,26
