# Colombia region 0
491 488
# Outer Vertices
-71.324799,11.852640
-71.403610,11.812780
-71.977219,11.665000
-72.265007,11.152500
-72.341377,11.165000
-72.493057,11.121110
-72.584442,10.937220
-72.847229,10.523050
-72.978882,9.988884
-72.962509,9.836941
-73.095840,9.581663
-73.383904,9.189720
-73.371933,9.166941
-73.318413,9.173717
-73.001404,9.302496
-72.981110,9.260830
-72.973618,9.142496
-72.926941,9.098330
-72.845284,9.140274
-72.772232,9.113050
-72.664436,8.641108
-72.384171,8.363050
-72.335564,8.146385
-72.333618,8.049440
-72.402496,8.041941
-72.420273,7.989998
-72.471657,7.491942
-72.399170,7.406109
-72.183319,7.382775
-72.145554,7.198608
-72.065552,7.061665
-71.880829,6.985275
-71.553047,7.044721
-71.132217,6.995275
-70.963058,7.002776
-70.824173,7.084998
-70.569458,7.090277
-70.513062,7.015277
-70.307503,6.939720
-70.119164,6.975831
-69.429718,6.118608
-69.331390,6.153053
-69.256958,6.083887
-69.194992,6.099998
-69.094162,6.199164
-68.971123,6.198608
-68.644173,6.134165
-68.454178,6.190554
-68.313606,6.166943
-68.152222,6.223331
-68.001106,6.206665
-67.835564,6.308332
-67.573624,6.266109
-67.454788,6.193110
-67.491943,6.118608
-67.414436,5.987220
-67.622223,5.787498
-67.651672,5.669998
-67.613327,5.539165
-67.731667,5.430553
-67.849731,5.307775
-67.828888,5.112220
-67.793060,5.049998
-67.875267,4.525276
-67.813049,4.465276
-67.805557,4.227498
-67.729172,4.087499
-67.690567,3.958610
-67.595840,3.737777
-67.488907,3.722776
-67.374443,3.478888
-67.303879,3.451943
-67.290833,3.397499
-67.384171,3.259166
-67.446663,3.241943
-67.843353,2.868332
-67.846336,2.792450
-67.756958,2.838888
-67.607224,2.795555
-67.567780,2.683332
-67.493896,2.666388
-67.281387,2.438888
-67.192490,2.392499
-67.174179,2.336944
-67.216949,2.275277
-67.172501,2.148055
-67.111938,2.099443
-67.133904,1.987777
-66.991676,1.695833
-66.873383,1.225538
-67.075562,1.172499
-67.084183,1.193888
-67.072510,1.625277
-67.191963,1.849444
-67.335297,2.111110
-67.424438,2.143888
-67.517227,2.099999
-67.783333,1.806944
-67.951950,1.742499
-68.015289,1.773889
-68.089722,1.933611
-68.194992,2.014444
-68.275833,1.832222
-68.153343,1.724166
-69.377777,1.728635
-69.459167,1.760278
-69.738892,1.731666
-69.843201,1.715337
-69.842216,1.062222
-69.720840,1.089722
-69.710297,1.060277
-69.446663,1.062222
-69.426102,1.027222
-69.275558,1.041111
-69.193329,0.951944
-69.202789,0.906667
-69.142227,0.870555
-69.182503,0.731944
-69.125816,0.651111
-69.137512,0.630000
-69.209351,0.618277
-69.318893,0.653055
-69.464447,0.740278
-69.511124,0.726389
-69.611389,0.645555
-69.678329,0.678889
-69.940552,0.581667
-70.044159,0.590833
-70.046387,0.504444
-70.058037,-0.157500
-69.928329,-0.309444
-69.620270,-0.504445
-69.573059,-0.636667
-69.618057,-0.733889
-69.565552,-0.845000
-69.468338,-0.966111
-69.442230,-1.024167
-69.380829,-1.174445
-69.383904,-1.366667
-69.437500,-1.429167
-69.455276,-1.537778
-69.576111,-2.208333
-69.695831,-2.876945
-69.816101,-3.549445
-69.946579,-4.224228
-70.248894,-3.861112
-70.371933,-3.788334
-70.516113,-3.861112
-70.620773,-3.825904
-70.724442,-3.779722
-70.049728,-2.727500
-70.071671,-2.661111
-70.125549,-2.699445
-70.236938,-2.552222
-70.326950,-2.578334
-70.338333,-2.555556
-70.299988,-2.531667
-70.307503,-2.495555
-70.420547,-2.511111
-70.527222,-2.426389
-70.552223,-2.432500
-70.540833,-2.494723
-70.587784,-2.481112
-70.599731,-2.420834
-70.758621,-2.296111
-70.971390,-2.223611
-70.988327,-2.300278
-71.093887,-2.303056
-71.113892,-2.353056
-71.355560,-2.391389
-71.357773,-2.353055
-71.430283,-2.276945
-71.460564,-2.352500
-71.515007,-2.235834
-71.679443,-2.221667
-71.688599,-2.149723
-71.731377,-2.167500
-71.898621,-2.384445
-72.008621,-2.357223
-72.048050,-2.387223
-72.103882,-2.476389
-72.129990,-2.440556
-72.208893,-2.458334
-72.208893,-2.506390
-72.336670,-2.479722
-72.354446,-2.434445
-72.595840,-2.407778
-72.646118,-2.494167
-72.692490,-2.440556
-72.716660,-2.475000
-72.744720,-2.434444
-72.805832,-2.487778
-72.891953,-2.503056
-72.944443,-2.395556
-73.022781,-2.422223
-73.036118,-2.365278
-73.083069,-2.363334
-73.133904,-2.243333
-73.088333,-2.224445
-73.057503,-2.140834
-73.093338,-1.918056
-73.199158,-1.803056
-73.309433,-1.872222
-73.507507,-1.748333
-73.446381,-1.596389
-73.517227,-1.503889
-73.556381,-1.370834
-73.738892,-1.238611
-73.755569,-1.294167
-73.844162,-1.260556
-73.850281,-1.170834
-73.938316,-1.168889
-74.020554,-1.035278
-74.077789,-1.073611
-74.236938,-1.018889
-74.293610,-0.902222
-74.242493,-0.890000
-74.238892,-0.859167
-74.309158,-0.813334
-74.376099,-0.568056
-74.607773,-0.383611
-74.638344,-0.410278
-74.663887,-0.346667
-74.706673,-0.367778
-74.730827,-0.266389
-74.786667,-0.200556
-74.876099,-0.227222
-75.150833,-0.038889
-75.212219,-0.037500
-75.245003,-0.119722
-75.285248,-0.119124
-75.434433,-0.060000
-75.597778,0.055833
-75.628052,0.028889
-75.775284,0.056389
-76.047783,0.340000
-76.106110,0.321667
-76.115829,0.379167
-76.303047,0.418889
-76.331680,0.373611
-76.408340,0.396944
-76.408890,0.248333
-76.721390,0.280555
-76.733063,0.232500
-76.880280,0.242222
-77.080841,0.359167
-77.196663,0.334722
-77.379707,0.384722
-77.427223,0.424444
-77.444443,0.627222
-77.476387,0.663611
-77.541672,0.656111
-77.658340,0.745000
-77.655937,0.815246
-77.714722,0.845833
-77.809402,0.805489
-77.889999,0.829722
-77.916367,0.881664
-78.351936,1.067222
-78.473328,1.197777
-78.560272,1.198611
-78.595932,1.269294
-78.634171,1.264444
-78.809868,1.437926
-78.811607,1.439644
-78.861679,1.555000
-79.035004,1.600000
-79.051682,1.633888
-78.969177,1.756388
-78.851387,1.836666
-78.631119,1.807777
-78.621117,1.764722
-78.584167,1.768889
-78.547501,1.922222
-78.595840,1.946944
-78.590012,2.010277
-78.623901,2.030277
-78.660568,1.991944
-78.687233,2.199999
-78.538887,2.429999
-78.474731,2.434444
-78.460007,2.501389
-78.422234,2.507500
-78.353897,2.438611
-78.212784,2.536110
-78.125839,2.486944
-78.060287,2.550277
-77.993057,2.521388
-77.948624,2.559444
-77.976959,2.590277
-77.893890,2.630277
-77.908340,2.587777
-77.861954,2.558888
-77.783073,2.571388
-77.740837,2.604722
-77.813057,2.748333
-77.776947,2.808332
-77.638901,2.845833
-77.643623,2.875277
-77.707230,2.860000
-77.705566,2.918055
-77.644730,2.891111
-77.620010,2.981111
-77.691391,2.993332
-77.697243,3.047499
-77.559174,3.053333
-77.515007,3.126388
-77.505569,3.216666
-77.418900,3.258610
-77.406952,3.303055
-77.471947,3.328888
-77.442497,3.363610
-77.351669,3.334999
-77.315842,3.499166
-77.263901,3.469999
-77.270844,3.526944
-77.281677,3.568888
-77.202217,3.613610
-77.146118,3.663610
-77.129997,3.716388
-77.191963,3.700277
-77.196404,3.751944
-77.125557,3.766388
-77.156403,3.803055
-77.126106,3.819722
-77.028900,3.917777
-77.122787,3.923333
-77.111679,3.896388
-77.251106,3.836388
-77.291397,3.860833
-77.309448,3.932777
-77.293327,3.977221
-77.241119,3.983888
-77.187233,4.060276
-77.283340,4.069165
-77.335564,3.964444
-77.348068,3.928888
-77.374184,3.934722
-77.435562,4.122221
-77.430008,4.174165
-77.353897,4.221665
-77.313606,4.190555
-77.239464,4.254444
-77.377502,4.328054
-77.345840,4.445276
-77.316963,4.648054
-77.291672,4.667222
-77.256668,4.703333
-77.363617,4.994165
-77.382233,5.371666
-77.450012,5.485554
-77.485001,5.505555
-77.547501,5.488888
-77.506668,5.582776
-77.418060,5.624721
-77.332230,5.613054
-77.251678,5.706665
-77.243622,5.782776
-77.475281,6.157776
-77.480293,6.292500
-77.410278,6.234999
-77.374451,6.339999
-77.406677,6.388887
-77.355827,6.391387
-77.357498,6.499928
-77.339737,6.565000
-77.490570,6.708887
-77.532791,6.662777
-77.575287,6.806109
-77.664459,6.875555
-77.691963,6.845554
-77.693619,6.938888
-77.655006,6.962499
-77.678337,7.052221
-77.819458,7.157498
-77.889130,7.227722
-77.811111,7.479999
-77.745003,7.487498
-77.720551,7.548054
-77.758621,7.625553
-77.754997,7.709998
-77.735283,7.724165
-77.662216,7.677775
-77.606377,7.549442
-77.573898,7.525276
-77.438599,7.622775
-77.325012,7.720832
-77.371933,7.786110
-77.291946,7.907776
-77.146667,7.945831
-77.221657,8.102219
-77.363892,8.286942
-77.373894,8.396385
-77.420273,8.470551
-77.478607,8.479717
-77.366127,8.676170
-77.248901,8.471107
-77.109734,8.363609
-76.983337,8.252222
-76.946953,8.160830
-76.945282,8.125830
-76.904167,8.108330
-76.838623,8.133886
-76.870010,8.031942
-76.918617,8.024998
-76.926392,7.943054
-76.829727,7.906387
-76.759453,7.916388
-76.734734,8.020830
-76.767227,8.242496
-76.823898,8.484997
-76.945282,8.534164
-76.894447,8.617220
-76.649437,8.707775
-76.642502,8.743330
-76.434448,8.871386
-76.431953,8.905552
-76.278900,8.981665
-76.259171,9.001663
-76.263344,9.053053
-76.194458,9.115831
-76.172234,9.238607
-76.108902,9.272219
-76.113892,9.311386
-75.932243,9.429996
-75.662514,9.424442
-75.620010,9.472219
-75.586403,9.576942
-75.621948,9.693331
-75.719452,9.701109
-75.641953,9.803331
-75.531677,10.236940
-75.559448,10.241390
-75.650284,10.194440
-75.513344,10.305550
-75.547791,10.412220
-75.487793,10.482220
-75.525848,10.566660
-75.277237,10.741660
-75.256958,10.705550
-75.227226,10.723050
-75.276123,10.784160
-74.967216,11.011110
-74.864464,11.123050
-74.341667,10.986660
-74.409180,10.966390
-74.493057,10.974160
-74.517792,10.904720
-74.531113,10.871940
-74.587509,10.886940
-74.606667,10.788330
-74.545288,10.805550
-74.541122,10.758050
-74.496948,10.765000
-74.505280,10.839160
-74.472504,10.822220
-74.455002,10.738330
-74.390556,10.743050
-74.292236,10.933330
-74.229446,11.210830
-74.188904,11.309720
-74.032967,11.353180
-73.678886,11.266110
-73.345291,11.279440
-73.226959,11.334440
-73.035004,11.502780
-72.605560,11.752220
-72.360573,11.831940
-72.240280,11.905280
-72.139717,12.103610
-72.174454,12.222780
-72.144180,12.248330
-71.968903,12.260000
-71.992508,12.210550
-71.993057,12.157780
-71.911118,12.195830
-71.865837,12.206670
-71.890007,12.279720
-71.960281,12.276940
-71.828613,12.358890
-71.839447,12.333050
-71.809723,12.313330
-71.683327,12.396390
-71.655006,12.438890
-71.738892,12.415280
-71.693336,12.458330
-71.528900,12.446110
-71.226669,12.306940
-71.113892,12.096110
-71.118057,12.038610
-71.324799,11.852640
# Triangles
268,267,266
268,266,265
262,261,263
265,263,271
265,264,263
272,271,263
268,265,269
278,277,276
271,270,269
265,271,269
278,276,275
272,263,261
257,256,255
253,293,254
250,253,251
253,250,294
251,253,252
273,272,257
259,261,260
254,293,257
275,274,273
261,259,272
257,287,273
254,257,255
258,257,272
259,258,272
275,273,283
280,278,275
238,294,250
279,278,280
281,280,282
285,283,273
286,285,287
283,285,284
273,287,285
283,282,280
275,283,280
289,288,291
292,291,288
291,290,289
292,288,287
257,292,287
294,296,295
294,293,253
296,294,297
301,298,302
301,299,298
300,299,301
298,297,302
294,238,297
303,302,304
305,304,302
302,297,305
309,311,310
308,307,306
305,297,306
297,308,306
293,292,257
250,249,240
234,233,232
231,230,228
228,232,231
232,227,235
235,234,232
244,242,245
244,243,242
245,249,246
245,242,240
237,236,235
242,241,240
229,228,230
219,218,217
215,214,216
212,217,216
219,217,212
219,107,225
226,225,227
228,227,232
225,325,227
222,221,220
224,222,220
222,224,223
220,225,224
225,220,219
347,325,30
235,227,325
308,312,309
249,245,240
311,309,312
248,247,249
297,312,308
314,312,237
314,313,312
249,247,246
337,335,338
335,337,336
315,317,316
330,332,331
330,329,332
317,315,314
317,314,318
319,321,320
239,238,240
238,250,240
319,318,325
314,237,318
237,235,318
238,237,312
238,312,297
321,319,322
324,323,322
328,332,329
326,332,328
327,326,328
332,326,333
322,319,325
324,322,325
333,326,325
235,325,318
225,107,325
349,355,350
339,338,341
354,350,355
351,353,352
359,358,360
353,351,354
358,357,360
361,360,357
362,361,363
351,350,354
349,348,356
345,344,346
344,343,342
334,333,341
342,341,333
344,342,347
341,340,339
338,334,341
342,333,325
365,363,357
365,364,363
361,357,363
356,355,349
347,346,344
27,356,347
356,27,357
347,356,348
406,386,365
365,357,407
338,335,334
377,375,374
369,372,371
384,377,373
369,368,372
371,370,369
377,374,373
377,376,375
382,380,379
378,383,382
383,378,377
381,380,382
382,379,378
383,377,384
373,372,385
367,366,368
385,372,368
384,373,385
368,366,385
385,366,365
388,387,386
388,386,389
365,386,385
395,393,396
395,394,393
393,392,396
397,391,390
391,396,392
397,396,391
390,389,400
386,405,389
342,325,347
389,404,400
390,400,399
400,404,401
407,406,365
402,401,403
401,404,403
405,386,406
397,390,398
390,399,398
412,410,413
412,411,410
409,413,410
389,405,404
415,409,408
409,415,413
415,414,413
408,417,415
417,416,415
419,418,420
417,408,418
408,425,418
421,420,422
423,422,424
420,425,422
425,424,422
11,456,427
425,408,12
420,418,425
408,407,12
26,407,357
430,429,428
440,434,452
432,434,433
434,432,431
452,434,431
431,430,428
435,434,436
439,438,437
437,436,439
439,436,434
442,441,440
442,440,450
440,439,434
431,428,427
450,452,451
452,450,440
431,427,456
453,455,454
455,453,456
456,453,452
452,431,456
449,448,447
446,449,447
449,446,443
443,442,449
446,444,443
444,446,445
427,426,11
449,442,450
456,11,457
426,425,12
457,462,458
213,216,214
192,191,193
182,184,183
185,184,182
191,190,193
193,198,195
193,195,194
199,193,190
179,185,182
185,200,186
186,188,187
186,199,190
188,186,190
189,188,190
182,181,179
146,149,148
159,158,157
146,150,149
146,148,147
179,178,185
180,179,181
162,160,163
162,161,160
163,159,164
159,163,160
204,203,202
206,205,204
202,201,204
201,175,206
206,204,201
211,210,212
219,212,207
210,207,212
209,207,210
207,209,208
207,206,128
219,207,127
201,200,176
198,193,199
178,200,185
168,167,170
167,166,165
168,170,169
170,167,171
195,198,196
176,200,178
199,186,200
201,176,175
173,171,165
173,175,174
175,173,165
171,167,165
178,177,176
171,173,172
206,175,129
165,129,175
196,198,197
134,165,164
159,140,164
146,145,143
143,150,146
141,153,151
151,150,142
145,144,143
153,152,151
156,153,157
153,156,154
128,206,129
129,165,130
165,133,130
108,127,126
207,128,127
141,157,153
140,159,157
142,150,143
156,155,154
134,164,140
141,140,157
139,138,137
137,136,139
140,139,134
139,136,134
133,132,131
131,130,133
135,134,136
134,133,165
118,120,119
142,141,151
123,110,125
125,124,123
112,123,122
115,112,122
115,121,117
113,112,115
115,122,121
110,123,112
109,108,110
107,106,40
108,107,127
111,110,112
101,105,104
108,125,110
65,106,105
113,115,114
125,108,126
117,121,120
116,115,117
91,90,89
92,89,88
89,92,91
101,104,102
99,97,100
104,103,102
100,97,96
88,87,93
98,97,99
93,92,88
120,118,117
107,219,127
31,325,107
13,17,16
20,13,12
15,13,16
17,20,19
20,17,13
19,18,17
12,26,20
14,13,15
10,8,457
9,8,10
464,7,6
7,457,8
457,7,462
11,426,12
357,27,26
28,27,29
32,31,33
30,29,27
325,31,30
30,27,347
24,21,20
24,22,21
25,24,20
23,22,24
4,3,2
5,4,466
25,20,26
407,26,12
465,6,5
459,461,460
461,459,462
459,458,462
466,465,5
7,464,463
7,463,462
467,466,4
467,2,468
469,474,471
2,474,469
471,473,472
473,471,474
469,471,470
469,468,2
464,6,465
475,2,476
475,474,2
476,1,482
481,477,476
482,1,0
1,476,2
4,2,467
478,477,480
481,480,477
480,479,478
483,485,484
483,482,486
486,485,483
481,476,482
0,486,482
0,487,486
457,11,10
76,75,105
76,101,96
75,65,105
79,77,76
68,75,74
78,77,79
79,76,96
100,96,101
65,64,63
106,63,40
62,61,63
65,63,106
68,67,75
67,66,65
65,75,67
79,96,80
42,63,61
95,94,84
95,84,81
82,84,83
94,85,84
81,84,82
87,86,85
87,85,94
70,68,74
70,74,73
70,69,68
72,70,73
71,70,72
80,95,81
95,80,96
87,94,93
38,40,39
40,38,34
42,61,43
43,45,44
42,41,40
63,42,40
488,0,489
487,0,488
34,37,35
34,33,40
36,35,37
38,37,34
33,31,40
60,59,57
57,48,60
60,48,46
59,58,57
46,45,43
55,54,56
50,57,56
51,56,54
48,50,49
47,46,48
52,51,54
50,48,57
51,50,56
53,52,54
46,43,60
60,43,61
31,107,40
76,105,101
212,216,213
