# San Marino region 0
80 77
# Outer Vertices
12.407696,43.913788
12.405800,43.919399
12.404700,43.923100
12.403900,43.926701
12.403600,43.930801
12.403900,43.935600
12.405000,43.939400
12.404700,43.943600
12.405000,43.948299
12.406700,43.951900
12.408900,43.955002
12.412800,43.956699
12.416700,43.958302
12.421400,43.959400
12.425800,43.960602
12.430600,43.961700
12.434400,43.963299
12.437800,43.965599
12.441100,43.967800
12.443900,43.970299
12.445600,43.973900
12.447800,43.976898
12.450600,43.979698
12.453900,43.981701
12.458100,43.983299
12.462500,43.984699
12.466900,43.985802
12.471700,43.986900
12.476700,43.987499
12.481900,43.988300
12.487200,43.988899
12.492800,43.989201
12.499200,43.988899
12.505600,43.988602
12.510000,43.986900
12.510300,43.982800
12.508600,43.979198
12.507500,43.975300
12.507200,43.970600
12.506700,43.966099
12.506900,43.961899
12.507800,43.958099
12.508900,43.954399
12.509700,43.950802
12.510800,43.946899
12.511700,43.943298
12.510600,43.939201
12.507200,43.937199
12.503300,43.935600
12.499400,43.933899
12.496700,43.931099
12.495600,43.927200
12.496400,43.923302
12.496100,43.918900
12.495000,43.914700
12.492800,43.911701
12.490600,43.908600
12.487800,43.905800
12.484400,43.903900
12.481100,43.901699
12.477800,43.899399
12.474400,43.897202
12.469700,43.896099
12.464700,43.895599
12.459200,43.896099
12.454200,43.897499
12.450300,43.899399
12.447500,43.901901
12.445300,43.904701
12.442800,43.907501
12.439200,43.909401
12.434200,43.909698
12.430300,43.908100
12.425600,43.906898
12.421700,43.905300
12.416400,43.904701
12.412200,43.906101
12.410000,43.909199
12.408300,43.912201
12.407696,43.913788
# Triangles
74,78,77
76,75,77
79,78,73
71,4,3
1,79,73
1,72,2
3,2,71
74,77,75
67,66,65
67,65,68
69,68,59
72,71,2
15,71,70
4,71,6
72,1,73
18,69,51
74,73,78
17,70,69
9,8,7
12,7,6
11,9,7
71,14,6
10,9,11
12,11,7
6,13,12
6,14,13
5,4,6
71,15,14
15,70,16
50,19,18
17,16,70
20,19,21
21,23,22
23,21,24
19,24,21
24,19,25
69,18,17
65,64,68
63,60,68
62,61,60
62,60,63
60,59,68
51,59,58
56,55,58
56,58,57
51,69,59
51,58,55
53,55,54
55,53,51
52,51,53
50,18,51
43,49,48
47,46,45
48,47,44
45,44,47
19,50,25
26,50,49
40,27,26
28,40,39
27,40,28
28,39,29
25,50,26
29,39,30
38,31,30
31,37,32
32,36,33
39,38,30
40,26,49
49,41,40
42,49,43
42,41,49
38,37,31
35,34,33
33,36,35
36,32,37
48,44,43
63,68,64
