# Poland region 0
221 218
# Outer Vertices
19.665630,54.466911
19.811920,54.446049
19.990829,54.420540
20.641661,54.366650
21.353331,54.328320
22.074720,54.334980
22.770000,54.359989
22.782803,54.366657
22.863331,54.408588
23.000000,54.383041
23.066111,54.308041
23.341940,54.243320
23.484440,54.138321
23.517780,54.030270
23.474991,53.995258
23.503748,53.947163
23.521111,53.878590
23.658051,53.529709
23.854160,53.210819
23.934990,52.890541
23.933880,52.712200
23.883881,52.678040
23.563610,52.584980
23.384159,52.504162
23.168880,52.282200
23.211380,52.223869
23.293880,52.225811
23.485830,52.146931
23.598330,52.109428
23.656380,52.041660
23.611660,51.914150
23.626381,51.796940
23.553890,51.745819
23.539169,51.592758
23.592085,51.528278
23.671379,51.431660
23.632219,51.307758
23.749439,51.207489
23.973049,50.944149
24.144711,50.858040
24.130550,50.834980
23.995819,50.831100
23.954720,50.787209
24.108330,50.629978
24.132771,50.544430
23.991659,50.407200
23.707769,50.380539
23.630831,50.308880
23.283331,50.081379
22.974710,49.834980
22.680830,49.572491
22.656099,49.519711
22.759991,49.281929
22.725550,49.219978
22.700270,49.165531
22.821659,49.116100
22.882610,49.006351
22.828329,49.025822
22.674160,49.044151
22.598049,49.091091
22.558001,49.079418
22.474991,49.090820
22.030270,49.214989
21.980270,49.311649
21.612770,49.436932
21.513050,49.416370
21.278879,49.456650
21.197491,49.403870
21.125830,49.431660
21.049440,49.405258
21.097500,49.366379
20.910830,49.296101
20.695000,49.417488
20.567221,49.377762
20.440830,49.409149
20.181660,49.324429
20.099440,49.228031
20.068880,49.176380
20.002600,49.213772
19.936380,49.231091
19.794439,49.196369
19.766109,49.213039
19.808889,49.319710
19.791660,49.404430
19.641109,49.401920
19.651939,49.450539
19.585270,49.453602
19.475550,49.605259
19.390270,49.569710
19.338610,49.529430
19.276390,49.530540
19.196939,49.433868
19.138889,49.402210
18.980551,49.396099
18.979441,49.499989
18.854160,49.514709
18.853331,49.517780
18.811661,49.672211
18.632771,49.722481
18.546671,49.913311
18.447220,49.919708
18.160271,49.992760
18.091110,50.029709
18.047220,50.058590
18.007219,50.010540
17.887779,49.976650
17.798889,50.013599
17.750000,50.102211
17.625549,50.135262
17.597771,50.158321
17.762489,50.205540
17.733330,50.312481
17.696100,50.321930
17.665550,50.274700
17.352779,50.276371
17.353889,50.322491
17.246941,50.336651
17.004169,50.424160
16.890270,50.439419
16.867500,50.410542
17.028049,50.234711
16.821381,50.186932
16.725269,50.099709
16.590549,50.138321
16.458611,50.303600
16.210550,50.419708
16.310829,50.504162
16.396660,50.518879
16.449160,50.575821
16.347771,50.657761
16.237499,50.670540
16.221380,50.636650
16.062500,50.619148
16.009720,50.602489
15.997220,50.679710
15.920830,50.683319
15.870550,50.669979
15.818330,50.747761
15.493050,50.785820
15.310560,50.858318
15.270830,50.921371
15.277500,50.969978
15.172780,51.018879
15.051110,51.008320
14.990830,51.006939
15.019170,50.953602
15.005280,50.867199
14.828850,50.866032
14.975280,51.106380
15.038050,51.268040
14.910830,51.483040
14.717500,51.552761
14.757500,51.659420
14.601940,51.813599
14.616110,51.853870
14.716390,51.941090
14.747220,52.056370
14.763530,52.070808
14.693050,52.104710
14.713330,52.239151
14.566940,52.328041
14.534440,52.394711
14.641110,52.566662
14.551110,52.628590
14.257500,52.790539
14.133330,52.833321
14.164720,52.968868
14.342220,53.044991
14.390830,53.141651
14.408610,53.215820
14.445300,53.272591
14.375550,53.423038
14.286390,53.669151
14.277820,53.693920
14.500830,53.668049
14.595550,53.592491
14.611670,53.650829
14.544440,53.710541
14.619440,53.764431
14.629170,53.848881
14.587780,53.803322
14.558330,53.857208
14.424720,53.867489
14.431110,53.899712
14.362500,53.876099
14.416390,53.859440
14.388890,53.832760
14.217420,53.868660
14.203330,53.909420
14.225980,53.928249
14.408610,53.917488
14.559440,53.976650
14.953890,54.063320
15.341110,54.154430
15.764170,54.217209
16.113050,54.268879
16.092220,54.251930
16.173330,54.271648
16.235001,54.318050
16.332781,54.349430
16.329720,54.398319
16.506390,54.529148
16.923050,54.599991
17.075279,54.676102
17.434170,54.752769
17.859720,54.816380
18.334999,54.836651
18.458050,54.788052
18.811939,54.639992
18.703070,54.677292
18.433050,54.786381
18.406111,54.734440
18.483610,54.628880
18.520830,54.641930
18.585279,54.433319
18.721939,54.376381
19.004021,54.342628
19.439211,54.395809
19.624470,54.461491
19.636511,54.471069
19.665630,54.466911
# Triangles
137,136,135
137,135,134
141,139,138
141,138,137
126,125,124
134,132,130
132,134,133
131,130,132
134,130,137
157,150,137
148,144,143
154,153,152
152,151,150
155,154,152
150,157,152
147,144,148
148,142,149
148,143,142
142,141,149
141,137,149
140,139,141
144,147,145
145,147,146
149,137,150
130,157,137
108,107,110
123,121,119
123,122,121
110,109,108
107,105,110
101,100,103
103,110,105
103,105,104
103,102,101
105,107,106
103,111,110
99,111,103
119,124,123
124,119,128
128,118,129
128,127,124
119,118,128
129,118,117
129,117,199
127,126,124
114,113,115
115,112,117
117,214,202
112,115,113
115,117,116
121,120,119
129,157,130
112,111,215
214,117,112
165,164,166
166,164,167
172,171,174
164,163,167
175,171,170
163,168,167
169,168,170
175,174,171
170,168,162
163,162,168
172,174,173
187,186,184
188,187,189
184,190,189
187,184,189
184,186,185
191,181,179
190,184,183
183,191,190
183,182,181
191,183,181
181,180,179
162,161,160
160,159,162
159,158,157
193,175,162
176,178,177
192,176,175
192,179,178
192,178,176
196,162,159
162,175,170
155,157,156
157,129,196
157,196,159
175,193,192
194,196,195
162,194,193
196,194,162
155,152,157
179,192,191
198,197,199
200,199,201
202,201,199
129,199,197
129,197,196
202,204,203
204,202,214
205,212,211
205,211,206
210,207,206
211,210,206
199,117,202
214,205,204
100,99,103
85,84,83
81,80,82
93,92,94
78,77,76
78,76,75
79,75,83
79,82,80
75,74,83
75,79,78
83,82,79
94,92,91
97,94,90
95,94,96
99,98,97
97,96,94
87,99,97
90,94,91
83,87,85
86,85,87
90,89,88
87,97,88
88,97,90
99,87,217
74,87,83
87,74,3
74,73,72
61,60,59
61,51,62
71,70,69
51,63,62
61,59,53
57,56,55
58,57,55
54,53,59
54,58,55
61,53,51
58,54,59
53,52,51
72,68,66
72,69,68
24,66,64
66,68,67
64,66,65
24,72,66
69,72,71
50,49,64
50,64,63
36,48,47
36,47,46
48,33,49
64,49,25
51,50,63
74,72,3
42,46,45
4,3,24
99,217,216
5,4,24
7,6,10
5,23,6
87,3,2
25,24,64
26,25,32
11,10,14
16,14,10
17,6,23
10,6,16
11,14,12
23,5,24
24,3,72
7,10,9
215,111,216
212,214,213
207,210,209
212,205,214
217,87,2
219,218,220
1,220,218
217,1,218
1,217,2
8,7,9
207,209,208
214,112,215
36,46,37
36,35,34
32,27,26
33,36,34
32,31,30
25,49,33
45,43,42
46,42,37
38,41,39
41,38,42
40,39,41
42,38,37
33,48,36
28,27,30
6,17,16
23,22,17
14,13,12
14,16,15
22,21,19
22,18,17
18,22,19
20,19,21
29,28,30
27,32,30
32,25,33
43,45,44
99,216,111
