# Armenia region 0
142 139
# Outer Vertices
43.473240,41.106213
43.561699,41.136398
43.782200,41.115799
43.862499,41.162201
43.985600,41.163101
44.070000,41.191700
44.157501,41.188301
44.178299,41.199200
44.192799,41.236401
44.301899,41.195000
44.365601,41.219700
44.460800,41.186401
44.529202,41.214199
44.554199,41.186401
44.577499,41.186401
44.634399,41.231701
44.711399,41.212799
44.863602,41.214699
44.877800,41.228600
44.821899,41.261902
44.833900,41.286900
44.955299,41.261700
45.022499,41.298599
45.060299,41.245300
45.052799,41.203300
45.147800,41.201099
45.222801,41.141899
45.194698,41.116901
45.081402,41.116100
45.073299,41.101101
45.091400,41.062801
45.132801,41.056702
45.138599,41.082802
45.156898,41.085602
45.232800,41.021702
45.345001,41.000599
45.438900,41.022499
45.437199,40.956902
45.487801,40.946701
45.566101,40.877800
45.618099,40.871899
45.620800,40.843899
45.594200,40.787800
45.429199,40.729198
45.388302,40.671101
45.391102,40.643299
45.420601,40.599998
45.459202,40.581100
45.469200,40.538101
45.506901,40.512501
45.540298,40.453300
45.662800,40.375801
45.841400,40.303299
45.875801,40.269699
45.913300,40.264702
45.958302,40.272202
46.002800,40.220299
45.976898,40.116901
45.924400,40.092499
45.905602,40.020599
45.638100,40.021702
45.603901,40.007801
45.592800,39.982498
45.784199,39.937500
45.816399,39.865601
45.856701,39.823601
45.926399,39.788101
46.006100,39.773102
46.067799,39.689400
46.153599,39.657799
46.204201,39.598099
46.250301,39.595001
46.349998,39.628101
46.413898,39.583900
46.513302,39.583599
46.541401,39.564400
46.546398,39.538601
46.509701,39.513302
46.516701,39.475800
46.400799,39.450802
46.380600,39.424999
46.403900,39.378601
46.518101,39.330299
46.544201,39.278900
46.622501,39.224701
46.545601,39.189400
46.452202,39.218601
46.416100,39.201401
46.423901,39.163898
46.493599,39.128601
46.510799,39.096901
46.523602,39.044201
46.494701,38.959702
46.539925,38.876720
46.533600,38.870819
46.354710,38.910542
46.177959,38.844219
46.107201,38.936100
46.042801,39.078300
45.970299,39.166401
45.971901,39.206699
46.008900,39.250801
45.978100,39.279999
45.885799,39.319401
45.855598,39.348099
45.795601,39.356400
45.776100,39.374699
45.830002,39.449402
45.814701,39.494999
45.823101,39.545300
45.783298,39.569199
45.732201,39.580601
45.626701,39.560001
45.457500,39.493599
45.408600,39.529999
45.326099,39.538300
45.307499,39.588100
45.281898,39.608601
45.253899,39.607800
45.204399,39.572201
45.171101,39.579201
45.175800,39.672501
45.061901,39.778900
44.933102,39.721401
44.858299,39.724998
44.778584,39.706650
44.625259,39.814991
44.540272,39.919979
44.280270,40.046650
44.016930,40.008598
43.657761,40.108601
43.652760,40.134159
43.721088,40.167210
43.594429,40.337490
43.618038,40.395538
43.592758,40.440262
43.753529,40.675930
43.735821,40.782490
43.606380,40.988319
43.554150,40.998039
43.473591,41.041931
43.473240,41.106213
# Triangles
136,129,128
129,132,130
9,136,128
122,126,124
124,126,125
122,127,126
127,14,128
1,139,138
132,134,133
132,131,130
136,134,132
136,6,137
136,135,134
132,129,136
137,2,138
123,122,124
120,119,121
121,118,117
118,121,119
114,62,116
116,115,114
62,117,116
121,117,62
62,122,121
44,30,45
45,30,127
43,35,34
34,44,43
45,127,122
46,45,122
36,35,37
38,37,43
35,43,37
46,122,48
114,113,112
31,44,34
141,140,1
1,140,139
9,128,11
4,3,2
11,13,12
4,2,137
128,13,11
4,137,6
128,14,13
6,5,4
8,7,9
6,9,7
11,10,9
6,136,9
14,16,15
1,138,2
14,127,30
29,28,24
30,29,17
33,32,31
25,27,26
28,27,25
31,34,33
28,25,24
16,30,17
18,20,19
18,24,21
24,18,17
21,23,22
23,21,24
21,20,18
29,24,17
30,16,14
44,31,30
100,99,101
70,102,101
99,98,101
96,95,97
88,98,97
101,81,80
98,87,101
106,105,107
104,103,107
109,107,68
107,109,108
107,103,102
101,80,70
107,102,70
104,107,105
88,97,95
91,88,92
88,90,89
88,87,98
92,88,95
90,88,91
92,94,93
92,95,94
86,81,87
73,79,77
78,77,79
81,86,82
83,86,85
83,82,86
85,84,83
80,79,71
87,81,101
76,75,77
122,61,50
60,51,61
51,60,52
50,61,51
64,111,65
63,62,64
60,53,52
111,110,65
62,112,64
112,111,64
49,48,50
43,42,39
46,48,47
39,38,43
39,41,40
41,39,42
122,50,48
61,122,62
70,69,68
68,67,66
110,109,66
74,73,77
71,73,72
71,79,73
68,107,70
71,70,80
58,60,59
58,54,53
60,58,53
54,56,55
54,57,56
57,54,58
110,66,65
109,68,66
74,77,75
114,112,62
