# Mongolia region 0
374 371
# Outer Vertices
98.934563,52.142010
99.119957,52.033871
99.517197,51.913040
99.721909,51.893040
99.919693,51.760540
100.223900,51.733040
100.670197,51.703602
101.339401,51.468590
101.404404,51.451382
101.543297,51.486931
102.184402,51.345261
102.223297,51.329708
102.224998,51.306370
102.154099,51.244991
102.264999,50.893318
102.229698,50.849430
102.267799,50.787209
102.344101,50.748322
102.355797,50.709709
102.295799,50.648041
102.327797,50.569710
102.536598,50.513050
102.612999,50.413601
103.245499,50.302761
103.281898,50.218040
103.332199,50.196369
103.436600,50.209148
103.640503,50.138599
103.729103,50.142490
103.795502,50.194981
104.063301,50.141651
104.250298,50.176380
104.392197,50.287491
104.960297,50.385818
105.132202,50.398319
105.308296,50.480808
105.989098,50.410542
106.063904,50.377762
106.070297,50.343601
106.262802,50.297489
106.546898,50.346088
106.753601,50.321930
107.005501,50.201099
107.078300,50.084980
107.247200,50.004990
107.978203,49.947392
107.947502,49.683319
108.455002,49.392490
108.547699,49.338322
109.368599,49.327770
109.523003,49.239429
110.318604,49.195530
110.394997,49.253880
110.616096,49.157200
110.700302,49.142208
110.949097,49.188869
111.352203,49.366928
112.135002,49.437759
112.483299,49.540272
112.731102,49.497761
113.090797,49.598591
113.181099,49.787491
113.586098,50.016380
114.209396,50.259708
114.313004,50.284161
114.463303,50.243320
114.665497,50.264709
114.854103,50.228321
115.157501,50.040539
115.395500,49.901649
115.731102,49.880810
116.105003,50.012211
116.235802,50.028042
116.608597,49.933868
116.708801,49.828190
116.672501,49.774990
116.056396,48.863319
116.084099,48.815819
115.811096,48.520538
115.835800,48.252491
115.540001,48.135818
115.592201,47.919430
115.919098,47.691929
115.972702,47.691929
116.115501,47.821930
116.258301,47.878590
116.470299,47.839149
116.874702,47.888039
117.111099,47.813599
117.327797,47.669151
117.390297,47.660542
117.512398,47.763309
117.763802,47.974709
117.807999,48.011929
117.955299,48.007210
118.557701,47.995258
118.767197,47.772758
119.125000,47.664989
119.149399,47.533871
119.346397,47.473869
119.308601,47.424431
119.479103,47.329990
119.614098,47.248039
119.735199,47.155540
119.801399,46.993870
119.925499,46.908871
119.928001,46.710270
119.779404,46.628590
119.691399,46.597759
119.639999,46.627480
119.362999,46.614429
119.061600,46.677761
118.990501,46.750271
118.917702,46.720539
118.886902,46.769711
118.844101,46.765541
118.773300,46.683868
118.553596,46.690819
118.310204,46.736931
117.916100,46.610271
117.844101,46.534431
117.716599,46.513882
117.632698,46.551090
117.598900,46.611931
117.421097,46.578320
117.370796,46.364429
117.093002,46.359428
116.841599,46.393600
116.585503,46.295818
116.362999,46.088871
116.234100,45.887760
116.280502,45.823318
116.272202,45.789429
116.150002,45.693310
116.031403,45.685539
115.701897,45.458599
114.938004,45.382759
114.736099,45.442211
114.545197,45.389431
114.462196,45.211651
114.074097,44.938030
113.916901,44.922760
113.638000,44.745258
113.126099,44.797771
112.607498,44.926380
112.427200,45.080540
111.980797,45.091648
111.785004,45.000542
111.568001,44.679150
111.561096,44.577770
111.426903,44.412762
111.426399,44.332760
111.584999,44.150822
111.879402,43.938869
111.977997,43.763050
111.958298,43.692211
111.783897,43.672489
111.585800,43.497211
111.435501,43.489429
110.989700,43.316929
110.725304,43.078869
110.673599,43.003319
110.471901,42.846088
110.440498,42.777760
110.134399,42.673599
110.107498,42.645538
109.927696,42.641369
109.695503,42.558319
109.544701,42.473869
109.437698,42.453320
109.313599,42.429989
109.000000,42.458321
108.845497,42.399990
108.527802,42.442211
107.571098,42.410259
107.471901,42.466091
107.277199,42.410542
107.262497,42.359989
107.002800,42.313320
106.781898,42.295540
106.122498,42.077480
105.467697,41.831379
105.226898,41.749989
105.012199,41.581379
104.930496,41.651920
104.524101,41.663872
104.526604,41.877201
104.061096,41.803310
103.849403,41.802479
103.416397,41.887211
102.712502,42.161369
102.442497,42.151089
102.077202,42.233318
101.814697,42.509708
100.835503,42.678040
100.315002,42.691090
100.254997,42.641102
100.034698,42.648319
99.498581,42.570820
98.530258,42.628868
97.171631,42.797489
96.383034,42.731091
96.356918,42.906929
95.881348,43.279148
95.845520,43.441368
95.539963,43.992760
95.336090,44.020821
95.350250,44.177761
95.423286,44.278320
95.411087,44.296391
95.020523,44.256939
94.724411,44.349152
94.599411,44.453041
94.364807,44.520519
94.318039,44.587490
94.127182,44.700260
93.530807,44.962200
93.095253,45.010269
92.359703,45.012760
92.092468,45.079430
91.681084,45.068600
91.453583,45.158039
91.383034,45.118591
91.230530,45.151089
91.141647,45.212761
91.011917,45.223869
90.939407,45.193039
90.881638,45.204151
90.794418,45.394711
90.674683,45.494991
90.719421,45.735538
91.021088,46.008320
91.029694,46.041660
90.972473,46.177761
90.923019,46.315540
91.072197,46.573318
91.034409,46.742210
90.943848,46.828869
90.958862,46.883041
90.857193,46.988590
90.761093,46.999710
90.489960,47.321930
90.465813,47.500271
90.407753,47.543049
90.357468,47.643318
90.356918,47.674431
90.134140,47.737492
90.083313,47.797489
90.091637,47.865261
90.067467,47.889431
89.976639,47.891930
89.938858,47.836369
89.781921,47.828320
89.668297,47.913040
89.590813,48.029709
89.530533,48.041370
89.225800,47.980541
89.077469,47.995541
88.933296,48.115261
88.833862,48.110271
88.605240,48.217758
88.574142,48.362759
87.973297,48.576931
87.969421,48.607491
88.020813,48.633320
88.088577,48.706379
88.039139,48.747211
87.905533,48.773041
87.759407,48.881649
87.781357,48.927479
87.873016,48.951931
87.899406,49.002209
87.839973,49.171841
87.979424,49.175541
88.162193,49.272209
88.156357,49.341648
88.131912,49.368320
88.196617,49.449421
88.407753,49.483871
88.568863,49.475811
88.650803,49.500542
88.846916,49.441650
88.906631,49.446091
88.879677,49.523602
88.887482,49.543598
88.928848,49.546379
88.989410,49.466648
89.181923,49.506939
89.234970,49.540539
89.197456,49.611099
89.226639,49.638321
89.346359,49.596931
89.372192,49.579708
89.718033,49.717480
89.714691,49.769981
89.654419,49.789989
89.639969,49.899151
89.701370,49.934978
89.977463,49.969978
90.021088,49.996380
90.028030,50.064152
90.071907,50.090542
90.698578,50.219429
90.979691,50.409981
91.294128,50.475540
91.433578,50.466091
91.467743,50.526932
91.723862,50.672211
91.884697,50.713039
92.151917,50.692211
92.258324,50.723869
92.316071,50.788319
92.326920,50.854988
92.393311,50.874699
92.640533,50.688320
92.698853,50.683041
92.764687,50.716091
92.792191,50.786652
92.928848,50.799992
92.986633,50.785259
92.999130,50.751381
92.970520,50.669430
92.976967,50.662029
92.997993,50.637920
93.019699,50.613041
93.321907,50.603600
93.448853,50.622478
93.726913,50.579708
94.218857,50.577770
94.292473,50.560261
94.383873,50.224701
94.622742,50.029980
94.967468,50.056931
95.066071,49.961929
95.422470,49.956089
95.520813,49.894428
95.817200,50.021931
95.887482,50.021099
95.952759,49.945820
96.065247,50.005821
96.274689,49.953602
96.379143,49.893600
96.514687,49.930271
96.564407,49.916660
96.592468,49.864990
96.713303,49.919979
96.996918,49.894150
97.169418,49.761662
97.302750,49.730808
97.484131,49.787491
97.591080,49.847210
97.584702,49.920269
97.777763,49.968868
97.863861,49.932758
98.107193,50.048870
98.289688,50.293880
98.326370,50.504162
98.302460,50.544151
98.079147,50.620258
97.963867,50.778320
98.015808,50.850540
97.868301,50.937481
97.827759,51.001099
97.958588,51.223309
97.936363,51.307209
98.056923,51.452480
98.227753,51.451382
98.309692,51.694698
98.369423,51.730808
98.631638,51.782211
98.726067,51.843319
98.869423,52.038601
98.878304,52.109150
98.934563,52.142010
# Triangles
258,257,256
254,253,250
287,258,255
258,256,255
264,263,262
261,264,262
259,258,261
259,261,260
286,261,258
287,255,292
245,244,243
246,245,248
242,241,239
243,242,245
245,302,249
252,251,250
252,250,253
248,247,246
249,248,245
250,249,254
254,249,293
254,292,255
270,268,267
264,261,265
273,266,274
270,267,266
270,269,268
266,273,271
271,270,266
271,273,272
274,266,265
277,275,278
274,278,275
275,277,276
265,261,279
261,282,281
274,265,279
279,261,281
282,285,283
279,278,274
279,281,280
258,287,286
285,282,286
282,261,286
287,292,288
305,245,242
205,208,207
348,209,208
207,206,205
210,209,212
214,212,209
217,216,331
212,211,210
213,212,214
214,209,215
335,216,215
199,198,197
348,208,199
197,195,353
196,195,197
353,199,197
204,203,202
205,204,200
202,201,200
202,200,204
200,199,208
208,205,200
209,335,215
229,228,230
231,230,228
227,226,225
227,225,228
240,239,241
238,237,236
234,233,235
238,236,331
225,224,228
222,221,223
235,219,218
219,221,220
217,235,218
235,233,232
232,231,221
221,219,232
221,231,224
221,224,223
219,235,232
231,228,224
235,217,236
217,331,236
238,324,239
242,239,305
195,22,354
284,283,285
291,290,288
288,290,289
291,288,292
296,295,297
295,294,297
294,293,298
297,294,298
254,293,292
299,298,293
300,299,301
299,293,249
299,302,301
333,332,331
302,299,249
303,305,304
305,303,302
306,305,307
302,245,305
330,325,331
239,324,305
238,331,324
308,307,309
314,324,315
305,314,309
307,305,309
310,309,314
310,314,311
312,311,313
313,311,314
317,316,318
315,322,316
324,331,325
326,325,327
330,328,327
328,330,329
324,314,305
320,318,321
321,318,316
322,321,316
318,320,319
322,315,323
324,323,315
327,325,330
335,338,336
338,335,341
342,344,343
344,342,341
338,341,340
209,341,335
334,333,335
336,338,337
340,339,338
331,216,333
344,347,346
209,344,341
344,346,345
349,348,199
350,349,353
347,344,209
351,350,352
354,353,195
6,355,7
350,353,352
349,199,353
216,335,333
360,359,358
361,360,363
366,357,369
358,357,360
360,357,366
362,361,363
364,363,365
366,365,363
368,367,366
360,366,363
369,357,356
368,366,369
2,370,369
356,4,2
356,355,4
5,4,355
369,356,2
371,373,372
373,371,1
1,371,370
3,2,4
370,2,1
355,6,5
20,355,354
209,348,347
22,195,194
184,183,182
185,184,186
182,186,184
193,192,191
190,193,191
189,187,186
187,189,188
189,186,190
30,190,186
182,181,186
186,180,30
181,180,186
179,178,176
176,178,177
173,175,174
171,170,169
171,173,172
171,169,167
150,173,171
193,190,27
179,176,46
179,31,180
176,175,47
48,175,173
171,167,166
169,168,167
166,150,171
164,163,162
165,164,166
162,161,160
160,166,162
162,166,164
166,160,150
158,157,156
151,159,158
153,156,154
158,156,152
153,152,156
150,149,148
151,150,159
48,150,148
151,158,152
48,173,150
154,156,155
159,150,160
50,148,147
143,142,141
144,143,145
145,143,141
140,139,141
141,138,145
57,146,145
138,59,145
138,141,139
137,81,138
136,135,134
82,137,134
130,133,132
134,133,130
132,131,130
134,129,82
130,129,134
124,127,126
124,126,125
129,128,82
137,136,134
127,86,128
123,122,121
90,124,123
120,119,123
120,123,121
90,123,119
117,96,118
115,117,116
114,113,112
115,96,117
114,98,115
118,91,119
112,111,110
109,104,110
109,107,104
107,109,108
106,105,107
110,101,112
110,102,101
114,112,100
104,103,102
102,110,104
107,105,104
127,124,89
54,147,146
101,100,112
27,190,28
30,29,28
31,179,39
30,28,190
24,23,22
25,24,22
27,26,25
32,31,33
39,38,31
30,180,31
25,193,27
48,50,49
48,148,50
51,53,52
53,51,147
50,147,51
39,43,40
39,44,43
39,179,44
46,45,44
179,46,44
46,176,47
47,175,48
41,43,42
13,15,14
15,13,9
17,16,19
19,16,15
20,19,7
15,8,19
8,7,19
8,15,9
10,12,11
10,9,13
12,10,13
7,355,20
35,34,38
34,33,31
36,38,37
31,38,34
18,17,19
35,38,36
20,22,21
43,41,40
354,22,20
22,194,25
82,128,83
83,86,84
127,88,87
127,87,86
84,86,85
83,128,86
78,80,79
81,80,60
80,78,69
81,59,138
127,89,88
118,96,94
97,96,98
98,100,99
96,115,98
124,90,89
92,91,94
93,92,94
94,96,95
94,91,118
90,119,91
98,114,100
55,146,57
56,55,57
57,59,58
57,145,59
146,55,54
60,62,61
62,80,65
63,65,64
65,63,62
60,80,62
81,60,59
69,76,70
68,65,80
71,70,76
71,76,75
69,68,80
74,73,75
65,67,66
65,68,67
75,72,71
73,72,75
76,69,78
77,76,78
147,54,53
82,81,137
193,25,194
