# Bhutan region 0
60 57
# Outer Vertices
88.750549,27.147270
88.806351,27.253050
88.901367,27.282221
88.917877,27.321039
88.971077,27.473610
89.125793,27.567490
89.225517,27.795000
89.359970,27.871660
89.586090,28.139999
89.831650,28.248880
89.996353,28.323330
90.366074,28.257771
90.396088,28.235550
90.382462,28.079720
90.896927,28.050550
91.015808,27.977770
91.108856,27.971109
91.314972,28.096661
91.338028,28.052490
91.658310,27.948050
91.666924,27.888880
91.659554,27.765110
91.600800,27.666660
91.598022,27.624990
91.631348,27.536381
91.765533,27.456940
91.775253,27.416100
92.007751,27.471939
92.114410,27.285830
92.015259,27.168051
92.015533,27.080830
92.083313,27.022770
92.112183,26.920271
92.069977,26.861940
91.997192,26.851940
91.915253,26.893881
91.916924,26.854160
91.835800,26.863331
91.712479,26.799999
91.542191,26.804440
91.492188,26.874720
91.418854,26.873329
91.371353,26.800831
91.307457,26.778049
90.682457,26.774170
90.392197,26.903601
90.344131,26.894159
90.143044,26.753330
89.989960,26.735830
89.841919,26.701380
89.618301,26.726940
89.636093,26.771111
89.360786,26.859989
89.220810,26.814720
89.110237,26.829161
88.921631,26.987770
88.873016,26.954990
88.867737,27.080549
88.843307,27.108601
88.750549,27.147270
# Triangles
54,53,52
57,56,55
57,55,2
54,52,55
52,2,55
48,47,46
49,48,51
48,46,7
7,51,48
13,45,14
51,5,52
49,51,50
13,46,45
59,58,1
1,58,2
2,52,3
5,4,3
58,57,2
3,52,5
6,5,7
8,13,9
13,8,7
51,7,5
9,13,10
11,10,13
12,11,13
13,7,46
15,45,44
43,42,41
24,41,40
38,40,39
40,38,37
26,40,37
41,15,44
36,35,37
35,34,31
32,34,33
29,37,30
31,30,35
34,32,31
30,37,35
29,26,37
16,23,22
24,23,16
16,22,18
45,15,14
16,18,17
18,22,21
16,15,41
26,25,24
27,26,29
29,28,27
21,20,18
20,19,18
41,24,16
40,26,24
44,43,41
