# Guinea region 0
282 279
# Outer Vertices
-13.712550,12.666030
-13.061390,12.639720
-13.041670,12.590000
-13.068890,12.525000
-13.037780,12.473050
-12.955280,12.476390
-12.931670,12.541110
-12.891670,12.543050
-12.841390,12.480000
-12.633330,12.437500
-12.572780,12.359160
-12.496940,12.396670
-12.436390,12.382770
-12.345280,12.301390
-12.098890,12.410280
-11.968890,12.391390
-11.908330,12.428890
-11.841670,12.386390
-11.486390,12.436660
-11.373330,12.404640
-11.441110,12.363330
-11.430000,12.287220
-11.495000,12.206110
-11.462780,12.140280
-11.253890,11.996110
-11.154170,12.040550
-11.045280,12.207220
-10.892220,12.201110
-10.652410,11.893510
-10.511110,12.116110
-10.333330,12.185270
-10.329170,12.224160
-10.273060,12.209440
-9.986944,12.120830
-9.761112,12.028050
-9.672501,12.067770
-9.667500,12.127780
-9.466665,12.248610
-9.345444,12.249800
-9.293333,12.355550
-9.398890,12.446110
-9.362221,12.487500
-9.311308,12.504250
-9.057777,12.436660
-8.946667,12.353050
-8.979939,12.223710
-8.899445,12.178050
-8.904167,12.044440
-8.796572,12.008060
-8.831667,11.661660
-8.703054,11.658890
-8.607779,11.475830
-8.534166,11.493890
-8.514168,11.430270
-8.359650,11.371560
-8.410278,11.335270
-8.354721,11.322770
-8.376110,11.281940
-8.474722,11.291110
-8.515001,11.226390
-8.682777,10.991940
-8.671389,10.955000
-8.602777,10.964160
-8.544167,10.975270
-8.488888,11.058890
-8.351110,11.057220
-8.289722,11.007770
-8.282223,10.549440
-8.215555,10.421660
-8.122221,10.437220
-8.093889,10.356380
-7.985000,10.337770
-7.940556,10.243330
-7.977681,10.165470
-8.009167,10.099440
-8.133333,10.010550
-8.160557,9.944162
-8.104721,9.867218
-8.115833,9.803051
-8.138182,9.497883
-8.051390,9.397497
-7.970555,9.387497
-7.861944,9.423885
-7.859722,9.375273
-7.920834,9.217773
-7.908334,9.182774
-7.742222,9.099718
-7.736944,9.072773
-7.895000,9.021664
-7.936666,8.933052
-7.956389,8.801107
-7.914445,8.767220
-7.794723,8.756941
-7.674722,8.620829
-7.647985,8.379759
-7.748610,8.376385
-7.765000,8.422218
-7.824722,8.486107
-7.830556,8.435829
-7.880000,8.428329
-7.935277,8.497774
-8.198334,8.496662
-8.242294,8.442659
-8.221111,8.356384
-8.251112,8.252220
-8.072777,8.163885
-7.988611,8.191664
-7.969167,8.066385
-7.948333,8.018608
-8.049999,8.031940
-8.186666,7.591387
-8.212221,7.544998
-8.399168,7.618608
-8.468956,7.559873
-8.556110,7.618608
-8.557222,7.691665
-8.670547,7.696663
-8.723055,7.572221
-8.708055,7.518332
-8.839443,7.300276
-8.904167,7.253610
-8.928612,7.288054
-9.110910,7.193941
-9.097778,7.232498
-9.198055,7.312498
-9.204166,7.381387
-9.305058,7.416372
-9.390001,7.388610
-9.422501,7.424998
-9.484417,7.363657
-9.413334,7.489442
-9.355202,7.743592
-9.436111,7.931942
-9.410278,8.032774
-9.428333,8.058331
-9.462778,8.133886
-9.491388,8.175274
-9.517223,8.242773
-9.484444,8.346384
-9.581944,8.413885
-9.656111,8.389719
-9.627499,8.455551
-9.662500,8.489162
-9.694166,8.487774
-9.706667,8.432774
-9.773708,8.569677
-9.837778,8.491940
-9.952223,8.482218
-10.045280,8.421385
-10.063610,8.434719
-10.056670,8.504719
-10.162220,8.532219
-10.248890,8.487774
-10.266520,8.488701
-10.386110,8.494995
-10.485830,8.354996
-10.549440,8.310274
-10.652220,8.338051
-10.701270,8.275755
-10.650280,8.434996
-10.589720,8.571663
-10.500280,8.624996
-10.467220,8.684162
-10.530280,8.751387
-10.595280,8.889441
-10.571250,9.057003
-10.733890,9.079996
-10.726940,9.181108
-10.656670,9.294996
-10.748330,9.387775
-10.828610,9.433331
-10.936390,9.658331
-11.214720,9.997496
-11.895000,9.996107
-11.893330,9.931385
-12.131940,9.874996
-12.235560,9.938885
-12.503330,9.862217
-12.519450,9.710829
-12.583610,9.662218
-12.704720,9.399164
-12.788060,9.327219
-12.844170,9.282219
-12.900910,9.270466
-12.930560,9.288885
-12.960830,9.234440
-13.007500,9.103607
-13.095830,9.045830
-13.187500,9.086941
-13.298430,9.038452
-13.325830,9.073330
-13.250560,9.154720
-13.236950,9.184164
-13.281390,9.164719
-13.323060,9.184719
-13.309720,9.349442
-13.376940,9.273052
-13.412780,9.288885
-13.398340,9.436665
-13.485000,9.416386
-13.545280,9.499720
-13.587220,9.540831
-13.586670,9.568331
-13.716390,9.504164
-13.726390,9.513330
-13.559720,9.781109
-13.658330,9.836941
-13.648060,9.775274
-13.677500,9.743330
-13.736950,9.748886
-13.755560,9.786108
-13.702500,9.907497
-13.787220,9.841942
-13.838610,9.857496
-14.066950,10.038610
-14.043890,10.070830
-13.993060,10.076940
-14.063610,10.101110
-14.053340,10.151110
-14.086670,10.062500
-14.134720,10.046940
-14.180280,10.078330
-14.183330,10.104440
-14.146390,10.137500
-14.137780,10.176940
-14.220830,10.101660
-14.276110,10.153330
-14.321390,10.201940
-14.426940,10.226110
-14.466670,10.242500
-14.550560,10.424440
-14.535280,10.506390
-14.628330,10.471660
-14.662500,10.505550
-14.504720,10.880000
-14.608330,10.743890
-14.702500,10.638880
-14.716390,10.698890
-14.666390,10.811110
-14.755000,10.694160
-14.795280,10.751660
-14.740000,10.871660
-14.808890,10.820830
-14.814440,10.939720
-14.779170,10.946660
-14.688060,11.022500
-14.755280,10.976390
-14.820560,10.990550
-14.876390,10.969720
-14.889170,11.034720
-14.920830,11.025830
-14.908330,10.933890
-14.914450,10.908050
-14.980560,10.868330
-14.957500,10.768610
-15.023610,10.781110
-15.078610,10.851940
-15.073610,10.897780
-15.030560,10.925000
-15.019740,10.963880
-14.855280,11.197770
-14.784170,11.385270
-14.691390,11.506670
-14.515280,11.512220
-14.276670,11.678890
-14.002220,11.640830
-13.878060,11.669160
-13.861110,11.744160
-13.799440,11.714720
-13.791670,11.685550
-13.709170,11.715270
-13.706670,12.001390
-13.890280,12.143610
-13.970620,12.153230
-13.956670,12.209720
-13.878610,12.245550
-13.714720,12.257500
-13.694240,12.293090
-13.663610,12.351660
-13.644170,12.471380
-13.714720,12.568890
-13.712550,12.666030
# Triangles
221,220,223
216,214,213
219,223,220
216,215,214
217,216,218
213,211,216
202,205,204
209,208,210
210,206,211
206,210,207
211,206,205
210,208,207
212,211,213
202,204,203
216,211,218
233,232,231
231,230,228
234,233,231
237,236,235
239,238,240
238,237,235
223,218,224
223,222,221
218,223,219
228,227,231
227,226,224
226,225,224
224,231,227
230,229,228
231,224,234
224,218,234
270,218,211
190,189,191
192,194,193
189,188,191
197,196,195
192,195,194
197,195,198
192,188,186
188,192,191
187,186,188
192,186,185
184,195,185
182,181,184
182,184,183
195,184,198
185,195,192
180,184,181
200,199,198
200,198,202
180,179,184
198,184,179
201,200,202
177,205,179
205,202,198
177,179,178
179,205,198
170,169,171
28,172,171
176,175,173
174,173,175
13,176,173
177,176,270
28,24,172
270,211,177
211,205,177
24,173,172
256,255,253
254,253,255
256,253,257
257,253,258
259,252,251
252,259,258
253,252,258
242,241,243
241,238,245
238,235,234
259,251,250
244,243,241
244,241,245
245,238,234
238,241,240
250,249,260
249,247,260
245,247,246
248,247,249
260,247,245
260,245,261
263,262,261
261,245,263
263,265,264
245,234,263
260,259,250
234,265,263
269,268,266
266,265,234
267,266,268
274,273,272
275,272,276
272,275,274
218,266,234
269,266,218
272,271,276
271,277,276
278,277,271
4,271,270
270,10,4
4,278,271
13,12,10
270,13,10
11,10,12
176,13,270
13,23,15
28,27,25
25,24,28
26,25,27
18,17,22
22,17,23
21,20,22
18,22,20
13,173,23
218,270,269
17,15,23
279,3,1
279,278,3
4,10,5
4,3,278
280,279,0
0,279,1
1,3,2
5,7,6
18,20,19
13,15,14
8,7,5
16,15,17
10,8,5
9,8,10
173,24,23
171,169,61
159,156,155
159,157,156
141,140,139
137,136,138
158,157,159
129,128,130
128,126,130
138,135,133
138,136,135
131,133,132
134,133,135
138,133,104
126,128,127
139,138,141
154,160,155
153,152,151
161,160,154
154,153,162
154,162,161
162,153,151
165,162,151
159,155,160
148,147,150
147,145,150
145,147,146
145,143,142
79,145,142
144,143,145
150,145,151
142,141,79
148,150,149
145,165,151
79,141,138
121,120,119
121,123,122
123,121,125
125,131,126
123,125,124
117,125,121
119,117,121
118,117,119
116,115,104
113,112,114
112,111,110
115,112,109
114,112,115
109,112,110
125,117,131
116,131,117
104,109,105
133,116,104
109,107,105
107,109,108
109,104,115
105,107,106
102,138,104
102,104,103
101,138,102
131,116,133
95,94,96
96,94,93
100,99,97
97,96,93
100,97,92
98,97,99
101,100,90
101,79,138
126,131,130
92,97,93
76,61,168
163,165,164
166,165,167
169,168,61
168,167,165
28,34,33
60,34,28
28,171,60
168,165,145
60,171,61
67,63,62
62,61,67
51,60,59
34,49,35
51,50,49
53,52,51
49,60,51
60,49,34
162,165,163
47,49,48
29,28,30
28,33,30
36,35,37
31,30,32
32,30,33
35,38,37
38,45,39
45,38,47
47,46,45
38,35,47
42,41,39
45,43,39
43,45,44
39,43,42
40,39,41
35,49,47
84,81,80
89,80,101
80,79,101
84,80,89
76,79,78
67,61,76
77,76,78
76,75,68
79,76,145
85,89,88
100,91,90
88,87,86
84,89,85
82,81,83
85,88,86
83,81,84
90,89,101
63,65,64
53,58,55
58,53,59
55,58,57
55,54,53
57,56,55
59,53,51
70,73,71
73,70,74
73,72,71
65,63,66
68,70,69
68,75,70
67,76,68
70,75,74
67,66,63
168,145,76
100,92,91
