# Ivory Coast region 0
249 246
# Outer Vertices
-6.645086,10.666790
-6.585278,10.607220
-6.418333,10.550550
-6.381944,10.590550
-6.420278,10.628880
-6.410000,10.693050
-6.243202,10.734950
-6.188889,10.630270
-6.246667,10.516390
-6.210279,10.509720
-6.168333,10.358610
-6.226945,10.314160
-6.223250,10.258480
-6.193055,10.233880
-6.062500,10.191110
-5.983333,10.208610
-5.956111,10.284440
-5.889444,10.275830
-5.878056,10.375550
-5.650278,10.451110
-5.520660,10.430990
-5.411389,10.301110
-5.322500,10.299160
-5.208055,10.322500
-5.175000,10.289440
-5.130000,10.304720
-4.980000,10.053610
-4.950000,9.948606
-4.974444,9.905275
-4.928333,9.868052
-4.860000,9.874996
-4.780278,9.790831
-4.775278,9.736662
-4.742222,9.750275
-4.685555,9.675274
-4.602222,9.721384
-4.571389,9.686941
-4.532778,9.746662
-4.508612,9.711386
-4.509167,9.654442
-4.426389,9.657497
-4.376945,9.582497
-4.310833,9.598330
-4.287222,9.690273
-4.121666,9.829996
-4.040833,9.799440
-3.765000,9.930275
-3.296945,9.900829
-3.302778,9.858051
-3.259167,9.848051
-3.191111,9.923885
-3.179444,9.839996
-3.117500,9.829163
-3.065556,9.724997
-2.989723,9.727774
-2.948611,9.651108
-2.791111,9.413330
-2.745000,9.396385
-2.686853,9.482336
-2.668056,9.382772
-2.716111,9.311663
-2.662500,9.269163
-2.773056,9.055275
-2.655833,9.013052
-2.584651,8.781527
-2.488056,8.197775
-2.611389,8.137775
-2.588889,8.040831
-2.684166,8.012497
-2.741112,7.938887
-2.774722,7.946665
-2.785278,7.853609
-2.823889,7.823609
-3.024167,7.073054
-3.090000,7.061942
-3.224166,6.813609
-3.186388,6.716387
-3.249166,6.611387
-3.169445,6.277221
-3.006667,5.857776
-3.013889,5.707499
-2.948611,5.713054
-2.960556,5.627220
-2.906389,5.616386
-2.776667,5.613332
-2.764026,5.590343
-2.718139,5.346311
-2.773334,5.349998
-2.734722,5.112776
-2.928575,5.099180
-2.902026,5.112453
-2.841667,5.146666
-2.873056,5.186387
-2.968392,5.116878
-3.111945,5.144165
-3.199445,5.209443
-3.127778,5.355555
-3.154723,5.366665
-3.258889,5.335277
-3.241945,5.293610
-3.325000,5.181109
-3.277223,5.146666
-3.323334,5.116943
-3.720834,5.186943
-3.728889,5.235832
-3.746667,5.190276
-3.829445,5.196943
-4.005000,5.258332
-3.880001,5.286387
-3.773057,5.241665
-3.713889,5.280832
-3.771389,5.370554
-3.818056,5.365276
-3.738889,5.273610
-3.795834,5.272498
-3.881667,5.321110
-3.990556,5.299165
-4.069445,5.289165
-4.430556,5.297776
-4.479723,5.271943
-4.541667,5.270276
-4.597778,5.244443
-4.670279,5.249999
-4.670279,5.310555
-4.731668,5.228054
-4.797501,5.213332
-4.795000,5.168332
-4.535278,5.199999
-4.140278,5.276666
-3.998612,5.231110
-4.311667,5.200832
-4.894167,5.128610
-5.009445,5.152498
-4.997223,5.209998
-5.033334,5.214721
-5.110001,5.183887
-5.300834,5.228054
-5.328889,5.196110
-5.308889,5.172221
-5.406389,5.141387
-5.289167,5.119165
-5.186389,5.176388
-5.029167,5.179165
-5.015834,5.123887
-5.510834,5.091388
-5.553612,5.108332
-5.928056,5.005554
-6.411112,4.821387
-6.912223,4.656110
-7.066389,4.531387
-7.198611,4.513887
-7.442223,4.347776
-7.525561,4.351451
-7.563334,4.387220
-7.546667,4.424165
-7.588333,4.905831
-7.539444,4.940554
-7.554999,5.083332
-7.495277,5.101110
-7.464445,5.274720
-7.412778,5.285275
-7.367778,5.335554
-7.406389,5.364443
-7.436388,5.437220
-7.368333,5.572221
-7.415556,5.657221
-7.424722,5.844998
-7.458055,5.860831
-7.641945,5.919720
-7.685833,5.904444
-7.762501,5.950554
-7.773056,6.035831
-7.845278,6.082776
-7.822500,6.202776
-7.902223,6.278332
-8.073334,6.293331
-8.208055,6.298609
-8.289444,6.348054
-8.366943,6.354443
-8.408335,6.424998
-8.381943,6.442497
-8.454721,6.489998
-8.475277,6.435831
-8.606667,6.507776
-8.506111,6.594165
-8.358334,6.754166
-8.288055,7.180831
-8.361389,7.239442
-8.418333,7.501110
-8.468956,7.559873
-8.399168,7.618608
-8.212221,7.544998
-8.186666,7.591387
-8.049999,8.031940
-7.948333,8.018608
-7.969167,8.066385
-7.988611,8.191664
-8.072777,8.163885
-8.251112,8.252220
-8.221111,8.356384
-8.242294,8.442659
-8.198334,8.496662
-7.935277,8.497774
-7.880000,8.428329
-7.830556,8.435829
-7.824722,8.486107
-7.765000,8.422218
-7.748610,8.376385
-7.647985,8.379759
-7.674722,8.620829
-7.794723,8.756941
-7.914445,8.767220
-7.956389,8.801107
-7.936666,8.933052
-7.895000,9.021664
-7.736944,9.072773
-7.742222,9.099718
-7.908334,9.182774
-7.920834,9.217773
-7.859722,9.375273
-7.861944,9.423885
-7.970555,9.387497
-8.051390,9.397497
-8.138182,9.497883
-8.115833,9.803051
-8.104721,9.867218
-8.160557,9.944162
-8.133333,10.010550
-8.009167,10.099440
-7.977681,10.165470
-7.885278,10.176660
-7.699721,10.406390
-7.534722,10.419720
-7.500278,10.461390
-7.456667,10.450830
-7.430833,10.337770
-7.360000,10.350830
-7.345834,10.250270
-7.269722,10.254440
-7.010556,10.141940
-6.950000,10.171940
-6.946111,10.214720
-6.982223,10.253610
-6.943889,10.353050
-6.776112,10.377490
-6.689455,10.339500
-6.638056,10.409440
-6.676666,10.598330
-6.645086,10.666790
# Triangles
179,178,180
184,183,181
184,181,185
181,183,182
185,181,180
178,177,180
176,175,177
174,173,192
175,174,185
175,185,177
185,174,186
185,180,177
187,186,191
174,192,186
190,189,188
190,188,191
191,186,192
188,187,191
201,200,199
198,197,199
207,196,195
193,192,194
196,202,199
204,203,207
206,205,204
207,203,196
203,202,196
207,195,194
196,199,197
192,173,194
153,152,154
150,155,154
156,158,157
148,158,156
156,155,150
151,154,152
148,156,150
149,148,150
158,160,159
147,161,148
158,148,160
164,147,146
166,146,145
150,154,151
171,170,168
171,173,172
169,168,170
171,168,173
194,173,208
204,207,206
207,194,208
208,173,166
173,168,167
162,161,163
160,148,161
163,161,164
167,166,173
165,164,166
164,146,166
161,147,164
208,166,136
14,208,32
202,201,199
213,212,211
223,222,221
213,210,214
214,210,215
215,210,209
217,219,218
219,217,216
239,220,216
219,216,220
216,215,239
213,211,210
220,230,225
220,225,224
226,225,227
227,225,228
230,229,228
225,230,228
224,223,220
230,235,231
230,237,235
237,236,235
237,220,239
232,231,235
234,233,232
232,235,234
237,230,220
223,221,220
215,209,239
240,239,13
241,240,245
245,244,241
243,242,241
243,241,244
240,13,245
239,238,237
13,12,245
14,209,208
13,239,14
246,12,11
15,17,16
19,17,21
245,12,246
239,209,14
10,8,11
247,246,1
246,11,2
1,246,2
1,248,247
3,5,4
2,11,8
19,18,17
19,21,20
3,8,7
8,3,2
7,6,3
3,6,5
10,9,8
14,28,15
17,15,21
145,136,166
144,140,139
140,144,143
145,139,136
138,137,139
142,141,143
141,140,143
136,139,137
132,131,133
126,131,127
125,133,131
126,125,131
131,130,127
130,128,127
123,136,134
134,136,135
133,123,134
133,125,123
124,123,125
123,122,121
121,120,123
123,120,118
75,136,123
112,118,117
117,116,112
77,123,118
108,107,106
119,118,120
128,130,129
116,115,112
136,34,208
100,102,101
102,100,103
109,106,105
110,104,103
109,105,104
110,103,100
88,90,89
91,90,88
96,95,94
87,92,91
93,96,94
92,96,93
91,88,87
108,106,109
109,104,110
100,98,110
114,112,115
80,111,98
114,113,112
110,98,111
78,112,111
87,86,85
96,92,87
96,87,83
97,80,98
82,97,96
85,84,83
87,85,83
99,98,100
77,118,112
96,83,82
34,36,35
36,34,39
32,31,29
33,32,34
36,38,37
208,34,32
72,42,41
75,41,34
75,77,76
41,39,34
43,42,45
39,38,36
39,41,40
42,62,45
34,136,75
32,29,14
24,26,25
28,26,22
28,27,26
26,24,22
22,21,28
23,22,24
15,28,21
62,48,45
48,53,49
46,45,48
31,30,29
47,46,48
43,45,44
29,28,14
74,41,75
123,77,75
82,80,97
79,78,111
74,73,72
72,41,74
81,80,82
77,112,78
72,71,70
70,68,66
70,69,68
67,66,68
70,66,64
70,62,42
42,72,70
53,55,54
55,53,56
56,62,60
62,56,53
51,49,53
50,49,51
52,51,53
62,53,48
61,60,62
64,63,62
57,60,59
57,56,60
59,58,57
70,64,62
65,64,66
80,79,111
144,139,145
