# Niger region 0
150 147
# Outer Vertices
11.986450,23.522320
13.417220,23.214710
13.595550,23.139429
14.235000,22.614161
15.000630,23.000370
15.194720,21.998880
15.202500,21.495819
15.284440,21.445271
15.627220,20.955271
15.584440,20.929991
15.558330,20.884439
15.568610,20.779720
15.996660,20.353050
15.753890,19.932489
15.592490,18.604441
15.524040,17.333941
15.488610,16.900270
14.368890,15.733880
13.859160,15.037780
13.767220,14.848050
13.794160,14.732770
13.660830,14.645830
13.684160,14.572500
13.665280,14.541940
13.475550,14.468330
13.462220,14.428050
13.562380,13.991920
13.625240,13.718210
13.347780,13.720000
13.323610,13.679440
13.251390,13.588880
12.968610,13.512780
12.862500,13.450280
12.670550,13.278060
12.629160,13.300550
12.478050,13.056660
12.373610,13.073330
12.245000,13.110270
12.146930,13.101190
11.867220,13.249720
11.446380,13.376390
11.038330,13.360270
10.841110,13.386110
10.148330,13.259720
9.929996,13.133050
9.635275,12.802770
8.984997,12.846660
8.663609,12.943330
8.554441,13.066670
8.497496,13.085830
8.433027,13.064780
8.122217,13.303610
7.814998,13.352780
7.379720,13.099720
7.218887,13.125550
7.090555,12.995270
6.933332,12.997220
6.806388,13.108050
6.679166,13.343890
6.423055,13.605270
6.284999,13.683890
6.238053,13.683330
6.160832,13.643050
5.547473,13.893130
5.364999,13.847500
5.286109,13.752220
4.923610,13.736380
4.885555,13.781390
4.469999,13.686940
4.247777,13.481380
4.142499,13.476940
4.104999,12.996380
3.952777,12.748880
3.657777,12.528880
3.671666,11.975550
3.616944,11.919720
3.688333,11.749720
3.605495,11.691690
3.558888,11.756940
3.468888,11.855830
3.312222,11.890000
3.253889,12.017220
3.195554,12.063880
2.843498,12.393320
2.771111,12.377490
2.686388,12.290280
2.645278,12.304720
2.378055,12.240270
2.383611,12.166390
2.445277,12.024160
2.470555,11.977770
2.390277,11.933330
2.409999,11.904440
2.401563,11.889880
2.058333,12.357220
2.077777,12.386110
2.265000,12.425000
2.200832,12.630830
2.096110,12.725550
1.988889,12.731110
1.871666,12.608880
1.578333,12.630000
1.117222,13.011110
0.989166,13.047220
0.991666,13.371660
1.011667,13.372770
1.126667,13.328610
1.217500,13.363610
1.072222,13.446380
0.990278,13.570270
0.774444,13.644170
0.772778,13.688330
0.625000,13.684720
0.385000,14.049170
0.405278,14.254160
0.189444,14.464720
0.166667,14.523050
0.241389,14.752220
0.193333,14.835830
0.237222,14.887500
0.234534,14.915610
0.226394,15.000760
0.396667,14.960550
0.512222,15.000830
0.695000,14.942220
0.742500,14.967490
0.974722,14.978610
1.312500,15.286660
3.021944,15.376380
3.032499,15.433050
3.524818,15.359350
3.537777,15.492490
3.722499,15.650000
3.844166,15.672770
3.890277,15.718050
3.924444,15.904160
4.000832,15.989720
3.980833,16.070271
4.074443,16.303329
4.200832,16.393881
4.214166,16.993601
4.252500,16.994431
4.245554,18.660549
4.245091,19.146191
5.812499,19.446100
7.454489,20.852131
8.894444,21.722210
10.360830,22.588600
11.844440,23.441940
11.986450,23.522320
# Triangles
95,94,96
101,100,99
88,91,89
93,91,94
94,87,96
94,88,87
97,96,86
91,93,92
88,94,91
105,103,106
105,104,103
103,102,106
98,97,83
102,107,106
102,101,107
107,99,98
107,98,128
107,101,99
96,87,86
81,80,79
90,89,91
77,76,78
76,75,78
81,79,75
78,75,79
74,81,75
85,84,86
98,83,70
86,84,97
82,81,73
70,73,72
73,81,74
73,70,83
73,83,82
83,97,84
70,72,71
117,115,114
117,116,115
110,109,111
113,111,114
111,113,112
126,114,111
114,124,117
109,126,111
118,117,119
122,121,120
120,119,122
122,124,123
119,117,122
126,125,124
117,124,122
114,126,124
107,126,109
107,109,108
127,126,107
129,128,130
128,127,107
130,70,68
130,132,131
133,132,130
133,130,68
70,130,128
98,70,128
67,134,133
136,135,134
137,136,138
134,63,136
139,138,136
143,142,144
140,139,141
136,63,139
70,69,68
57,56,54
56,55,54
47,46,48
49,48,51
48,44,51
49,51,50
60,63,61
62,61,63
53,52,54
59,58,52
52,58,54
144,60,52
60,59,52
57,54,58
51,144,52
48,46,44
45,44,46
44,43,51
34,36,35
39,37,34
36,34,37
37,39,38
39,34,32
40,24,42
40,42,41
25,40,39
39,32,25
33,32,34
31,30,29
28,27,26
29,28,31
25,32,31
43,42,145
51,43,145
25,31,28
66,65,67
64,63,134
64,67,65
25,24,40
144,141,60
24,18,42
21,24,23
25,28,26
63,60,139
141,144,142
51,145,144
42,146,145
14,147,146
141,139,60
19,24,21
2,1,3
148,1,149
148,147,1
147,3,1
146,42,18
21,23,22
134,67,64
20,19,21
18,17,146
18,24,19
17,16,15
6,147,14
15,14,17
14,146,17
14,13,6
7,6,10
3,5,4
5,3,6
147,6,3
12,11,13
9,8,7
10,9,7
11,10,6
13,11,6
67,133,68
