# Mauritania region 0
140 137
# Outer Vertices
-8.667223,26.000271
-8.669294,27.280199
-6.897223,26.267490
-5.148056,25.212770
-4.806389,25.000271
-6.577500,24.999161
-6.371388,23.289709
-6.356663,23.146021
-6.166666,21.528049
-5.974444,19.866381
-5.787222,18.186939
-5.601666,16.507771
-5.335278,16.328051
-5.495616,15.498460
-5.905556,15.503330
-7.626111,15.503610
-9.333611,15.499720
-9.319445,15.634160
-9.338055,15.704720
-9.442499,15.596940
-9.411390,15.443890
-9.696667,15.430000
-9.817778,15.373880
-10.118060,15.372770
-10.164450,15.403610
-10.719010,15.438140
-10.762500,15.312770
-10.827220,15.275550
-10.898820,15.106820
-10.922500,15.138330
-11.172500,15.374720
-11.420830,15.635830
-11.512220,15.646660
-11.642220,15.524160
-11.710830,15.547780
-11.845000,15.059160
-11.802780,15.048610
-11.804170,14.908050
-11.974440,14.771110
-12.057620,14.725550
-12.136950,14.777770
-12.230830,14.761940
-12.245750,14.772170
-12.430830,14.887780
-12.478890,15.008890
-12.778530,15.146780
-12.788330,15.208610
-12.849720,15.208050
-12.893610,15.261660
-12.843890,15.270280
-12.845830,15.308050
-12.932500,15.368050
-12.964720,15.506110
-13.060280,15.479160
-13.100280,15.508890
-13.092500,15.583330
-13.242780,15.638610
-13.395550,16.055269
-13.460560,16.094990
-13.495280,16.149719
-13.677220,16.098881
-13.711110,16.184990
-13.851660,16.118320
-13.875280,16.198050
-13.973610,16.237209
-13.966940,16.278049
-14.225000,16.547770
-14.335560,16.576941
-14.337220,16.632490
-14.377780,16.639990
-14.860280,16.638321
-14.981110,16.693050
-15.048610,16.630270
-15.097780,16.671110
-15.116940,16.648331
-15.087500,16.614441
-15.108060,16.586109
-15.239170,16.558880
-15.468890,16.579720
-15.550000,16.512489
-15.985830,16.489990
-16.146111,16.551941
-16.299999,16.503599
-16.388050,16.219990
-16.468889,16.180550
-16.492220,16.052219
-16.506950,16.094160
-16.527269,16.077959
-16.530560,16.116659
-16.444450,16.679720
-16.269171,17.046379
-16.086109,17.524990
-16.036110,17.851379
-16.060841,18.446381
-16.206949,18.977209
-16.329170,19.179159
-16.471109,19.264721
-16.532780,19.386940
-16.432501,19.375549
-16.307501,19.472500
-16.295280,19.544161
-16.389721,19.464720
-16.349720,19.543329
-16.430559,19.475269
-16.440559,19.408880
-16.468611,19.410549
-16.468889,19.454439
-16.264999,19.731380
-16.252220,19.899990
-16.291670,19.894720
-16.216949,20.006380
-16.260000,20.131941
-16.226950,20.144440
-16.197220,20.229160
-16.291109,20.331381
-16.440001,20.667770
-16.490841,20.693050
-16.529169,20.733049
-16.543329,20.560551
-16.577499,20.589991
-16.721109,20.810551
-16.926390,21.160549
-17.014999,21.043610
-16.997499,20.969990
-17.048889,20.895830
-17.023609,20.856661
-17.054350,20.770069
-17.054350,20.917931
-16.953051,21.338329
-15.170280,21.336941
-13.395550,21.340269
-13.000000,21.338051
-13.079170,22.510550
-13.150280,22.757500
-13.105550,22.893049
-12.998610,23.024719
-12.596390,23.276430
-12.000560,23.454439
-8.767223,25.999710
-8.667223,26.000271
# Triangles
88,86,84
86,88,87
85,84,86
84,83,82
88,84,89
89,84,82
89,81,90
81,89,82
81,80,90
78,91,90
71,92,91
69,93,92
130,107,94
90,80,78
79,78,80
91,78,73
66,68,67
62,61,63
65,63,61
65,64,63
61,66,65
130,93,68
76,75,74
73,78,74
76,74,77
71,70,69
71,69,92
68,93,69
72,71,73
73,71,91
94,93,130
74,78,77
66,131,68
119,117,120
117,119,118
98,97,96
105,104,106
128,117,129
126,125,124
123,127,124
124,127,126
122,121,128
121,120,117
122,128,127
117,128,121
123,122,127
117,116,115
103,102,107
95,94,99
102,100,107
102,101,100
107,100,94
106,103,107
94,100,99
99,98,95
98,96,95
115,114,129
110,112,111
108,107,110
110,113,112
113,110,129
113,129,114
110,130,129
110,109,108
115,129,117
107,130,110
103,106,104
66,61,59
44,43,40
45,44,46
43,42,40
44,40,35
38,40,39
41,40,42
44,34,50
52,55,53
53,55,54
51,50,52
47,46,49
49,48,47
50,49,46
46,44,50
50,34,52
35,40,38
37,36,35
37,35,38
28,27,29
23,22,24
27,30,29
25,27,26
27,25,30
21,19,24
25,24,18
22,21,24
17,16,15
13,12,14
21,20,19
31,30,25
35,34,44
11,15,14
57,56,55
58,57,59
34,33,32
57,52,34
57,55,52
57,34,32
59,57,32
66,59,131
132,134,133
68,131,130
132,131,137
132,136,135
136,132,137
59,32,131
132,135,134
131,8,137
131,32,31
59,61,60
18,9,131
31,25,18
15,18,17
15,11,10
9,8,131
18,10,9
18,15,10
12,11,14
7,137,8
139,138,6
2,1,139
139,5,2
6,5,139
5,4,3
5,3,2
138,137,6
7,6,137
18,131,31
19,18,24
