# Macedonia region 0
78 75
# Outer Vertices
20.589647,41.884552
20.631701,41.855801
20.670000,41.871899
20.702499,41.856098
20.733101,41.863899
20.777201,41.925598
20.759199,41.993301
20.792801,42.082500
21.033600,42.151100
21.104700,42.198898
21.141899,42.198101
21.215300,42.150002
21.248301,42.099701
21.313101,42.093601
21.328600,42.108101
21.306101,42.151402
21.348101,42.195599
21.439400,42.229698
21.459999,42.262501
21.510000,42.264702
21.557199,42.243599
21.609776,42.253181
21.738300,42.237499
21.788601,42.263302
21.804399,42.300800
21.850300,42.330799
21.926399,42.306702
21.995800,42.325600
22.083300,42.300598
22.124701,42.319698
22.195000,42.315300
22.221901,42.341702
22.246401,42.339699
22.324400,42.361401
22.369419,42.322933
22.363609,42.319981
22.407770,42.279430
22.609440,42.103321
22.803329,42.047771
22.947491,41.802479
23.012770,41.765270
23.031389,41.720539
22.985550,41.661369
22.964991,41.394428
22.935949,41.343300
22.801380,41.344151
22.765289,41.243839
22.754709,41.214432
22.741171,41.186020
22.720551,41.142761
22.653879,41.185261
22.590269,41.119980
22.468880,41.121651
22.246941,41.170540
22.131100,41.124981
22.066660,41.158321
21.916109,41.095261
21.780270,40.928871
21.694441,40.938030
21.672489,40.901920
21.471661,40.910542
21.343050,40.871929
21.120010,40.862679
20.983250,40.857021
20.983000,40.893879
20.858879,40.933319
20.807501,40.900261
20.739750,40.910992
20.733879,40.911930
20.669991,41.088039
20.644911,41.090149
20.597490,41.094151
20.493320,41.327480
20.562210,41.403870
20.462490,41.553600
20.555269,41.584709
20.514160,41.727760
20.589647,41.884552
# Triangles
72,71,70
72,70,73
73,70,69
3,76,75
73,75,74
75,4,3
76,3,1
76,1,77
73,69,64
4,73,64
62,64,63
62,4,64
65,64,69
69,68,67
66,65,67
4,62,61
73,4,75
65,69,67
13,61,60
1,3,2
12,8,5
6,5,7
8,10,9
7,5,8
8,11,10
5,4,12
12,11,8
20,14,22
15,14,16
4,61,12
16,14,17
17,19,18
19,17,20
14,20,17
22,14,13
61,13,12
13,60,56
56,60,58
57,56,58
22,13,56
55,54,53
50,53,52
50,52,51
28,55,53
22,56,55
50,49,48
47,46,50
47,50,48
50,46,45
45,44,43
42,39,45
43,42,45
45,37,53
45,53,50
41,40,42
20,22,21
24,23,26
28,23,22
26,23,28
28,37,30
26,25,24
28,27,26
28,30,29
22,55,28
36,30,37
39,38,37
45,39,37
30,36,35
30,32,31
33,35,34
35,33,32
35,32,30
53,37,28
42,40,39
58,60,59
