# Liechtenstein region 0
42 39
# Outer Vertices
9.475830,47.058041
9.511665,47.096088
9.484161,47.192211
9.540410,47.266975
9.547038,47.256908
9.554480,47.255569
9.563164,47.250389
9.575019,47.249538
9.572620,47.245594
9.567129,47.237228
9.560170,47.233093
9.554022,47.227009
9.563335,47.222412
9.572601,47.221859
9.579283,47.214993
9.582921,47.207710
9.582762,47.199009
9.578425,47.192017
9.574854,47.185555
9.572474,47.177116
9.575861,47.167278
9.584888,47.168568
9.594024,47.166775
9.599722,47.159332
9.606725,47.155319
9.615295,47.152386
9.623453,47.152031
9.628130,47.143059
9.630499,47.137081
9.637633,47.128601
9.634874,47.120762
9.633127,47.113422
9.638332,47.105957
9.640949,47.097168
9.633314,47.090279
9.629284,47.083153
9.622896,47.078316
9.617394,47.071007
9.611240,47.064690
9.605424,47.057774
9.601834,47.049644
9.475830,47.058041
# Triangles
1,41,40
19,18,11
20,19,2
19,11,2
14,13,12
2,1,20
14,17,15
17,14,12
18,17,12
1,23,20
11,10,4
3,2,4
5,4,10
10,6,5
4,2,11
9,6,10
6,8,7
8,6,9
11,18,12
15,17,16
38,1,39
37,23,38
36,23,37
38,23,1
34,31,36
34,32,31
32,34,33
34,36,35
36,31,24
23,36,24
22,21,23
20,23,21
28,30,29
28,25,24
25,27,26
27,25,28
24,31,28
28,31,30
39,1,40
