# El Salvador region 0
65 62
# Outer Vertices
-89.354874,14.427690
-89.126099,14.325550
-89.037216,14.334720
-88.954727,14.188330
-88.908623,14.207220
-88.831390,14.114160
-88.809433,14.093050
-88.767227,14.137780
-88.721390,14.097500
-88.661438,14.014130
-88.504730,13.981380
-88.489166,13.865550
-88.353058,13.868330
-88.196663,13.987770
-88.059998,13.963890
-88.040833,13.930550
-88.006958,13.869440
-87.900284,13.898050
-87.878601,13.901940
-87.750473,13.864060
-87.695267,13.818050
-87.783333,13.526390
-87.714447,13.470550
-87.814499,13.407470
-87.836670,13.437220
-87.871948,13.389160
-87.785278,13.297780
-87.820282,13.245830
-87.915283,13.196940
-87.896393,13.156660
-88.196671,13.159440
-88.341667,13.170000
-88.384171,13.191660
-88.427513,13.169160
-88.446953,13.215550
-88.527786,13.241940
-88.601387,13.283050
-88.719727,13.268890
-88.605827,13.258610
-88.560287,13.246660
-88.452507,13.165280
-88.719177,13.230270
-88.961403,13.329170
-89.060013,13.368060
-89.289459,13.480270
-89.577507,13.511110
-89.809448,13.526110
-89.846680,13.607220
-90.062500,13.727500
-90.095093,13.745470
-90.105827,13.835830
-90.037514,13.900270
-89.854599,14.059460
-89.737778,14.043610
-89.743057,14.083890
-89.646118,14.199720
-89.492706,14.241250
-89.575012,14.277220
-89.553452,14.286250
-89.590286,14.321940
-89.573334,14.413330
-89.542221,14.420270
-89.526947,14.386380
-89.396118,14.451660
-89.354874,14.427690
# Triangles
49,48,50
47,53,51
48,47,51
50,48,51
53,52,51
47,46,45
6,44,43
6,43,9
41,37,42
43,42,9
45,44,53
45,53,47
6,3,44
56,53,44
6,9,8
54,53,55
11,42,37
7,6,8
58,56,62
56,58,57
53,56,55
60,59,62
62,61,60
59,58,62
56,0,62
4,3,5
3,1,56
63,62,0
2,1,3
56,1,0
56,44,3
5,3,6
39,41,40
34,33,32
38,41,39
12,36,35
12,35,34
36,11,37
32,31,30
12,32,30
28,30,29
28,25,30
25,28,27
27,26,25
34,32,12
30,25,12
12,25,16
12,16,13
11,36,12
15,13,16
10,9,11
15,14,13
9,42,11
24,23,22
25,24,16
22,21,24
21,17,16
18,17,19
19,17,21
21,20,19
21,16,24
41,38,37
