# Lebanon region 0
46 43
# Outer Vertices
35.970718,34.649509
36.153591,34.638599
36.305538,34.668049
36.308590,34.682758
36.344429,34.689152
36.378040,34.638599
36.429150,34.606930
36.338871,34.519711
36.424431,34.501659
36.551090,34.426090
36.559151,34.323601
36.600540,34.309429
36.589710,34.238041
36.624981,34.203869
36.420818,34.051651
36.283329,33.917759
36.382511,33.833309
36.111099,33.834709
35.971088,33.718868
35.934978,33.646099
36.052761,33.598042
36.059151,33.579430
35.824429,33.402210
35.810539,33.360821
35.619282,33.248661
35.566662,33.290272
35.504711,33.094151
35.349152,33.063042
35.316929,33.107208
35.097061,33.092110
35.103039,33.104160
35.206100,33.224991
35.244991,33.369160
35.325260,33.493038
35.398041,33.649990
35.476940,33.794708
35.469990,33.903049
35.547771,33.901661
35.607208,33.978870
35.643879,34.119991
35.648319,34.278320
35.761662,34.384159
35.827770,34.456661
35.936939,34.503601
35.992210,34.568600
35.970718,34.649509
# Triangles
30,29,28
31,28,32
28,31,30
32,28,25
28,26,25
25,23,22
23,25,24
19,22,21
32,25,33
26,28,27
34,25,22
35,34,22
36,35,37
19,37,35
33,25,34
39,38,17
37,18,38
41,39,17
41,40,39
43,42,41
37,19,18
19,35,22
15,17,16
43,17,15
41,17,43
20,19,21
14,13,12
10,12,11
12,10,14
43,15,14
10,7,14
44,7,1
2,1,7
44,1,0
3,2,4
7,44,43
10,8,7
7,43,14
4,2,5
6,5,7
5,2,7
9,8,10
17,38,18
