# Denmark region 7
192 189
# Outer Vertices
9.503124,54.848251
9.445169,54.824780
8.919998,54.908039
8.719442,54.891102
8.656296,54.917400
8.682220,55.129990
8.560276,55.140820
8.522221,55.072208
8.487499,55.062771
8.456944,55.123878
8.483055,55.191101
8.568054,55.193321
8.554443,55.149712
8.665457,55.133591
8.691387,55.142208
8.638054,55.402760
8.599442,55.441101
8.439999,55.452209
8.332499,55.575550
8.265276,55.573601
8.234722,55.556660
8.328609,55.473320
8.269444,55.484150
8.091389,55.544708
8.182220,55.723049
8.126110,55.983051
8.163055,55.936939
8.186388,55.809990
8.394165,55.891930
8.311110,56.053051
8.146111,56.111099
8.141943,55.996380
8.113888,56.000820
8.105555,56.118038
8.130833,56.308319
8.137220,56.582760
8.194721,56.691380
8.216665,56.710541
8.237778,56.687771
8.203888,56.638050
8.301943,56.549160
8.369444,56.580269
8.567221,56.572769
8.626665,56.478600
8.728333,56.482208
8.766109,56.558601
8.680832,56.614159
8.877222,56.703320
8.838333,56.712490
8.937498,56.795551
9.070000,56.807770
9.173332,56.715260
9.055277,56.630550
9.043888,56.595829
9.064165,56.563042
9.151943,56.612492
9.248888,56.633320
9.288055,56.620541
9.250832,56.580269
9.312498,56.525539
9.371111,56.540821
9.373888,56.566929
9.294167,56.558601
9.329721,56.653049
9.301943,56.702209
9.180832,56.669430
9.190554,56.699162
9.239443,56.730549
9.173332,56.799431
9.211943,56.856930
9.165552,56.889431
9.243610,56.965820
9.409721,57.018318
9.546665,57.008041
9.578888,56.966648
9.662498,57.000271
9.686110,57.038601
9.918055,57.055538
9.800833,57.102489
9.579443,57.042759
9.318054,57.016380
9.243889,56.995541
9.115555,57.052761
9.063332,57.022491
8.746944,56.952770
8.673332,56.947208
8.572498,56.819439
8.489166,56.790272
8.474722,56.714432
8.525555,56.711651
8.519722,56.684711
8.607222,56.630550
8.554998,56.582489
8.284443,56.766651
8.251472,56.771881
8.264721,56.703602
8.240276,56.707211
8.242222,56.794430
8.450554,57.004990
8.585554,57.100819
8.628611,57.125271
8.754166,57.101101
9.054708,57.123859
9.231388,57.137211
9.389999,57.151100
9.540833,57.213871
9.940002,57.571129
10.390550,57.666100
10.556670,57.744160
10.645000,57.737492
10.491390,57.653881
10.432500,57.592209
10.443050,57.535259
10.537220,57.449989
10.542020,57.229519
10.423890,57.157211
10.343890,56.998600
10.231520,57.017429
10.020830,57.086929
9.981363,57.077869
10.309720,56.983879
10.269170,56.917210
10.305280,56.748051
10.342500,56.718040
10.206390,56.701382
10.159440,56.720539
9.864443,56.638321
10.234720,56.688599
10.338610,56.695271
10.363610,56.644989
10.339820,56.616779
10.209440,56.551380
10.226110,56.489159
10.226940,56.544430
10.319170,56.598881
10.414720,56.528049
10.723330,56.528599
10.844170,56.523880
10.960830,56.444988
10.828610,56.258881
10.760560,56.228600
10.733060,56.148602
10.669440,56.165539
10.690550,56.217770
10.625560,56.228321
10.555280,56.176929
10.575550,56.116650
10.524170,56.098598
10.494160,56.134991
10.522780,56.153599
10.466390,56.177761
10.406670,56.157211
10.353050,56.195271
10.508330,56.264992
10.400550,56.290821
10.219170,56.151661
10.262500,56.051102
10.279720,56.018879
10.193050,55.833050
10.150550,55.834991
10.113050,55.874710
9.880554,55.851650
9.873888,55.837769
10.048610,55.814430
10.011670,55.757210
10.018330,55.707760
9.811666,55.669430
9.616665,55.694988
9.845276,55.622761
9.751389,55.559711
9.503054,55.491940
9.578888,55.486931
9.649721,55.477211
9.665833,55.459709
9.596943,55.373322
9.621111,55.356380
9.711111,55.261101
9.688610,55.196930
9.466110,55.130550
9.556389,55.083599
9.434444,55.034710
9.524721,55.029430
9.591665,55.045551
9.727499,54.989429
9.768055,54.891102
9.703609,54.892208
9.751944,54.848049
9.737221,54.827770
9.614166,54.890541
9.648054,54.913879
9.601944,54.928600
9.503124,54.848251
# Triangles
23,20,24
20,23,22
28,27,24
19,24,20
18,24,19
27,25,24
21,20,22
10,9,12
16,18,17
24,18,28
16,28,18
33,32,30
30,34,33
40,35,34
31,30,32
43,40,29
40,34,29
41,40,43
35,40,39
29,34,30
43,29,28
25,27,26
9,7,12
12,7,6
13,12,6
11,10,12
5,4,3
5,3,2
13,5,14
6,5,13
14,5,2
14,170,15
15,170,16
44,43,28
45,44,54
42,41,43
54,44,167
28,167,44
59,54,167
59,58,54
62,61,63
53,45,54
60,126,61
28,16,167
59,167,60
55,54,58
2,178,14
7,9,8
88,92,90
36,39,38
39,36,35
36,38,37
94,96,95
97,96,94
88,93,92
90,92,91
45,47,46
90,89,88
93,88,87
94,93,97
93,98,97
98,93,87
98,87,86
85,84,101
85,99,98
85,100,99
100,85,101
101,84,83
85,98,86
49,48,47
52,49,47
49,52,50
51,50,52
52,47,53
56,55,58
66,65,64
66,64,67
67,64,69
69,64,72
57,56,58
102,83,82
101,83,102
102,82,103
69,72,71
81,103,82
103,80,104
80,103,81
70,69,71
68,67,69
63,74,64
53,47,45
63,61,74
180,1,0
181,0,190
181,180,0
182,181,190
190,189,182
1,180,2
185,188,187
185,187,186
189,185,183
185,189,188
184,183,185
183,182,189
174,178,175
178,180,179
178,174,170
171,170,174
60,167,161
171,174,172
170,14,178
175,177,176
177,175,178
172,174,173
167,170,169
169,168,167
167,16,170
164,166,165
164,163,162
164,162,166
162,161,167
166,162,167
159,158,160
160,158,157
161,160,155
156,160,157
156,155,160
152,151,150
152,150,153
147,146,149
146,145,149
149,145,150
141,143,142
147,149,148
153,150,145
161,126,60
126,161,155
126,132,131
126,155,132
127,126,131
126,125,77
74,126,75
122,125,124
74,72,64
134,133,132
121,125,122
121,120,119
131,130,127
132,135,134
79,104,80
73,72,74
105,104,79
79,78,105
75,77,76
125,119,77
77,75,126
121,119,125
77,119,78
119,106,78
106,119,118
112,106,118
78,106,105
115,118,117
61,126,74
153,145,144
135,153,136
154,153,135
130,129,128
136,153,144
135,132,154
136,143,140
140,143,141
136,140,139
139,137,136
137,139,138
143,136,144
124,123,122
111,107,112
118,115,112
107,106,112
107,111,110
115,117,116
115,113,112
113,115,114
110,109,108
110,108,107
130,128,127
155,154,132
2,180,178
