# Denmark region 2
18 15
# Outer Vertices
11.461390,54.618881
11.089720,54.744160
10.995000,54.782768
11.021110,54.813042
11.078890,54.806099
11.107500,54.822491
11.015000,54.884708
11.057780,54.934990
11.231390,54.956928
11.588890,54.808041
11.566670,54.840260
11.643890,54.906101
11.782220,54.827492
11.861670,54.746101
11.805280,54.707489
11.858330,54.689430
11.798610,54.645821
11.461390,54.618881
# Triangles
3,2,1
4,1,5
1,4,3
7,6,5
5,8,7
17,8,5
5,1,17
9,17,16
15,14,16
9,16,14
10,9,11
9,12,11
9,14,12
14,13,12
9,8,17
