# Denmark region 6
103 100
# Outer Vertices
11.741110,55.915821
11.674170,55.914440
11.668330,55.895260
11.730550,55.835541
11.725560,55.814430
11.664440,55.811100
11.623890,55.775539
11.736390,55.793049
11.770280,55.718319
11.794440,55.661652
11.837220,55.718040
11.956670,55.846100
11.918050,55.901661
11.920280,55.929710
11.992780,55.901100
12.028330,55.822491
12.050830,55.724430
11.929160,55.674160
11.999440,55.695271
12.057220,55.653320
12.093890,55.711102
12.064720,55.813881
12.007500,55.959431
11.876110,55.936100
11.853610,55.963039
12.111670,56.075260
12.301670,56.128601
12.518890,56.086102
12.618060,56.033871
12.534720,55.953880
12.600280,55.704151
12.512780,55.635269
12.383890,55.611099
12.242500,55.541100
12.191940,55.460270
12.227780,55.426102
12.376670,55.395260
12.452780,55.333599
12.443330,55.272491
12.068610,55.173870
12.015000,55.161381
12.061390,55.131649
12.173330,55.122761
12.168890,55.089710
12.123060,55.081100
12.173610,55.004990
12.071940,54.968601
11.913890,55.004711
11.877780,54.944988
11.904170,54.919430
11.963610,54.942211
12.000280,54.902489
12.110550,54.887489
12.169440,54.839161
11.976390,54.706100
11.958610,54.663319
11.980000,54.570271
11.929440,54.572769
11.871940,54.651371
11.883610,54.749710
11.742220,54.891380
11.708610,54.936649
11.750830,54.960819
11.856110,54.954990
11.883610,54.973881
11.847220,55.020260
11.618610,55.083050
11.823330,55.046379
11.779170,55.081379
11.723890,55.108318
11.766940,55.131378
11.773610,55.154148
11.720000,55.152210
11.741110,55.198879
11.246670,55.199711
11.236110,55.231380
11.241940,55.268040
11.170560,55.349709
11.110550,55.330540
11.104720,55.363602
11.214720,55.388599
11.178050,55.488041
11.130000,55.522491
11.080000,55.509159
11.150280,55.549709
11.119720,55.603321
10.927500,55.660259
11.085830,55.658871
10.873610,55.732491
11.153330,55.747211
11.122780,55.731659
11.168610,55.702770
11.343330,55.747490
11.374720,55.804710
11.486940,55.841648
11.515830,55.891930
11.507780,55.918880
11.278060,55.975269
11.320550,55.978321
11.606390,55.936378
11.763890,55.964710
11.757780,55.939991
11.741110,55.915821
# Triangles
79,78,77
79,77,80
77,76,80
76,75,74
80,76,73
85,87,86
83,82,84
91,87,85
82,81,84
92,84,81
91,85,84
81,80,92
61,60,62
71,67,40
68,67,71
62,60,63
67,66,65
74,73,76
70,69,68
9,73,17
73,72,71
70,68,71
40,73,71
9,80,73
87,90,88
88,90,89
91,84,92
91,90,87
97,96,98
99,95,6
96,99,98
99,96,95
95,94,6
93,92,94
92,6,94
7,6,8
5,2,99
9,8,6
17,10,9
92,80,6
3,5,4
2,5,3
1,99,2
100,1,101
101,1,102
1,100,99
99,6,5
6,80,9
47,67,65
59,58,55
55,58,57
49,60,59
56,55,57
55,54,59
51,49,59
63,48,64
63,60,48
64,47,65
64,48,47
51,50,49
49,48,60
47,40,67
59,54,51
51,54,52
46,41,47
46,45,44
54,53,52
41,46,44
40,47,41
34,40,39
42,41,44
38,36,35
44,43,42
38,37,36
40,17,73
18,17,19
11,16,15
16,11,17
17,34,19
14,13,12
14,11,15
22,24,23
14,12,11
24,22,25
21,25,22
11,10,17
34,17,40
33,20,19
32,31,29
38,35,39
33,32,20
26,25,21
21,29,26
20,32,21
21,32,29
28,27,29
29,27,26
31,30,29
33,19,34
39,35,34
