# Denmark region 4
29 26
# Outer Vertices
10.610280,55.611099
10.744440,55.496658
10.666670,55.451649
10.763330,55.388321
10.834720,55.293880
10.781670,55.301929
10.788060,55.140541
10.758050,55.101940
10.740280,55.067211
10.509720,55.028320
10.070280,55.085270
10.154440,55.126930
10.108330,55.186378
9.998055,55.191101
9.908333,55.226650
9.873333,55.324429
9.781944,55.374981
9.842777,55.395260
9.678333,55.494431
9.805832,55.544991
9.883333,55.505821
10.298890,55.616650
10.535830,55.526932
10.476940,55.529991
10.490830,55.493599
10.422220,55.464432
10.425550,55.438599
10.600280,55.482769
10.610280,55.611099
# Triangles
15,14,13
16,15,17
11,10,9
13,12,15
11,26,12
15,12,20
18,17,19
19,17,20
26,25,21
20,12,21
25,23,21
20,17,15
26,21,12
11,9,26
9,8,7
9,7,5
3,5,4
5,2,9
5,7,6
2,5,3
23,25,24
27,2,1
1,0,27
2,27,26
22,21,23
9,2,26
