# Russia region 60
19 16
# Outer Vertices
112.814903,74.094070
112.159401,74.134697
111.962502,74.210533
111.613297,74.249420
111.483597,74.293587
111.454697,74.323029
111.493599,74.350250
111.676399,74.373032
111.877800,74.345261
111.984200,74.394699
111.971100,74.478592
112.025497,74.536087
112.127800,74.548859
113.212997,74.486923
113.394096,74.448303
113.433296,74.393860
113.262802,74.270538
112.971100,74.193314
112.814903,74.094070
# Triangles
6,5,4
6,4,3
8,3,2
6,3,7
9,8,2
10,9,11
3,8,7
2,1,9
12,1,18
12,18,17
13,17,16
9,12,11
16,14,13
13,12,17
14,16,15
12,9,1
