# Russia region 59
82 79
# Outer Vertices
99.553040,77.939972
99.451263,77.955383
99.369141,77.961090
99.415527,77.988312
99.269974,78.037750
99.408043,78.068039
99.533043,78.141922
99.522476,78.168297
100.051903,78.346916
99.998306,78.386642
100.088303,78.436920
100.286598,78.595543
100.246597,78.624687
100.393303,78.751083
100.594398,78.794144
101.160797,78.752197
101.136597,78.768044
100.829697,78.798027
100.793602,78.845261
100.786102,78.898590
100.893898,78.976639
101.081398,79.029137
101.624397,78.982193
100.987999,79.067749
101.066399,79.133873
101.265297,79.138603
101.123596,79.159416
101.242203,79.224701
101.553299,79.250809
101.527199,79.308029
101.596603,79.356087
101.841103,79.358871
101.984200,79.254967
102.262802,79.250809
102.172501,79.280533
102.142799,79.363586
102.232803,79.414978
102.398903,79.428040
103.140297,79.325813
103.090500,79.283577
102.904404,79.264977
102.740799,79.156372
102.794701,79.130814
102.380203,78.821640
102.586601,78.855263
102.914703,79.052467
103.170502,79.060257
103.624702,79.168587
103.628601,79.149139
103.640800,79.129433
103.825500,79.156921
104.017799,79.114433
104.020203,79.088593
103.975304,79.059982
103.994698,79.048859
104.423897,78.971359
104.486397,78.938873
104.517799,78.869980
104.371902,78.849983
104.632500,78.837753
104.659401,78.814423
104.584702,78.765533
104.724403,78.787483
104.756897,78.815811
104.724998,78.838593
104.917198,78.854141
105.167999,78.809143
105.255203,78.733307
105.237999,78.715813
105.415802,78.571373
105.373596,78.507751
104.758598,78.328033
102.935799,78.236359
102.876900,78.195534
102.661102,78.163589
102.670502,78.211906
102.542503,78.221916
101.174698,78.183296
100.911102,78.106644
99.910538,77.948868
99.736923,77.963867
99.553040,77.939972
# Triangles
3,2,1
79,8,80
1,81,6
80,6,81
5,1,6
6,80,8
5,3,1
3,5,4
6,8,7
9,8,10
78,11,8
8,11,10
15,14,78
8,79,78
12,11,13
11,14,13
14,11,78
16,15,21
77,22,15
18,17,20
17,16,20
18,20,19
77,15,78
26,25,27
25,24,23
23,22,25
21,20,16
28,25,22
43,33,32
22,43,32
31,22,32
28,22,31
15,22,21
29,28,30
30,28,31
36,35,34
34,33,36
27,25,28
22,77,76
75,73,72
73,75,74
71,58,72
43,76,44
75,44,76
54,72,58
72,44,75
61,60,59
61,59,58
58,71,61
65,71,68
68,71,70
69,68,70
66,68,67
62,65,63
62,71,65
63,65,64
68,66,65
71,62,61
43,42,41
43,41,33
45,44,72
46,45,72
33,37,36
33,41,37
40,39,38
40,38,37
41,40,37
54,53,49
58,56,55
46,72,49
58,55,54
48,47,46
49,48,46
53,51,50
50,49,53
52,51,53
54,49,72
56,58,57
43,22,76
