# Russia region 31
48 45
# Outer Vertices
146.882996,44.396931
146.840500,44.415539
146.837997,44.464710
146.928802,44.600269
146.940796,44.554440
146.995804,44.559429
146.981094,44.624981
147.079102,44.611660
147.153000,44.673599
147.159393,44.718319
147.091904,44.742489
147.084702,44.781651
147.181900,44.774712
147.420807,44.944149
147.486298,44.980549
147.493607,45.076931
147.539398,45.089161
147.589401,45.056931
147.656296,45.075260
147.745499,45.178322
147.887497,45.217770
147.856094,45.356098
147.932693,45.421379
147.996902,45.338600
148.000198,45.273041
148.154404,45.259159
148.312195,45.267208
148.700806,45.520821
148.799698,45.513599
148.856400,45.474152
148.792999,45.418880
148.845200,45.365551
148.825195,45.334991
148.756104,45.309711
148.591904,45.318878
148.048004,45.096371
147.946106,45.001659
147.762497,44.938320
147.676605,44.974709
147.612503,44.961380
147.585800,44.918320
147.622696,44.897209
147.451096,44.748600
147.291107,44.666931
147.225204,44.561939
147.031097,44.513050
146.958603,44.414440
146.882996,44.396931
# Triangles
1,47,2
2,4,3
46,4,2
2,47,46
45,5,4
5,45,7
5,7,6
7,45,44
7,44,8
4,46,45
8,43,9
43,8,44
9,43,12
11,10,12
12,10,9
43,42,12
13,42,40
42,13,12
40,42,41
13,40,14
14,16,15
17,16,14
14,40,39
39,17,14
39,38,17
18,17,38
37,19,18
18,38,37
19,36,20
26,35,34
20,36,35
20,35,24
25,35,26
24,35,25
36,19,37
24,23,21
34,27,26
23,22,21
34,30,27
24,21,20
30,33,32
30,32,31
30,29,28
28,27,30
30,34,33
