# Russia region 75
35 32
# Outer Vertices
46.084160,80.436920
46.039989,80.445824
46.017490,80.494423
46.083611,80.551086
46.036381,80.572197
45.573051,80.518860
44.965500,80.627121
46.999439,80.753311
47.194721,80.796082
47.091660,80.824982
47.464722,80.854713
48.284721,80.825813
48.638329,80.745247
48.496380,80.741364
48.462780,80.714981
48.754169,80.657761
48.759720,80.621094
48.521660,80.626648
47.921940,80.705544
47.779720,80.762482
47.580280,80.747192
47.477219,80.728592
47.571110,80.675262
47.377220,80.682480
47.310829,80.645538
47.443050,80.606644
47.423611,80.588867
47.166660,80.625809
47.005829,80.551651
46.648609,80.556374
46.682220,80.517471
46.527500,80.520248
46.511669,80.489967
46.528610,80.471916
46.084160,80.436920
# Triangles
1,34,2
2,34,3
33,32,34
31,30,29
34,32,3
32,31,3
31,4,3
31,29,4
6,4,7
6,5,4
4,29,7
28,27,7
8,7,27
9,8,10
27,24,8
7,29,28
23,10,8
24,26,25
26,24,27
17,16,15
23,22,21
21,20,10
10,19,11
19,10,20
21,10,23
18,14,11
14,18,17
11,13,12
13,11,14
17,15,14
18,11,19
23,8,24
