# Russia region 0
25 22
# Outer Vertices
53.041111,70.960533
53.013039,70.986473
53.013321,71.005814
52.586102,71.238037
52.369160,71.240250
52.232769,71.281921
52.208328,71.312187
52.271389,71.349426
52.556931,71.389687
52.723881,71.343872
52.682209,71.390808
52.753052,71.397751
52.921101,71.359970
53.019718,71.279137
52.907490,71.306923
52.891102,71.338318
52.775551,71.324142
53.064442,71.235527
53.143608,71.267761
53.207489,71.251083
53.218048,71.159698
53.054440,71.080811
53.040279,71.024979
53.144989,70.985527
53.041111,70.960533
# Triangles
7,6,5
4,7,5
2,21,16
2,16,3
8,4,3
9,3,16
9,8,3
8,7,4
16,11,9
11,15,12
9,11,10
15,11,16
14,12,15
1,22,2
22,1,24
2,22,21
17,16,21
23,22,24
13,12,14
18,20,19
20,18,17
17,21,20
