# Russia region 50
193 190
# Outer Vertices
141.831894,53.152760
141.778000,53.376381
142.242493,53.525829
142.237701,53.459431
142.253296,53.380550
142.351593,53.356098
142.495499,53.398319
142.578903,53.501099
142.630493,53.523880
142.680206,53.509991
142.672195,53.549709
142.505493,53.549992
142.494995,53.661098
142.548599,53.673038
142.726898,53.633598
142.800797,53.703880
142.770493,53.841381
142.737503,53.841930
142.707199,53.811100
142.689102,53.739159
142.649994,53.703320
142.603607,53.697491
142.718002,53.898319
142.705200,53.950821
142.280502,54.303051
142.401901,54.266102
142.515198,54.280540
142.535202,54.230820
142.580002,54.233879
142.591095,54.278049
142.630203,54.257771
142.651901,54.288601
142.617706,54.319149
142.696594,54.424709
142.741104,54.417488
143.014999,54.117489
142.998306,54.059158
142.850494,53.870541
142.925201,53.863880
142.925797,53.832489
142.881302,53.808041
143.066299,53.592209
142.983902,53.569149
143.036896,53.535549
143.103897,53.554989
143.129395,53.469711
143.066895,53.451382
143.095505,53.376659
143.181107,53.398880
143.203003,53.365822
143.354904,52.841930
143.323898,52.803051
143.304993,52.471661
143.249405,52.387211
143.192200,52.340549
143.273605,52.558880
143.115204,52.340260
143.167404,52.338039
143.137207,52.120541
143.108902,52.137489
143.164902,51.864990
143.211899,51.851940
143.238007,51.883320
143.317200,51.704708
143.260803,51.677761
143.219406,51.525829
143.241302,51.501099
143.347702,51.511101
143.326096,51.613041
143.370804,51.641380
143.457504,51.479988
143.468597,51.336929
143.427994,51.364990
143.378296,51.344711
143.431595,51.318878
143.475800,51.239712
143.522202,51.219440
143.510193,51.294991
143.650803,50.829151
143.774994,50.350552
143.907394,50.146931
144.039703,49.899712
144.129395,49.655540
144.191605,49.562771
144.227997,49.397770
144.407700,49.029991
144.694901,48.855259
144.691895,48.708599
144.746597,48.637211
144.678299,48.646648
144.646103,48.767208
144.537399,48.913052
144.346298,49.027489
144.245804,49.129162
144.044693,49.249989
143.374893,49.400539
143.262207,49.390820
143.248001,49.369431
143.311600,49.341099
143.554092,49.319710
143.659897,49.305538
143.411606,49.297489
143.137207,49.223049
143.013306,49.134159
142.966095,49.038052
142.990204,48.909988
142.908005,48.782768
142.617493,48.198879
142.529999,47.875820
142.567993,47.683319
142.697403,47.501099
142.900497,47.372490
143.021301,47.240551
143.028000,47.069988
143.126907,46.879162
143.090195,46.832760
143.088303,46.801659
143.172195,46.705540
143.358902,46.680820
143.391907,46.708321
143.359695,46.740551
143.172699,46.792488
143.182495,46.838329
143.310196,46.795269
143.419998,46.790821
143.457703,46.840549
143.492996,46.803600
143.551605,46.490261
143.621902,46.368320
143.468796,46.169991
143.473801,46.092770
143.425201,46.019428
143.412201,46.063042
143.426102,46.123600
143.329407,46.487770
143.370804,46.489429
143.388306,46.530270
143.361298,46.558880
143.294998,46.555271
143.160507,46.591381
142.769699,46.603600
142.717499,46.744160
142.587494,46.707489
142.468002,46.641651
142.405502,46.551102
142.223602,46.106098
142.116592,45.989990
142.096298,45.895260
142.077499,45.891380
141.925003,46.044991
141.938004,46.091381
141.829102,46.425541
141.815796,46.597759
142.035202,47.006649
142.058304,47.145260
142.030807,47.226940
141.951096,47.488602
142.006897,47.703041
142.176605,47.929710
142.188797,47.975269
142.141907,48.296379
141.908295,48.620541
141.852997,48.760818
142.002197,48.966381
142.068604,49.340549
142.117706,49.447208
142.154099,49.675541
142.126297,49.891102
142.159897,49.976379
142.152496,50.256649
142.042206,50.534161
142.094894,50.813042
142.231598,50.998322
142.260803,51.139149
142.085205,51.398319
142.089706,51.457211
141.926300,51.566101
141.932999,51.612209
141.875793,51.606659
141.683807,51.742489
141.804703,51.717491
141.823303,51.739990
141.777206,51.824711
141.637207,51.878601
141.670502,52.274990
141.638000,52.315819
141.660797,52.383320
141.790802,52.481659
141.844101,52.645260
141.832993,52.728870
141.925201,53.019989
141.912201,53.067211
141.831894,53.152760
# Triangles
146,150,149
153,152,144
162,161,163
151,144,152
154,153,142
154,110,155
157,156,109
155,109,156
150,145,151
163,161,160
177,176,175
178,177,181
180,179,178
181,180,178
181,177,182
163,104,164
171,170,169
175,174,173
177,59,182
146,149,148
145,144,151
150,146,145
109,158,157
142,153,143
143,153,144
108,158,109
111,141,113
142,141,110
155,110,109
111,110,141
141,140,116
154,142,110
103,166,165
163,160,106
96,168,166
168,167,166
96,169,168
104,165,164
108,159,158
159,108,107
107,106,160
160,159,107
173,172,73
78,172,169
173,65,175
169,172,171
147,146,148
59,177,175
183,182,184
184,182,187
184,186,185
186,184,187
182,59,187
189,188,190
5,190,56
4,0,191
190,4,191
5,4,190
6,5,56
187,56,188
1,4,3
4,1,0
1,3,2
12,11,13
27,26,25
27,25,23
24,23,25
190,188,56
7,9,8
9,7,6
13,11,10
10,14,13
21,20,19
10,9,14
42,15,14
16,15,40
16,40,37
40,15,42
19,18,21
40,39,38
18,22,21
28,30,29
30,28,23
32,31,33
33,31,34
31,30,35
37,22,16
37,40,38
23,37,36
16,22,17
22,37,23
28,27,23
31,35,34
30,23,36
18,17,22
6,47,9
9,42,14
104,163,106
139,138,117
139,117,116
122,121,123
117,138,118
139,116,140
135,134,129
136,135,127
118,137,119
118,138,137
121,120,123
124,123,120
113,112,111
113,141,115
104,106,105
166,103,97
115,114,113
102,101,98
98,97,102
166,97,96
97,103,102
79,169,96
136,119,137
115,141,116
133,132,130
129,128,135
129,134,133
124,126,125
119,126,124
130,132,131
130,129,133
128,127,135
126,119,127
119,136,127
93,92,85
94,93,84
101,100,99
101,99,98
90,89,87
87,89,88
90,87,86
85,91,86
85,92,91
86,91,90
93,85,84
124,120,119
95,82,81
175,60,59
59,58,57
57,56,59
54,53,55
6,56,51
173,66,65
64,61,60
63,62,61
63,61,64
64,60,65
60,175,65
6,51,47
43,42,46
36,35,30
40,42,41
47,49,48
50,49,47
46,45,44
46,44,43
46,42,9
47,46,9
56,187,59
78,75,172
79,78,169
76,78,77
75,78,76
172,75,73
73,75,74
94,83,82
80,79,95
95,81,80
94,82,95
84,83,94
55,52,51
55,53,52
55,51,56
67,69,68
72,71,70
72,70,67
69,67,70
67,73,72
73,67,66
51,50,47
66,173,73
79,96,95
103,165,104
