# Russia region 3
20 17
# Outer Vertices
179.860199,71.516647
179.935501,71.528214
180.000000,71.539047
180.000000,71.383476
180.000000,71.193481
180.000000,71.003487
179.951401,70.990196
179.903900,70.979660
179.851196,70.958557
179.782593,70.932190
179.711304,70.903587
179.492203,70.874969
179.272705,70.888603
178.789795,70.799210
178.703003,70.934692
178.617706,71.049973
178.673798,71.104156
179.564102,71.446091
179.863800,71.488037
179.860199,71.516647
# Triangles
13,12,14
12,11,17
17,11,10
16,15,14
17,16,12
17,10,9
17,9,8
12,16,14
8,7,4
6,5,4
6,4,7
4,18,17
19,18,1
1,3,2
3,1,18
18,4,3
17,8,4
