# Russia region 67
28 25
# Outer Vertices
48.828892,68.726639
48.590000,68.728592
48.294720,68.858582
48.283329,68.897476
48.225552,68.882751
48.227779,68.953583
48.266659,68.976089
48.211391,68.995529
48.244991,69.088463
48.265541,69.123032
48.275280,69.230263
48.391659,69.335251
48.634991,69.444138
48.943321,69.506927
49.244160,69.505539
50.104160,69.281082
50.305271,69.161926
50.331108,69.124687
50.177212,69.011368
50.127209,68.990250
50.117210,69.033310
50.224998,69.143044
50.146111,69.140808
49.860550,69.018860
49.883598,69.007477
49.907780,68.991928
49.495548,68.821640
48.828892,68.726639
# Triangles
4,3,5
6,5,3
3,1,6
1,3,2
0,12,1
8,6,9
6,8,7
9,6,1
9,11,10
9,1,11
1,12,11
0,13,12
23,25,24
25,23,26
26,23,14
18,21,20
18,20,19
23,15,14
13,0,14
21,18,17
16,15,21
16,21,17
21,15,22
15,23,22
14,0,26
