# Russia region 68
25 22
# Outer Vertices
61.066101,80.403587
60.249149,80.494423
59.945541,80.438026
59.659431,80.422203
59.313370,80.541367
59.372211,80.558296
59.220829,80.642761
59.369999,80.734421
59.572208,80.776917
59.506660,80.802467
60.078892,80.850250
60.254711,80.834702
59.969990,80.808868
61.040272,80.825813
61.561939,80.885803
62.046101,80.878593
62.255260,80.789703
62.285259,80.768044
62.218880,80.718872
62.038059,80.662483
62.145550,80.632751
61.939159,80.600250
61.704151,80.593033
61.606941,80.526917
61.066101,80.403587
# Triangles
5,4,3
7,6,5
12,3,2
3,8,5
1,12,2
7,5,8
9,8,12
12,1,13
8,3,12
12,10,9
10,12,11
13,24,23
14,23,22
21,20,19
22,21,15
15,21,19
22,15,14
14,13,23
18,17,16
18,16,15
18,15,19
24,13,1
