# Russia region 44
20 17
# Outer Vertices
86.922470,74.818314
86.335823,74.845543
86.236649,74.888313
86.237762,74.917213
86.566360,74.894699
86.593307,74.909973
86.503036,74.928864
86.499153,74.979980
86.623032,74.970810
86.631363,74.946373
87.027267,74.985863
87.137482,74.936081
87.081917,74.899139
86.952759,74.873581
86.870247,74.902763
86.704147,74.906082
86.689697,74.886642
86.823593,74.845261
86.937187,74.840530
86.922470,74.818314
# Triangles
3,2,1
5,4,16
1,17,4
4,3,1
8,7,5
8,5,9
9,15,14
5,7,6
5,16,9
17,16,4
18,17,0
17,1,0
10,12,11
10,14,13
13,12,10
9,14,10
16,15,9
