# Russia region 76
20 17
# Outer Vertices
56.519169,81.163857
56.390549,81.172760
56.383610,81.207474
56.230000,81.223587
55.891930,81.189148
55.556370,81.219131
55.610279,81.271637
55.431660,81.271637
55.537498,81.294418
55.466110,81.319702
56.158611,81.287483
56.531658,81.254433
56.579430,81.268311
56.387760,81.321907
56.333889,81.382202
57.024151,81.376373
57.891102,81.295532
57.789440,81.274696
57.109989,81.253593
56.519169,81.163857
# Triangles
6,5,4
10,4,3
6,10,8
10,6,4
3,2,10
8,10,9
7,6,8
2,1,0
11,0,12
12,0,18
0,11,2
12,15,14
15,17,16
15,12,18
18,17,15
12,14,13
10,2,11
