# Russia region 35
25 22
# Outer Vertices
96.350540,76.097473
95.263603,76.213028
95.309143,76.253860
95.377762,76.285248
95.599136,76.238861
95.785248,76.298309
96.066360,76.273857
96.064148,76.236923
96.105530,76.229424
96.206650,76.286636
96.339417,76.303864
96.644417,76.262756
96.570534,76.184143
96.592194,76.152763
96.536087,76.159149
96.523323,76.193588
96.562759,76.231087
96.376373,76.267761
96.348038,76.240807
96.408859,76.203033
96.245796,76.203873
96.405807,76.165817
96.362473,76.137756
96.343582,76.119713
96.350540,76.097473
# Triangles
8,7,0
4,0,7
4,7,5
1,4,3
20,0,23
8,0,20
10,20,18
8,20,9
4,1,0
1,3,2
10,9,20
7,6,5
20,23,22
20,22,21
14,13,12
15,14,12
18,20,19
18,17,10
12,16,15
16,12,11
11,10,16
16,10,17
