# Russia region 71
18 15
# Outer Vertices
63.212490,80.681641
62.509159,80.806923
62.557449,80.844131
63.244999,80.973587
63.973331,80.974701
64.148041,81.002197
64.216087,81.055817
64.119431,81.086906
64.245796,81.159698
64.550262,81.195824
64.992767,81.169693
65.238586,81.133034
65.452499,81.027763
65.303307,80.993591
65.468323,80.939423
65.464417,80.922203
64.615257,80.758324
63.212490,80.681641
# Triangles
2,1,17
17,3,2
3,17,4
6,5,16
5,4,16
7,6,8
4,17,16
16,13,10
13,16,15
15,14,13
6,9,8
13,11,10
10,9,16
11,13,12
9,6,16
