# Russia region 36
24 21
# Outer Vertices
143.184998,73.203308
141.779404,73.294983
141.362198,73.363586
140.702698,73.451370
140.382401,73.428040
140.009094,73.354424
139.839096,73.345543
139.676605,73.365540
139.652695,73.420258
139.728607,73.440262
140.313599,73.452477
140.649399,73.568863
140.709702,73.634407
140.949997,73.822479
141.164597,73.877823
141.356400,73.860260
141.563293,73.898323
142.047699,73.917213
142.576599,73.820251
143.431900,73.522476
143.526596,73.436081
143.436295,73.403030
143.543900,73.231087
143.184998,73.203308
# Triangles
9,8,7
9,6,5
7,6,9
10,5,4
9,5,10
10,4,11
3,13,12
13,3,2
3,12,11
3,11,4
1,16,2
23,18,1
22,21,23
19,23,21
20,19,21
14,2,15
15,2,16
1,17,16
18,17,1
19,18,23
2,14,13
