# Russia region 28
54 51
# Outer Vertices
126.510597,72.400414
126.496902,72.402367
126.427696,72.427467
126.302200,72.507477
126.384102,72.618874
126.337799,72.722473
126.449699,72.791641
126.330002,72.890533
126.361900,72.917480
126.665298,72.995529
126.779999,73.089417
126.734703,73.130249
126.762802,73.173576
126.600502,73.257477
126.654099,73.304138
126.561096,73.377762
126.659401,73.386093
126.659401,73.416924
126.726898,73.444427
126.827499,73.378860
126.841904,73.436081
126.930496,73.427467
126.922798,73.495247
126.872200,73.511093
126.913597,73.533310
127.237801,73.532471
127.443901,73.479424
127.726898,73.479424
127.984200,73.458313
127.897202,73.431374
128.073593,73.399696
127.960800,73.345543
128.365204,73.352203
128.235794,73.261368
128.655197,73.257751
128.956100,73.183296
128.947998,73.145813
128.847702,73.149696
128.865204,73.119423
128.815796,73.094704
128.787201,73.063583
129.097397,73.130814
129.118301,73.094704
129.052704,73.023323
128.931107,72.984154
128.336594,72.915527
128.210495,72.865540
128.244400,72.823868
128.174103,72.807747
127.335800,72.710823
127.130798,72.639137
126.520798,72.526367
126.581902,72.411362
126.510597,72.400414
# Triangles
3,2,4
6,5,4
8,7,6
4,2,51
51,1,53
51,53,52
6,51,9
6,4,51
50,9,51
9,50,10
6,9,8
21,12,10
51,2,1
14,13,12
15,14,16
16,18,17
19,18,16
16,14,19
12,19,14
12,11,10
19,12,21
24,22,25
22,24,23
20,19,21
31,49,48
49,21,10
47,46,48
31,48,46
45,33,46
41,44,43
44,40,45
34,40,39
40,44,41
42,41,43
45,40,34
38,37,39
49,26,25
31,27,49
31,30,29
27,31,29
25,21,49
26,49,27
29,28,27
21,25,22
37,36,35
37,35,34
32,31,33
33,45,34
31,46,33
37,34,39
49,10,50
