# Russia region 22
23 20
# Outer Vertices
58.017490,80.104141
57.634972,80.110519
57.271938,80.166092
57.299160,80.203308
57.220829,80.234154
57.270271,80.260803
57.194439,80.357193
57.273331,80.386642
56.946388,80.474426
57.782490,80.493027
58.879169,80.424698
59.198601,80.371094
59.276371,80.334137
58.901371,80.325531
58.432499,80.318314
58.133610,80.275253
58.092770,80.243591
58.462490,80.229141
58.452499,80.199142
58.435829,80.168587
58.019440,80.200256
57.929989,80.158310
58.017490,80.104141
# Triangles
3,2,1
1,22,21
9,21,20
3,1,7
9,1,21
3,7,5
5,4,3
7,9,8
5,7,6
9,7,1
16,15,9
17,16,19
17,19,18
19,16,20
14,10,9
14,9,15
13,12,11
13,10,14
13,11,10
16,9,20
