# Russia region 13
21 18
# Outer Vertices
163.436905,58.474430
163.388504,58.560490
163.585495,58.647209
163.740494,58.818878
163.743805,58.880260
163.815796,58.956661
163.905197,59.002769
163.883896,59.010540
163.697693,59.007771
163.953903,59.035259
164.142700,59.085541
164.439407,59.205540
164.576096,59.231659
164.710205,59.037491
164.660507,58.977489
164.679993,58.904991
164.637497,58.878319
164.389694,58.859150
163.578903,58.579708
163.500793,58.512489
163.436905,58.474430
# Triangles
1,20,19
18,2,1
2,18,3
18,1,19
3,5,4
6,5,3
8,7,9
3,18,17
9,6,17
17,6,3
16,15,14
16,14,17
11,17,14
9,17,10
14,12,11
11,10,17
12,14,13
6,9,7
