# Russia region 32
47 44
# Outer Vertices
149.695801,74.760803
148.681595,74.760803
148.127396,74.813309
147.781296,74.907471
147.272507,74.973587
146.890793,75.067200
146.537994,75.130539
146.080795,75.214706
146.072205,75.232758
146.241104,75.410538
146.267502,75.433868
146.404999,75.467758
146.335800,75.504967
146.349396,75.546654
146.389099,75.580544
146.505402,75.589447
146.772202,75.501083
146.678604,75.479141
146.639404,75.419983
147.018295,75.334702
147.307999,75.348312
147.332199,75.362198
147.248596,75.367752
147.436600,75.392471
147.360199,75.417213
147.454407,75.438873
148.432693,75.409973
148.572403,75.369980
148.444107,75.295258
148.452499,75.271088
148.600800,75.211357
149.326096,75.284416
150.148300,75.218872
150.196106,75.193039
150.158005,75.152763
150.556900,75.122757
150.466599,75.095810
150.521896,75.093582
150.664398,75.129433
150.663803,75.153870
150.827194,75.158577
150.953003,75.139420
150.641602,74.996094
150.688004,74.936081
150.603607,74.884407
149.991898,74.829697
149.695801,74.760803
# Triangles
18,6,5
8,7,9
6,9,7
5,19,18
5,4,19
20,4,21
23,4,3
22,21,23
23,21,4
3,25,23
20,19,4
9,11,10
9,6,11
11,13,12
13,11,14
11,15,14
11,6,18
25,24,23
15,17,16
17,15,18
18,15,11
3,26,25
31,1,46
2,1,30
45,32,46
36,45,44
34,45,36
44,43,42
38,42,40
44,42,37
38,37,42
44,37,36
30,29,2
30,1,31
26,28,27
26,3,28
29,28,2
41,40,42
38,40,39
35,34,36
33,32,34
32,31,46
34,32,45
28,3,2
