# Russia region 58
102 99
# Outer Vertices
97.759697,78.803589
96.843307,78.941933
96.854713,78.970261
96.602478,78.986359
96.326920,79.000259
96.272202,79.022202
95.970543,78.993591
95.653587,79.004150
95.649696,79.071907
95.408577,79.100540
95.283577,79.065536
94.841087,79.059143
94.629150,79.137756
94.633034,79.192749
94.426651,79.220543
94.320251,79.255249
94.351639,79.314697
94.311081,79.344704
94.358871,79.433296
94.346649,79.460251
94.270538,79.478317
94.049973,79.466370
94.073303,79.434982
93.949142,79.427200
93.698868,79.456093
93.960533,79.478027
93.980797,79.495247
93.687187,79.541092
93.878036,79.601357
93.726089,79.594147
93.439972,79.501083
93.520248,79.480797
93.224426,79.437759
93.140259,79.451637
93.141083,79.474983
93.301933,79.492752
93.269974,79.519974
93.020248,79.524979
93.301651,79.549973
94.104141,79.768593
94.656647,79.811653
94.661087,79.823593
94.225540,79.902481
94.383591,79.931091
94.329697,79.970810
94.499153,79.969421
94.943314,80.066650
94.910538,80.096077
95.006927,80.100250
95.126083,80.045258
95.343307,80.027206
95.393593,80.088593
95.580261,80.111359
96.438026,80.098587
96.599701,80.136917
96.728317,80.113861
97.142471,80.168869
97.703583,80.155807
98.058296,80.063583
98.067200,80.031647
97.767197,79.943588
97.828583,79.926086
97.767761,79.884407
97.583862,79.852203
97.656372,79.828033
97.518311,79.804138
97.623871,79.776367
97.234970,79.718033
97.206360,79.696907
97.549149,79.737473
97.919418,79.852203
97.885246,79.868591
98.043030,79.905807
98.384979,79.866364
98.578583,79.978317
98.434692,80.008873
98.482193,80.044418
98.570251,80.051933
99.369980,80.010529
100.015297,79.824142
100.063301,79.767761
99.817200,79.737762
99.882202,79.691360
99.709427,79.556641
99.784149,79.511368
99.684692,79.466919
99.689423,79.446907
99.732193,79.417480
99.692200,79.389687
99.734154,79.367477
99.659149,79.295807
99.455978,79.246986
99.187759,79.305252
99.041924,79.296654
99.042213,79.284416
99.859154,79.082748
99.864967,79.012482
99.939697,78.973862
99.938873,78.953308
99.896637,78.934418
99.394974,78.820534
97.759697,78.803589
# Triangles
34,33,32
21,23,22
35,34,32
24,23,25
25,23,21
19,40,39
25,21,26
39,21,20
13,11,40
53,5,3
7,6,8
6,52,8
16,14,18
14,16,15
18,14,13
16,18,17
10,9,50
10,40,11
12,11,13
40,18,13
50,9,8
18,40,19
6,5,53
38,36,35
37,36,38
30,35,32
38,35,30
32,31,30
30,29,38
29,39,38
39,28,26
20,19,39
39,29,28
26,28,27
26,21,39
44,43,45
41,43,42
41,40,49
10,50,49
41,46,45
41,45,43
10,49,40
47,46,48
48,46,49
52,51,50
52,50,8
46,41,49
52,6,53
5,4,3
2,1,0
68,3,2
94,0,100
2,0,68
69,68,0
73,94,93
68,67,56
100,96,95
85,92,91
92,78,93
0,94,73
90,88,91
95,94,100
3,68,55
90,89,88
99,98,97
99,97,96
91,86,85
86,91,88
86,88,87
84,83,85
78,92,83
85,83,92
96,100,99
82,81,83
56,67,65
65,67,66
65,63,56
64,63,65
0,70,69
55,54,53
68,56,55
62,61,60
56,63,57
58,60,59
63,60,57
63,62,60
70,73,72
81,80,79
78,74,93
73,70,0
79,78,81
60,58,57
74,78,77
74,73,93
77,76,74
74,76,75
71,70,72
81,78,83
55,53,3
