# Russia region 80
67 64
# Outer Vertices
93.678307,79.994141
93.200813,80.061920
92.061653,80.170258
92.205811,80.203033
92.766083,80.162483
92.881638,80.175537
92.128311,80.273323
92.136093,80.287483
93.318863,80.272476
93.101089,80.314697
91.529137,80.288040
91.639977,80.311081
91.464142,80.299149
91.420258,80.314972
91.704147,80.388603
92.263870,80.394974
91.943588,80.443588
91.911087,80.462196
92.783310,80.518593
92.816933,80.578873
92.778587,80.602478
93.325531,80.805817
93.120247,80.772476
92.493874,80.753860
92.496643,80.774406
92.668869,80.828308
92.694138,80.882751
93.148857,80.922470
93.161636,80.948029
93.068039,80.971649
93.151093,81.004700
94.825256,81.127197
95.167213,81.212479
95.547470,81.217758
95.034973,81.242752
95.122192,81.270813
95.594971,81.289703
96.549423,81.076370
96.541367,81.023590
96.728592,81.003860
96.648323,80.979980
96.954147,80.905533
97.781372,80.818863
97.744423,80.794418
97.822479,80.784416
97.872192,80.757477
97.746643,80.738037
97.927200,80.731087
97.963593,80.701370
97.702477,80.661087
97.287750,80.659149
97.300537,80.671654
97.152206,80.651642
97.177467,80.628860
97.045258,80.580544
97.019417,80.521362
97.211906,80.415527
97.185257,80.379433
97.219971,80.342484
97.415253,80.323303
97.418587,80.303040
97.197197,80.233871
95.929977,80.212196
95.073029,80.136368
94.523857,80.126373
94.391083,80.073303
93.678307,79.994141
# Triangles
10,9,11
8,5,1
2,4,3
14,13,12
11,14,12
8,1,66
8,66,21
66,65,21
11,15,14
5,4,1
21,20,19
8,7,5
31,21,65
1,4,2
9,18,15
16,15,17
9,15,11
15,18,17
24,23,25
23,22,25
21,9,8
19,18,9
19,9,21
27,26,22
30,28,21
28,30,29
21,28,27
31,30,21
22,21,27
26,25,22
6,5,7
31,65,64
62,33,63
57,56,55
62,61,55
57,55,61
62,55,40
53,52,54
41,55,54
57,61,58
52,41,54
60,59,58
58,61,60
51,49,43
49,51,50
47,49,48
52,51,41
32,31,63
63,33,32
38,40,39
38,33,62
36,38,37
34,33,35
36,33,38
36,35,33
46,44,43
44,46,45
46,49,47
41,43,42
41,51,43
62,40,38
40,55,41
46,43,49
63,31,64
