# Russia region 69
21 18
# Outer Vertices
57.017780,80.694427
56.681389,80.798576
55.577221,80.886917
55.403881,80.921371
55.388050,80.961906
54.984440,80.949692
54.812771,81.003311
54.659161,80.988861
54.429470,81.024193
54.609161,81.110527
54.690281,81.123581
55.483601,81.010803
56.049160,81.039429
56.599998,80.978317
56.674999,80.929703
56.855831,80.892761
57.508331,80.839142
57.716110,80.798027
57.704159,80.779694
57.193329,80.697479
57.017780,80.694427
# Triangles
11,4,3
11,3,2
11,5,4
8,7,9
6,5,10
10,9,7
10,5,11
6,10,7
2,12,11
15,1,20
16,19,18
15,20,19
17,16,18
12,1,13
13,1,14
16,15,19
1,15,14
1,12,2
