# Russia region 24
23 20
# Outer Vertices
81.974983,75.174423
81.891083,75.213028
81.895248,75.274979
81.815811,75.320534
81.718307,75.275253
81.636093,75.285812
81.493027,75.358307
81.550537,75.385246
81.793030,75.461357
81.726089,75.412201
81.774406,75.374153
81.956093,75.405258
81.867477,75.443039
81.947479,75.463318
81.907761,75.493317
82.139420,75.517471
82.149887,75.496048
82.137482,75.440536
82.222198,75.399979
82.279419,75.325256
82.039139,75.340263
82.009407,75.185806
81.974983,75.174423
# Triangles
9,5,4
2,1,22
10,4,3
5,9,7
7,6,5
7,9,8
10,3,11
10,9,4
3,2,11
21,20,2
20,19,18
20,18,17
20,11,2
12,11,13
13,11,17
14,13,15
17,16,15
17,15,13
11,20,17
22,21,2
