# Russia region 39
18 15
# Outer Vertices
56.007221,80.070251
55.713612,80.101089
55.802792,80.127113
56.043880,80.191093
55.954720,80.257202
55.988880,80.283310
55.969719,80.323868
56.189720,80.349701
56.569721,80.321907
56.724991,80.364700
57.049431,80.352203
57.127781,80.315262
57.094719,80.224136
57.156101,80.198303
57.041111,80.153030
57.139721,80.105530
57.024441,80.071091
56.007221,80.070251
# Triangles
2,1,17
17,3,2
7,3,8
5,7,6
5,4,3
3,7,5
3,17,8
16,14,9
14,16,15
14,13,12
8,16,9
10,12,11
10,9,14
12,10,14
16,8,17
