# Russia region 25
28 25
# Outer Vertices
70.110527,73.020813
69.873749,73.050461
69.916367,73.126648
70.031921,73.187759
70.066650,73.257202
69.955261,73.387756
70.124687,73.439972
70.485527,73.493027
70.930527,73.516083
71.247482,73.454147
71.249153,73.433296
71.113037,73.446091
71.104141,73.429703
71.144699,73.400528
71.087753,73.299973
70.985260,73.281921
71.019699,73.264977
71.210533,73.268044
71.382477,73.310532
71.432747,73.348312
71.648323,73.237473
71.676651,73.176933
70.754967,73.109970
70.411636,73.035538
70.241089,73.037750
70.106369,73.098312
70.002197,73.063873
70.110527,73.020813
# Triangles
2,1,26
26,1,27
3,26,25
25,24,4
6,24,23
2,26,3
7,6,23
4,3,25
6,4,24
22,8,7
4,6,5
7,23,22
16,15,22
15,14,12
21,20,18
18,17,21
20,19,18
17,16,22
22,21,17
8,12,11
8,15,12
8,11,9
9,11,10
14,13,12
15,8,22
