# Russia region 8
21 18
# Outer Vertices
155.403305,49.997761
155.364395,49.999149
155.388901,50.035549
155.357498,50.053051
155.226807,50.052879
155.250504,50.170818
155.203293,50.242210
155.194702,50.291100
155.438293,50.366940
155.661301,50.385269
155.761398,50.458050
155.896896,50.698601
156.067200,50.775829
156.116302,50.747490
156.148804,50.518879
156.043594,50.475269
156.037201,50.409710
155.785507,50.184990
155.596298,50.178322
155.471100,50.108051
155.403305,49.997761
# Triangles
4,3,5
1,20,2
2,20,19
3,2,19
7,6,8
5,19,8
19,5,3
8,19,18
5,8,6
18,9,8
9,18,17
10,17,16
17,10,9
10,16,15
11,15,13
15,11,10
11,13,12
13,15,14
