# Russia region 74
39 36
# Outer Vertices
59.766102,69.689697
59.554989,69.742752
59.533871,69.753593
59.625820,69.789978
59.451649,69.875809
58.958599,69.940536
58.969711,69.920807
59.122761,69.872192
59.113319,69.854141
58.962212,69.880539
58.936008,69.901894
58.588039,70.059982
58.546101,70.126373
58.608879,70.137482
58.408600,70.250259
58.471661,70.269150
58.782768,70.213318
58.801659,70.235809
58.497211,70.331650
58.595539,70.331093
58.697491,70.354141
58.758881,70.387192
58.726101,70.416367
59.033039,70.478867
59.044159,70.447479
59.308880,70.371368
59.541931,70.252472
59.535259,70.205811
59.764149,70.167763
59.779148,70.126083
60.020550,70.101929
60.324711,69.951103
60.412769,69.954971
60.477489,69.916092
60.451649,69.880814
60.547771,69.805817
60.439709,69.756638
60.471100,69.720543
59.766102,69.689697
# Triangles
12,11,13
13,15,14
16,13,11
11,10,16
9,8,6
10,6,5
6,10,9
10,5,16
5,17,16
25,24,5
17,19,18
13,16,15
21,17,24
21,23,22
23,21,24
17,5,24
21,20,17
19,17,20
7,6,8
4,27,25
2,1,3
38,37,36
36,31,38
38,29,3
4,3,29
38,3,1
35,34,36
29,28,27
25,27,26
5,4,25
27,4,29
34,33,32
29,38,30
32,31,34
38,31,30
34,31,36
