# Russia region 49
83 80
# Outer Vertices
47.654160,80.067467
47.619999,80.093582
47.637199,80.097473
47.755001,80.168587
48.082500,80.194702
47.843609,80.207748
47.963329,80.226929
47.924160,80.242477
47.453609,80.234703
47.341110,80.210823
47.384991,80.184418
46.971378,80.176361
46.890831,80.207199
46.902771,80.227203
46.640549,80.279694
46.637772,80.305527
47.011108,80.367203
47.142780,80.363861
47.203331,80.306091
48.127781,80.325256
48.153881,80.338867
47.669441,80.367477
47.618889,80.400818
48.223049,80.417213
48.122219,80.467484
47.395828,80.445824
47.445000,80.466087
48.040279,80.543030
48.183331,80.526367
48.394440,80.566360
48.567768,80.536926
48.528332,80.509979
49.192211,80.521362
49.175549,80.552200
49.384720,80.591370
49.407490,80.611649
49.298611,80.627762
49.287220,80.639137
49.658611,80.640533
49.613609,80.683868
49.681381,80.717484
49.021111,80.711906
48.966660,80.737473
49.109718,80.766083
49.005001,80.774979
50.184441,80.922470
50.439159,80.909698
50.016941,80.864700
50.133049,80.846649
50.808609,80.916641
51.035549,80.851639
51.018879,80.833313
50.294998,80.756638
50.316380,80.715263
51.267220,80.785248
51.745548,80.718033
51.728882,80.680527
50.949711,80.535248
49.752769,80.487473
49.696388,80.465813
49.823330,80.414139
49.678890,80.376373
49.462780,80.361649
48.902500,80.382751
48.791660,80.369980
48.814991,80.346916
48.631660,80.307213
48.669998,80.279137
48.918880,80.279984
49.035831,80.239967
48.975830,80.207474
49.101940,80.194427
49.086109,80.169418
48.798050,80.149979
48.566380,80.199142
48.519440,80.174973
48.548882,80.152481
48.502220,80.118317
48.374161,80.087196
48.203609,80.132751
48.060829,80.119141
48.033039,80.088867
47.654160,80.067467
# Triangles
2,0,3
0,2,1
80,4,81
12,11,13
16,13,11
9,18,11
11,10,9
3,0,81
3,81,4
78,23,79
75,78,77
80,79,4
19,6,4
5,4,6
79,19,4
66,74,67
75,23,78
77,76,75
74,66,75
15,14,13
16,15,13
11,18,17
9,8,18
8,7,19
16,11,17
20,23,21
24,26,25
21,23,22
7,6,19
79,23,20
20,19,79
75,31,23
27,26,24
75,66,31
27,24,28
24,23,28
29,31,30
28,23,29
31,66,64
23,31,29
31,64,63
19,18,8
68,73,70
70,73,72
71,70,72
68,70,69
66,65,64
67,73,68
31,63,32
73,67,74
62,61,59
60,59,61
35,59,38
62,59,35
33,32,34
62,35,34
34,32,62
47,58,48
59,58,38
63,62,32
37,35,38
39,38,40
35,37,36
41,43,42
43,40,47
40,38,58
44,43,45
41,40,43
45,43,47
47,40,58
49,48,52
53,52,48
54,56,55
48,58,53
49,52,51
45,47,46
49,51,50
57,54,53
57,53,58
54,57,56
