# Russia region 20
286 283
# Outer Vertices
-180.000000,68.851898
-179.772278,68.856850
-179.624619,68.854385
-179.459732,68.812553
-179.289932,68.770714
-179.000000,68.767822
-178.872498,68.750259
-178.766403,68.666641
-178.738297,68.539429
-178.040894,68.426086
-177.948303,68.331917
-178.078293,68.257751
-177.974503,68.251648
-177.950607,68.289978
-177.720306,68.328308
-177.721695,68.349983
-177.465607,68.282761
-177.625900,68.303307
-177.755295,68.250259
-177.662201,68.222473
-177.354706,68.248032
-177.264999,68.206093
-177.245804,68.153870
-177.154694,68.127472
-177.081100,68.156082
-176.624496,68.031647
-175.292496,67.669983
-175.366699,67.641922
-175.132797,67.507202
-175.142197,67.495796
-175.262802,67.523857
-175.217804,67.448593
-175.380295,67.344971
-175.331406,67.340813
-175.094193,67.371643
-175.043106,67.443588
-175.075806,67.478027
-174.927200,67.424973
-174.957001,67.404984
-174.924698,67.389687
-174.837494,67.389420
-174.777802,67.303040
-174.792007,67.291367
-174.841095,67.314972
-174.892502,67.289978
-174.955597,67.100250
-174.911697,66.988312
-174.731094,66.929138
-174.804504,66.903030
-174.762802,66.860809
-174.762207,66.745529
-174.865295,66.743874
-174.997498,66.664139
-174.736694,66.599701
-174.488297,66.540527
-174.420593,66.449142
-174.491699,66.474983
-174.514999,66.458038
-174.500305,66.387192
-174.423096,66.356087
-174.494202,66.339142
-174.418304,66.298859
-174.207504,66.438583
-174.247192,66.479141
-173.991699,66.470810
-173.990601,66.454422
-174.048599,66.400253
-173.984207,66.371094
-173.983093,66.348587
-174.075302,66.314148
-174.082504,66.238312
-174.023300,66.210533
-173.855301,66.319138
-173.895798,66.325256
-173.934692,66.346649
-173.784195,66.369423
-173.758606,66.448029
-173.788895,66.463867
-174.133896,66.544693
-174.301697,66.586090
-173.957199,66.678864
-174.000900,66.777206
-174.125305,66.989151
-174.315002,66.993874
-174.255905,67.016373
-174.285294,67.058296
-174.577194,67.037201
-174.595001,67.053307
-174.652496,67.063583
-174.581100,67.090530
-174.250000,67.101929
-173.633102,67.128036
-173.492203,67.083588
-173.536697,67.050537
-173.464203,67.041641
-173.455597,67.085533
-173.419205,67.087479
-173.129501,67.053864
-173.274200,67.049423
-173.315598,67.041092
-173.195007,67.006363
-173.352798,66.972198
-173.365005,66.911636
-173.327805,66.882751
-173.362000,66.840263
-173.191406,66.839981
-173.158401,66.864967
-173.279999,66.913307
-173.219498,66.981644
-173.115601,66.996643
-173.052200,66.936371
-172.779999,66.908043
-172.430603,66.934418
-172.470306,66.951637
-173.037201,67.026917
-173.072006,67.048576
-173.028595,67.058029
-172.529205,67.008591
-172.519196,66.999153
-171.726105,66.955261
-171.688095,66.933296
-171.721405,66.878593
-171.708603,66.856644
-171.592499,66.800812
-171.423096,66.774406
-171.393295,66.748306
-171.435593,66.707748
-171.301697,66.630814
-170.880005,66.514420
-170.584198,66.358032
-170.417801,66.318588
-170.458893,66.291092
-170.313599,66.305252
-170.139496,66.202477
-170.333893,66.180527
-170.216095,66.141922
-169.915298,66.145813
-169.912796,66.166641
-169.701096,66.124687
-169.699707,66.058594
-169.813400,65.990807
-170.005005,66.036926
-170.131104,66.021927
-170.619995,65.849701
-170.543106,65.851639
-170.515793,65.817200
-170.565002,65.759140
-170.529205,65.726929
-170.541397,65.661087
-170.654999,65.608871
-170.886703,65.623581
-171.420303,65.817200
-171.544205,65.833588
-171.357498,65.723587
-171.343597,65.694138
-171.106094,65.622192
-171.023300,65.569138
-171.067200,65.484703
-171.135300,65.476639
-171.393097,65.537750
-171.933594,65.492203
-171.815002,65.524696
-172.110794,65.564148
-172.221405,65.535248
-172.269699,65.551086
-172.288605,65.587479
-172.358597,65.633324
-172.662796,65.702187
-172.843597,65.678589
-172.674500,65.651642
-172.670593,65.622757
-172.397797,65.592484
-172.431107,65.531647
-172.330307,65.477203
-172.470306,65.468582
-172.416397,65.424973
-172.321396,65.429428
-172.147507,65.489433
-172.254700,65.353317
-172.247192,65.229980
-172.673599,65.269974
-172.702194,65.248581
-172.683105,65.227753
-172.452194,65.218307
-172.246902,65.197197
-172.185593,65.130814
-172.253601,65.133873
-172.208603,65.079697
-172.138306,65.100250
-172.133102,65.072197
-172.436707,64.928040
-172.801407,64.850250
-172.942505,64.877762
-173.073593,64.856087
-173.197006,64.773590
-172.941406,64.844971
-172.787201,64.793587
-172.793106,64.761368
-173.091400,64.670532
-173.079498,64.658310
-172.903900,64.686081
-172.867203,64.662483
-172.975601,64.602753
-173.008102,64.582748
-172.806107,64.627197
-172.462494,64.555252
-172.298294,64.425537
-172.630905,64.388603
-172.799500,64.424698
-172.761093,64.468872
-172.836395,64.525253
-173.040604,64.489433
-173.052200,64.464142
-172.909698,64.469971
-172.879196,64.445251
-172.901901,64.332474
-173.206696,64.256363
-173.436096,64.324692
-173.412201,64.371918
-173.264206,64.442467
-173.299194,64.460823
-173.299194,64.538589
-173.410095,64.619034
-173.381699,64.551086
-173.365295,64.461639
-173.473404,64.392197
-173.681702,64.347198
-174.067795,64.436081
-174.123398,64.553589
-174.175797,64.576920
-175.005600,64.813309
-175.007507,64.872757
-175.028900,64.860260
-175.023102,64.820251
-175.053101,64.778870
-175.489197,64.782471
-175.487000,64.827759
-175.422806,64.852203
-175.922806,65.014137
-175.812500,65.059418
-175.780594,65.160812
-175.922806,65.287483
-175.894699,65.321640
-176.092804,65.490250
-176.856995,65.589706
-177.217804,65.591637
-177.500305,65.485809
-178.418106,65.479713
-178.563095,65.516373
-178.572006,65.548027
-178.451706,65.718582
-178.470001,65.741928
-178.654694,65.761368
-178.901093,65.912750
-178.863602,65.940811
-178.945007,66.018593
-178.960602,66.048576
-178.785004,65.989967
-178.662506,66.121918
-178.572800,66.133034
-178.518600,66.227753
-178.507004,66.397202
-178.549500,66.399139
-178.777496,66.208038
-178.919205,66.169144
-179.000000,66.174667
-179.142273,66.240898
-179.184113,66.324570
-179.235794,66.258125
-179.383453,66.309799
-179.373596,66.191681
-179.351456,66.127693
-179.560638,66.078476
-179.671371,66.139999
-179.782120,66.108009
-179.937149,66.105545
-179.880554,66.004646
-179.870712,65.854530
-179.548325,65.701958
-179.329300,65.637970
-179.307159,65.514931
-179.462189,65.436180
-179.494186,65.325439
-179.791962,65.150711
-180.000000,65.053116
-180.000000,68.851898
# Triangles
277,284,283
282,281,283
279,281,280
278,283,281
284,277,275
279,278,281
277,283,278
275,277,276
259,252,251
256,255,257
252,254,253
254,252,257
254,257,255
252,258,257
273,275,274
271,270,272
273,269,275
273,272,269
268,267,269
272,270,269
8,269,267
275,269,285
264,267,265
259,258,252
263,262,267
267,264,263
246,261,260
11,262,261
266,265,267
260,259,251
8,267,262
247,249,248
284,275,285
236,235,237
239,238,237
247,246,250
241,240,242
240,60,242
239,237,240
222,229,228
237,235,234
71,229,222
237,232,231
237,234,232
232,234,233
231,230,229
237,231,240
240,231,60
71,231,229
246,260,250
246,245,261
32,244,243
25,245,244
23,261,245
60,58,53
59,58,60
60,52,242
251,250,260
52,243,242
62,61,70
70,61,71
231,61,60
62,70,69
64,63,62
62,69,66
67,66,68
69,68,66
231,71,61
226,228,227
250,249,247
66,65,64
22,19,261
25,24,23
244,32,25
23,22,261
20,19,22
22,21,20
245,25,23
33,32,52
33,45,34
32,31,30
27,26,25
27,30,28
30,29,28
27,32,30
32,27,25
19,18,12
6,5,8
8,7,6
5,4,8
285,269,1
3,2,1
1,269,3
4,3,269
269,8,4
19,12,261
17,14,18
18,13,12
10,9,11
15,14,17
18,14,13
15,17,16
11,9,8
12,11,261
8,262,11
52,51,46
53,52,60
58,57,53
46,48,47
46,51,48
49,48,51
50,49,51
54,53,57
52,46,45
56,54,57
54,56,55
66,64,62
82,81,91
79,78,80
83,82,84
38,34,44
44,43,39
40,43,41
39,43,40
36,35,37
35,34,38
38,37,35
44,39,38
45,44,34
89,87,86
85,84,90
86,85,89
42,41,43
87,89,88
89,85,90
84,82,90
82,91,90
45,33,52
32,243,52
222,226,225
219,218,216
221,219,211
219,221,220
225,224,223
218,217,216
212,216,215
213,215,214
211,219,212
213,212,215
210,209,204
221,211,199
208,207,209
212,219,216
210,204,203
223,222,225
221,199,198
210,203,211
211,203,199
199,203,202
198,195,194
221,194,222
193,192,181
198,194,221
193,168,194
199,202,200
71,194,168
201,200,202
197,195,198
182,192,191
181,192,182
190,182,191
195,197,196
193,181,168
209,205,204
194,71,222
205,207,206
186,183,190
183,182,190
180,174,170
175,178,176
174,180,175
180,179,175
209,207,205
189,188,187
187,190,189
179,178,175
183,186,184
184,186,185
178,177,176
187,186,190
172,170,174
165,163,162
170,172,171
165,164,163
166,165,162
174,173,172
158,155,159
159,161,160
152,161,159
166,162,152
152,162,161
150,149,143
157,156,155
159,155,154
155,158,157
151,143,128
181,180,168
170,168,180
74,73,75
72,75,73
75,72,168
80,77,104
78,77,80
80,104,93
105,104,76
102,104,103
104,77,76
93,104,102
76,75,105
111,105,168
168,170,169
111,168,167
106,111,110
111,106,105
107,106,108
117,116,114
105,75,168
72,71,168
110,109,106
96,94,101
94,93,102
96,101,99
99,101,100
96,99,98
91,93,92
91,81,93
94,96,95
98,97,96
94,102,101
109,108,106
114,113,118
114,116,115
112,119,118
118,117,114
111,167,112
93,81,80
153,152,159
151,150,143
154,153,159
147,146,148
151,127,152
143,146,144
145,144,146
146,143,149
152,122,166
134,131,143
141,140,136
142,141,135
141,136,135
136,138,137
136,140,138
139,138,140
135,134,142
122,152,123
126,124,123
124,126,125
112,166,122
119,121,120
121,119,112
112,122,121
112,118,113
152,126,123
131,134,132
131,129,143
133,132,134
128,127,151
130,129,131
129,128,143
126,152,127
134,143,142
167,166,112
146,149,148
228,226,222
