# Russia region 66
273 270
# Outer Vertices
56.974110,74.689011
56.580170,74.700287
56.509430,74.748871
56.431110,74.738586
56.420269,74.756927
56.481380,74.779419
56.475552,74.794144
56.060001,74.776917
55.829720,74.796082
55.842499,74.828033
56.623600,74.945824
56.344151,74.934418
56.470829,75.015808
56.418880,75.034973
55.987209,74.989151
55.859711,74.998581
55.928051,75.053864
55.908878,75.084137
55.726940,75.079147
55.808880,75.152481
56.078609,75.214142
56.119438,75.186081
56.375820,75.184692
56.473320,75.097748
56.447769,75.063309
56.517780,75.069977
56.914162,75.246918
56.875271,75.281372
56.751381,75.284149
56.731670,75.301361
56.850269,75.355530
57.079441,75.388870
57.554710,75.328583
57.733879,75.329147
57.503330,75.492477
57.571381,75.516083
58.188881,75.581650
58.153049,75.622757
57.922218,75.628311
58.001381,75.674149
58.302490,75.693588
58.733601,75.796921
58.789440,75.838867
59.264999,75.885529
60.337212,75.995796
60.334431,76.014137
60.040821,76.046921
60.158600,76.075813
60.557770,76.127197
60.830818,76.111076
60.478321,76.022476
60.490829,76.008324
61.083321,76.074982
61.137760,76.114700
61.148041,76.140259
60.945541,76.136917
60.900829,76.152481
61.024429,76.215530
60.989429,76.243874
61.066380,76.273857
61.446941,76.292213
62.407490,76.255249
62.373051,76.222473
62.427212,76.184143
62.636379,76.203873
62.665539,76.232758
62.834991,76.260529
62.867210,76.227203
63.024990,76.214981
63.717770,76.345543
64.109703,76.311371
64.309143,76.359970
64.672470,76.378311
64.670532,76.420807
64.844704,76.479141
65.161362,76.468307
65.548576,76.582199
65.992889,76.528519
65.757202,76.684982
65.947746,76.748871
66.131927,76.751373
66.426933,76.852478
67.596916,77.013031
68.515533,76.951103
68.472748,76.925537
68.809418,76.866364
68.761093,76.840530
68.764137,76.816650
68.931374,76.782761
68.893593,76.757477
68.900528,76.727753
69.030258,76.708038
68.856369,76.656647
68.784698,76.587753
68.840530,76.575813
68.925537,76.558868
68.429977,76.395538
68.398323,76.364151
68.169144,76.311920
68.264420,76.300537
68.313309,76.283310
67.929428,76.255539
67.034698,76.084137
65.791092,75.926086
63.707489,75.634407
63.655540,75.711639
63.559711,75.708038
63.617489,75.686081
63.528599,75.632477
63.282211,75.583313
63.029991,75.587753
62.241100,75.432747
62.026661,75.443863
61.823040,75.352478
61.696659,75.373306
61.523602,75.226357
61.429440,75.223038
61.381378,75.256927
61.381100,75.330544
61.273602,75.321373
61.302490,75.285538
61.164989,75.213028
60.746380,75.104424
60.810822,75.078033
60.754990,75.029984
60.668598,75.020813
60.566101,75.050537
60.594990,75.109154
60.492210,75.113586
60.446098,75.014137
60.103600,74.988312
60.629429,74.960823
60.684711,74.921082
60.534988,74.859421
60.223320,74.858307
60.209991,74.839142
60.348598,74.800537
60.364159,74.783043
60.263599,74.745796
59.937481,74.718033
59.662491,74.752197
59.869999,74.682480
59.878880,74.626373
59.708321,74.585533
59.534710,74.611359
59.148319,74.736649
59.094719,74.729713
59.290272,74.638031
59.146111,74.662483
59.084991,74.642197
59.223320,74.611076
59.088871,74.482758
59.147209,74.438583
58.763599,74.465813
58.716930,74.499687
58.182331,74.572563
58.636662,74.416924
58.572491,74.384697
58.636379,74.357758
58.654430,74.308594
58.722221,74.303040
58.725819,74.261642
58.535820,74.236649
58.655270,74.215813
58.328041,74.184692
58.310822,74.221359
58.257488,74.207474
58.270821,74.170532
58.517490,74.136917
58.299709,74.086357
58.208050,74.141647
58.134159,74.133591
58.172489,74.098862
58.095268,74.055817
58.197208,74.044693
58.222759,74.008873
58.114990,73.983307
57.881939,74.013870
57.533871,74.181923
57.413319,74.176933
57.516109,74.122757
57.509991,74.079697
57.257488,74.076103
57.548599,74.060257
57.911652,73.915527
57.817211,73.887192
57.907490,73.870247
57.944149,73.803307
57.906380,73.781647
57.697491,73.712753
57.598881,73.773857
57.402760,73.838318
56.711391,73.873306
57.366940,73.811653
57.613602,73.662201
57.568600,73.606087
57.229988,73.555817
56.972500,73.596916
56.809429,73.670807
56.723049,73.673576
56.754990,73.638313
57.237209,73.506088
57.248322,73.480797
57.175270,73.441093
57.174160,73.416641
56.887489,73.309418
56.764431,73.364151
56.742210,73.342484
56.744431,73.258324
56.718880,73.242752
56.090000,73.297203
56.034161,73.336639
56.031391,73.401367
55.982208,73.428589
55.867771,73.435806
55.979160,73.389137
55.976101,73.349983
55.925228,73.312408
55.401619,73.385834
54.971661,73.442200
54.781651,73.429977
54.220551,73.323029
54.054440,73.362762
54.043610,73.386642
54.413879,73.476357
54.293049,73.463867
54.193600,73.498306
54.495281,73.595543
55.284710,73.711357
54.825260,73.682747
54.868050,73.718872
54.855259,73.727753
54.484989,73.693039
54.405540,73.641083
54.200001,73.599426
53.640270,73.743874
53.630001,73.768311
53.657490,73.806923
53.774151,73.775818
53.907780,73.780533
54.249722,73.910812
54.598598,73.946640
54.804440,73.981087
54.585270,74.011642
55.053051,74.175262
55.847221,74.099136
55.867222,74.115540
55.803329,74.141083
55.077209,74.258324
55.090820,74.268860
55.346939,74.282204
55.713051,74.269417
55.740822,74.300812
55.230259,74.368874
55.415539,74.441093
56.270828,74.477753
56.258049,74.501083
56.158600,74.486076
56.017208,74.497757
56.081669,74.516922
56.008331,74.541641
55.854160,74.548309
55.655819,74.516083
55.706100,74.551933
55.498051,74.572197
55.569439,74.610527
55.520821,74.644150
55.571659,74.659698
55.797779,74.688583
55.914719,74.657761
56.303051,74.710251
56.425541,74.699142
56.974110,74.689011
# Triangles
223,222,221
224,223,221
227,225,224
227,226,225
227,224,220
221,220,224
234,239,238
214,218,217
216,215,217
214,217,215
220,219,227
218,228,219
213,212,246
214,228,218
228,227,219
245,214,213
237,236,235
238,235,234
233,240,234
240,233,232
238,237,235
239,234,240
232,241,240
231,241,232
231,230,242
244,242,230
250,249,248
242,241,231
246,245,213
242,244,243
244,230,228
228,214,245
229,228,230
212,192,246
199,212,210
210,209,207
208,207,209
210,207,199
200,207,206
200,206,205
200,199,207
203,200,205
201,200,203
201,203,202
193,197,196
196,195,193
198,197,192
205,204,203
199,198,192
195,194,193
191,190,183
191,182,192
246,192,255
192,197,193
182,191,183
0,192,182
190,185,183
192,212,199
185,189,188
187,186,188
185,188,186
183,185,184
176,173,177
171,173,172
185,190,189
171,177,173
212,211,210
179,182,181
247,250,248
244,228,245
254,253,252
264,263,265
263,262,261
252,251,247
247,246,252
251,250,247
255,254,252
261,260,269
257,259,258
269,260,270
259,257,270
252,246,255
263,261,268
265,267,266
265,263,267
268,267,263
8,7,9
7,6,10
259,270,260
17,19,18
16,21,20
16,15,14
16,20,17
14,21,16
17,20,19
269,268,261
270,257,256
271,256,255
256,271,270
5,4,3
0,255,192
10,9,7
10,12,11
21,14,13
0,178,32
178,177,155
179,178,0
2,10,6
2,5,3
1,0,10
271,255,0
26,10,0
1,10,2
2,6,5
178,155,32
0,182,179
12,10,25
22,13,24
13,12,24
25,24,12
22,24,23
28,30,29
27,30,28
10,26,25
22,21,13
31,27,26
33,35,34
31,0,32
26,0,31
37,39,38
36,35,33
27,31,30
155,33,32
171,155,177
181,180,179
173,176,174
174,176,175
166,171,170
166,170,167
170,169,167
155,166,165
169,168,167
171,166,155
162,164,163
162,157,165
158,157,159
159,161,160
159,162,161
157,162,159
162,165,164
155,165,157
155,157,156
154,153,149
149,153,151
33,155,36
36,40,37
36,155,154
36,154,146
149,146,154
151,150,149
144,143,140
146,149,148
147,146,148
145,144,140
145,41,146
36,146,41
143,141,140
153,152,151
145,140,43
142,141,143
139,138,135
139,130,140
130,135,134
135,130,139
135,138,136
131,134,133
138,137,136
134,131,130
132,131,133
130,129,128
122,125,124
126,125,127
123,122,124
127,51,128
51,127,122
127,125,122
52,121,119
120,119,121
118,117,116
52,119,118
44,130,128
115,114,118
114,113,112
115,118,116
63,112,111
68,110,109
110,64,111
112,60,114
53,118,114
51,122,52
140,130,43
108,106,109
40,36,41
43,42,41
45,44,50
45,47,46
130,44,43
48,47,45
145,43,41
106,108,107
69,105,70
109,106,68
62,112,63
51,50,44
122,121,52
53,52,118
48,45,50
106,105,69
51,44,128
48,50,49
55,57,56
55,54,57
58,57,59
59,57,54
54,60,59
53,60,54
62,60,112
63,111,64
67,110,68
110,67,64
67,66,65
65,64,67
68,106,69
62,61,60
114,60,53
105,104,70
70,104,71
72,103,75
71,104,72
104,103,72
73,72,74
74,72,75
75,103,76
77,76,103
103,102,77
101,82,102
101,100,98
98,100,99
98,97,96
96,95,94
96,84,98
98,82,101
102,81,77
93,96,94
79,78,77
81,80,77
81,102,82
84,83,82
84,87,86
98,84,82
80,79,77
87,93,92
90,92,91
89,92,90
84,86,85
88,87,89
87,92,89
87,84,93
96,93,84
37,40,39
