# Russia region 9
24 21
# Outer Vertices
128.726898,72.074692
128.475800,72.137756
128.512695,72.158310
128.537994,72.178307
128.153305,72.242477
127.848000,72.351357
127.461403,72.441933
126.675903,72.428940
126.650299,72.454971
126.682701,72.499420
127.278297,72.608307
127.845497,72.636093
128.729401,72.462753
129.129898,72.478027
129.276596,72.451637
129.239395,72.413589
129.486099,72.352203
129.321396,72.284416
129.531601,72.242477
129.556305,72.218872
129.243607,72.132477
129.486099,72.126923
129.349899,72.092758
128.726898,72.074692
# Triangles
11,5,4
2,1,23
3,2,23
12,11,4
8,7,9
9,7,10
10,6,11
6,10,7
11,6,5
4,3,12
23,22,20
22,21,20
13,23,20
18,17,20
19,18,20
20,15,13
13,12,23
13,15,14
16,15,17
17,15,20
23,12,3
