# Russia region 33
105 102
# Outer Vertices
126.125504,72.300537
125.691704,72.375809
125.193001,72.550262
124.900497,72.598312
124.741096,72.674149
124.382797,72.673309
124.072998,72.768593
122.706902,72.921371
122.437798,72.971336
122.436600,72.972397
122.465302,73.012756
122.521599,73.022202
122.701599,73.014420
122.988297,72.938873
123.208900,72.922470
123.348000,72.985809
123.309402,73.020813
123.415802,73.092758
123.461098,73.067749
123.467201,73.105797
123.387802,73.122757
123.398903,73.170258
123.515800,73.162750
123.658897,73.168030
123.606903,73.188309
123.665497,73.206360
123.379997,73.296921
123.326103,73.343307
123.413597,73.383591
123.219101,73.404694
123.310303,73.463318
123.363297,73.443314
123.411102,73.444138
123.274399,73.528587
123.257500,73.557480
123.367996,73.557747
123.315804,73.591919
123.421097,73.578033
123.376900,73.662483
123.531097,73.689697
123.549103,73.709702
123.627800,73.696373
123.576103,73.673859
123.640800,73.625809
123.685501,73.600250
123.990799,73.629150
123.987999,73.647751
123.907997,73.673576
123.932701,73.737762
123.896400,73.754150
123.934700,73.771637
124.041100,73.723312
124.004700,73.698303
124.035202,73.681091
124.224403,73.719971
124.224701,73.751083
124.381897,73.802750
124.912498,73.683594
124.993599,73.621643
125.061096,73.653313
125.046097,73.677200
125.133003,73.685257
125.214104,73.644150
125.168900,73.556641
125.251404,73.535812
125.343300,73.547760
125.370796,73.596649
125.648003,73.523033
125.516403,73.448868
125.572197,73.401917
125.876404,73.461639
125.817200,73.488037
125.906097,73.509407
125.909103,73.534416
125.971901,73.527206
125.953903,73.457474
125.908897,73.429977
125.960800,73.424423
126.018303,73.458862
126.017197,73.507477
126.287804,73.550812
126.402199,73.507751
126.328598,73.425812
126.181900,73.459427
126.147202,73.434982
126.230797,73.416367
126.248299,73.392471
126.156601,73.374420
126.415001,73.408577
126.547203,73.345261
126.556099,73.234970
126.714996,73.084427
126.669998,73.050537
126.363899,72.938873
126.293900,72.899696
126.286598,72.855530
126.381599,72.798859
126.377998,72.773590
126.267998,72.695534
126.301697,72.635246
126.248001,72.531647
126.252998,72.494423
126.386597,72.408577
126.383003,72.389687
126.125504,72.300537
# Triangles
10,9,8
7,11,8
14,13,7
15,14,6
12,7,13
7,6,14
8,11,10
11,7,12
31,29,28
31,30,29
17,16,15
18,17,15
6,23,18
18,22,19
45,25,6
18,15,6
20,19,21
26,28,27
23,22,18
26,25,28
25,24,23
23,6,25
21,19,22
31,28,32
28,25,44
5,54,6
34,33,35
35,32,37
37,32,43
35,33,32
37,36,35
37,39,38
39,37,42
41,40,42
42,40,39
37,43,42
32,44,43
47,46,52
53,52,46
53,45,54
53,46,45
32,28,44
47,52,48
49,48,50
48,52,50
56,55,54
56,54,57
52,51,50
45,6,54
25,45,44
54,5,57
69,2,1
2,64,3
104,101,100
101,104,103
98,100,99
104,100,1
100,98,1
95,76,69
3,63,4
77,76,94
69,64,2
93,90,88
77,94,87
86,85,87
1,98,95
77,87,78
69,1,95
84,87,85
98,97,95
95,97,96
101,103,102
93,88,87
93,87,94
92,91,90
90,89,88
92,90,93
76,95,94
63,3,64
65,64,68
65,68,66
69,68,64
66,68,67
58,57,4
59,58,63
59,61,60
59,63,61
62,61,63
63,58,4
76,75,70
78,87,84
78,84,79
83,82,80
79,84,83
70,75,72
73,72,74
72,71,70
83,80,79
72,75,74
81,80,82
76,70,69
4,57,5
