# Russia region 45
143 140
# Outer Vertices
139.050507,74.648033
138.115494,74.782471
137.865799,74.857193
137.781906,74.981087
137.140793,75.132202
136.910797,75.271927
136.868301,75.361359
137.023804,75.388313
137.219894,75.329697
137.404999,75.352203
137.424698,75.400528
137.394394,75.410812
137.250000,75.421082
137.173798,75.397476
137.130493,75.423309
137.188004,75.470543
137.283600,75.468033
137.268005,75.500259
137.190796,75.529137
137.186096,75.553040
137.290207,75.595543
137.140198,75.649696
136.966293,75.607742
136.986603,75.578583
136.961304,75.608032
137.153595,75.655807
137.162994,75.679977
137.071899,75.725250
137.181595,75.780258
137.301605,75.787483
137.735794,75.743317
137.714706,75.783577
137.430206,75.877197
137.424698,75.906921
137.449997,75.954697
137.710205,76.008591
138.003296,76.019417
138.096100,76.056091
138.112503,76.079971
138.072693,76.080811
138.373596,76.155533
138.384705,76.072479
138.450195,76.061081
138.500793,76.168297
138.635193,76.204697
138.874695,76.217484
139.022995,76.124687
139.190796,76.072197
139.816895,75.969971
139.906906,75.925262
139.833603,75.926086
139.821594,75.873871
140.130203,75.812469
140.135803,75.788857
140.244095,75.824142
140.438599,75.811081
140.545502,75.763603
140.536102,75.739700
140.463806,75.709976
140.444901,75.680252
140.455002,75.639687
140.911102,75.608582
141.060806,75.645248
140.864700,75.737198
140.899094,75.778870
140.876602,75.903870
140.922195,76.004700
141.016403,76.049698
141.213593,76.056374
141.579697,75.999687
141.619995,76.018593
141.331299,76.166367
141.356598,76.180527
141.705002,76.117752
142.560196,75.857758
143.161301,75.806641
143.359406,75.829971
143.385498,75.841370
143.584396,75.866928
143.924103,75.833313
145.302505,75.566933
145.393005,75.511368
145.057693,75.490807
144.705505,75.412201
144.677704,75.352753
144.680801,75.324142
144.903595,75.287201
144.931107,75.263870
144.729904,75.250259
144.695496,75.160812
144.348297,75.044418
143.949707,75.026917
143.711899,75.077759
143.365494,75.067200
143.051102,75.118317
142.492706,75.366928
142.527206,75.468307
143.010498,75.592194
143.044998,75.633873
143.018799,75.687469
142.902206,75.718307
142.303299,75.716637
142.359406,75.698593
142.423599,75.665817
142.003799,75.656372
142.118301,75.644974
142.193298,75.623306
142.005493,75.616928
142.139694,75.584702
142.072403,75.525528
142.182495,75.471077
142.169693,75.435257
142.164093,75.369713
142.386597,75.272476
142.634903,75.093582
143.392700,75.002197
143.580002,75.012192
143.671402,74.974983
143.691895,74.932747
143.430801,74.887482
142.656097,74.884979
142.623795,74.843307
142.711105,74.841370
142.556305,74.813583
142.350800,74.823593
141.968307,74.932747
141.978897,74.950531
142.067703,74.963318
142.327194,74.917480
142.356598,74.933868
142.193802,75.004150
141.845200,74.993874
141.737198,74.968033
140.061600,74.824677
139.974106,74.898323
139.646896,74.979141
139.460495,74.925537
139.478302,74.865540
139.566299,74.856369
139.634094,74.875809
139.379395,74.697746
139.209106,74.656082
139.050507,74.648033
# Triangles
6,5,7
7,5,4
14,13,15
12,11,16
8,7,4
15,13,12
23,22,24
25,24,21
21,24,22
16,15,12
19,18,17
16,20,17
20,19,17
8,4,9
142,42,1
1,3,2
141,136,142
138,137,140
139,138,140
136,140,137
141,140,136
10,9,3
20,11,10
20,16,11
20,10,30
1,30,3
142,136,46
135,51,136
134,53,135
3,30,10
134,133,60
4,3,9
21,20,25
53,134,60
25,20,26
28,27,26
26,29,28
31,30,36
30,29,20
34,33,32
32,31,34
26,20,29
34,31,35
36,35,31
30,37,36
30,41,37
38,41,40
41,38,37
38,40,39
42,41,30
1,42,30
54,59,55
59,54,53
59,58,55
56,55,57
57,55,58
136,51,47
42,44,43
42,46,44
45,44,46
51,53,52
51,48,47
48,51,50
48,50,49
42,142,46
136,47,46
53,51,135
59,53,60
60,133,61
128,124,129
125,124,127
127,126,125
128,127,124
123,121,120
121,123,122
129,120,114
120,129,123
123,129,124
107,132,131
112,131,130
112,109,131
129,113,130
113,112,130
114,113,129
111,109,112
119,115,120
119,116,115
118,117,116
118,116,119
90,79,91
93,92,76
93,97,94
90,84,79
85,84,90
79,92,91
86,85,88
86,88,87
88,85,89
90,89,85
94,97,96
120,115,114
79,84,83
62,64,63
107,69,62
107,104,69
62,67,64
61,132,62
131,109,107
107,109,108
107,106,105
107,105,104
107,62,132
111,110,109
101,73,104
66,65,67
67,65,64
68,67,62
70,72,71
70,69,104
72,70,73
70,104,73
62,69,68
94,96,95
102,101,104
82,81,80
99,98,75
79,78,92
79,82,80
93,98,97
82,79,83
102,104,103
74,100,75
101,100,74
101,74,73
100,99,75
76,78,77
93,76,98
76,75,98
76,92,78
132,61,133
