# Russia region 53
22 19
# Outer Vertices
92.554703,79.659973
92.176361,79.664139
91.950813,79.695251
91.979980,79.717194
92.329147,79.714417
92.339142,79.740807
92.095261,79.807480
91.499153,79.810532
91.057213,79.853592
91.066650,79.874420
91.290817,79.906372
91.276642,79.924973
91.018860,79.960533
91.166367,79.982193
91.184982,80.002762
91.111923,80.043587
91.086639,80.048576
93.029419,80.009979
93.789429,79.906921
93.750259,79.855797
93.358307,79.769699
92.554703,79.659973
# Triangles
9,8,10
11,10,7
7,10,8
11,7,14
11,13,12
14,13,11
15,14,6
16,15,17
7,6,14
3,2,1
1,21,4
4,21,5
4,3,1
6,5,17
5,21,17
6,17,15
20,19,18
20,18,17
21,20,17
