# Russia region 77
18 15
# Outer Vertices
137.707199,54.618320
137.649094,54.641930
137.486603,54.872490
137.441605,54.870270
137.361298,54.826382
137.221603,54.776112
137.566895,55.188881
137.646606,55.192211
137.700500,55.145260
137.963303,55.136929
137.985001,55.086380
137.879395,54.998051
137.972198,55.039150
138.164902,55.052212
138.203003,55.024429
138.056900,54.958881
137.994705,54.801102
137.707199,54.618320
# Triangles
6,5,4
6,4,3
2,6,3
6,2,8
8,7,6
8,2,11
2,1,11
17,11,1
11,17,16
16,15,11
11,15,12
11,10,9
13,12,15
15,14,13
11,9,8
