# Russia region 29
239 236
# Outer Vertices
51.405819,71.805359
51.441940,71.936371
51.574440,72.070824
51.841930,72.158577
52.059158,72.068314
52.194988,72.129433
52.186939,72.082748
52.351940,72.061920
52.405548,72.122757
52.365002,72.157471
52.479721,72.144699
52.458611,72.182747
52.402771,72.222198
52.488609,72.239151
52.409721,72.282204
52.575272,72.258591
52.572208,72.279419
52.684429,72.308868
52.678600,72.334702
52.579430,72.367477
52.791382,72.336090
52.803600,72.347748
52.693050,72.366928
52.660831,72.426651
52.821110,72.444702
52.675282,72.472748
52.727211,72.504700
52.923870,72.553864
53.097500,72.594704
52.742210,72.553307
52.748878,72.586357
52.810829,72.611649
52.734989,72.617752
52.923321,72.667213
53.219440,72.647202
53.195469,72.656616
52.943138,72.672653
52.786381,72.676933
52.544159,72.674149
52.376381,72.724701
52.589161,72.850540
52.986382,72.921082
53.385540,72.904137
53.391930,72.931374
53.209709,72.935532
53.138599,72.959976
53.139721,73.006363
53.381660,73.008324
53.129711,73.088593
53.153320,73.155807
53.423870,73.237473
53.570271,73.231369
53.697781,73.286087
53.789440,73.302200
54.055538,73.266083
54.404709,73.310532
54.527210,73.370529
54.914440,73.422203
56.413879,73.229424
56.559719,73.160538
56.587769,73.130814
56.236938,73.091637
55.808041,73.059143
56.267208,73.071373
56.461658,73.051933
56.379990,73.006638
55.627781,72.965530
55.708050,72.948303
56.230270,72.975540
56.249149,72.946373
56.164150,72.792213
56.032768,72.773857
55.492222,72.810806
55.429440,72.784149
55.829708,72.745796
55.945541,72.666641
55.620541,72.700813
55.726379,72.639977
55.620541,72.616364
55.681110,72.571907
55.608318,72.536087
55.265541,72.584702
55.548328,72.521362
55.541931,72.474701
55.132500,72.453583
55.251381,72.435806
55.450829,72.436653
55.485821,72.381638
55.374439,72.301361
55.554440,72.213318
55.575260,72.182747
55.344440,72.064697
55.452492,72.053589
55.348881,71.975540
55.386662,71.941650
55.223572,71.924347
55.427219,71.912201
55.510818,71.889137
55.523880,71.784973
55.674992,71.604980
56.021931,71.375526
56.056931,71.292480
56.275269,71.172470
57.056099,70.862198
57.446381,70.816650
57.639992,70.726357
57.435822,70.742203
57.482208,70.717194
57.544708,70.699692
57.450550,70.628593
57.451649,70.604980
56.768879,70.702759
56.756649,70.688026
56.856659,70.640533
57.308601,70.577187
57.331661,70.562759
56.729988,70.633873
56.611660,70.672760
56.621658,70.652763
56.686649,70.626083
56.509991,70.666924
56.508041,70.717758
56.582771,70.733307
56.524151,70.750259
56.199711,70.704697
56.299992,70.675812
56.221111,70.656921
56.371929,70.643593
56.327209,70.676651
56.447769,70.672760
56.526932,70.637192
56.454441,70.625259
56.657768,70.588867
56.564159,70.547203
56.401661,70.553864
56.400829,70.561653
56.550270,70.570534
56.548870,70.586357
56.094440,70.639420
56.178051,70.611076
56.173038,70.590813
55.810551,70.691933
55.907768,70.630814
56.040821,70.587479
56.019989,70.570534
55.710541,70.642197
55.799992,70.630539
55.761662,70.692467
55.609989,70.733307
55.624981,70.709702
55.740551,70.651093
55.437771,70.746094
55.352489,70.715263
55.348610,70.701637
55.474991,70.654984
55.279430,70.684692
55.230549,70.661087
55.272770,70.597198
55.206661,70.553864
55.015270,70.606087
54.753319,70.677467
54.709991,70.737473
54.511101,70.818314
54.568890,70.773857
54.493320,70.782471
54.479160,70.733871
54.747211,70.664139
54.734989,70.650528
54.540821,70.681091
54.289711,70.771088
54.287209,70.733307
54.050541,70.740540
53.810261,70.799698
53.574162,70.828308
53.529442,70.840813
53.541660,70.802200
53.302490,70.863037
53.572491,70.886368
53.689159,70.829697
53.671379,70.895813
53.739990,70.935806
53.735821,70.955544
53.491650,71.095810
53.599152,71.069977
53.798328,71.079147
53.923328,71.048859
53.905540,71.076103
53.808319,71.129967
54.029430,71.130539
54.046101,71.113861
53.932491,71.128311
53.937481,71.098312
54.210270,71.111359
54.230820,71.138031
54.001389,71.149406
54.036942,71.183594
54.066101,71.214981
54.098881,71.228592
54.037209,71.231087
53.960541,71.176933
53.559429,71.201370
53.457211,71.254967
53.727219,71.408577
53.885830,71.415817
53.951099,71.456650
53.888050,71.469704
53.684170,71.403030
53.563320,71.383034
53.541660,71.309143
53.480549,71.291641
53.368050,71.323593
53.253880,71.449142
53.440552,71.538307
53.355820,71.567200
53.153599,71.470543
53.140549,71.423309
53.106930,71.419983
53.051380,71.499977
53.005268,71.486923
53.047489,71.445534
52.895550,71.388870
52.853870,71.416924
52.869991,71.445824
52.804710,71.469421
52.817211,71.425262
52.614159,71.461357
52.648041,71.533577
52.538319,71.632751
52.368320,71.532761
52.417210,71.472198
52.269711,71.518044
52.267490,71.578308
52.140549,71.540527
52.277771,71.471916
51.841381,71.455544
51.538330,71.558868
51.550270,71.607758
51.401661,71.789978
51.405819,71.805359
# Triangles
222,221,220
214,216,215
218,222,220
218,220,219
176,175,174
174,177,176
201,200,202
207,212,210
229,228,230
234,233,232
232,4,234
236,235,234
228,231,230
225,223,226
225,224,223
216,214,217
222,218,223
227,226,218
218,226,223
20,218,217
217,214,213
211,210,212
210,209,207
177,173,178
181,183,182
181,180,185
179,178,180
183,181,184
178,172,180
184,181,185
191,185,192
171,185,172
172,178,173
186,185,191
187,190,188
185,171,192
186,191,190
190,189,188
195,193,197
185,180,172
190,187,186
199,202,200
205,212,206
199,203,202
208,207,209
205,204,42
204,198,197
198,204,203
54,204,84
194,193,195
203,199,198
206,212,207
177,174,173
212,205,34
237,236,238
238,236,1
1,236,2
3,2,236
4,3,236
234,4,236
6,231,7
231,6,4
7,227,10
227,7,231
228,227,231
8,10,9
10,8,7
227,17,10
6,5,4
232,231,4
12,11,13
13,15,14
39,38,40
11,10,13
18,20,19
10,15,13
17,20,18
40,38,37
22,24,23
15,17,16
10,17,15
227,20,17
21,24,22
21,20,213
26,24,27
31,30,29
32,31,33
26,25,24
31,29,28
24,21,27
28,213,34
27,21,28
21,213,28
33,28,34
28,33,31
41,35,42
36,35,41
212,34,213
227,218,20
37,36,41
35,34,42
46,45,44
47,49,48
47,46,44
40,37,41
44,43,47
43,51,47
52,51,43
43,42,54
47,51,50
53,52,43
54,53,43
205,42,34
47,50,49
204,54,42
213,20,217
156,159,158
157,156,158
153,155,154
138,141,140
144,143,142
141,146,142
146,144,142
139,138,140
146,145,144
159,156,161
159,161,160
169,168,165
166,168,167
165,168,166
156,155,161
155,153,152
150,149,151
149,148,151
101,148,147
95,155,152
141,101,147
124,101,141
146,141,147
161,155,95
138,124,141
137,127,138
135,134,136
136,134,133
131,137,132
137,136,133
131,127,137
133,132,137
126,138,127
114,113,115
113,116,115
103,109,106
117,120,118
110,109,103
117,116,112
112,116,113
126,124,138
130,129,131
127,131,129
127,129,128
120,122,121
126,125,124
108,107,109
117,112,122
103,122,111
111,122,112
106,109,107
106,105,104
117,122,120
119,118,120
165,164,169
164,163,162
169,164,162
197,196,195
95,193,162
162,193,192
192,169,162
193,95,204
171,169,192
95,152,98
95,98,96
98,97,96
99,98,152
91,95,93
93,95,94
91,93,92
89,88,91
162,161,95
152,151,99
95,84,204
85,84,88
55,54,84
55,84,56
57,81,73
57,56,84
81,57,84
88,84,91
84,95,91
83,81,84
86,88,87
57,73,66
74,73,76
83,82,81
80,78,81
86,85,88
91,90,89
66,73,72
197,193,204
81,78,73
76,73,78
76,78,77
78,80,79
122,102,123
122,103,102
106,104,103
123,102,124
101,100,148
99,148,100
99,151,148
101,124,102
76,75,74
68,67,71
68,71,70
67,72,71
62,66,65
72,67,66
66,62,57
70,69,68
65,63,62
65,64,63
61,58,62
61,60,59
59,58,61
62,58,57
110,103,111
169,171,170
