# Malawi region 0
145 142
# Outer Vertices
33.928139,-9.699806
33.950260,-9.546391
33.988590,-9.497778
34.043598,-9.484724
34.133869,-9.567225
34.447762,-9.899445
34.558041,-10.180280
34.570541,-10.444450
34.676090,-10.747500
34.593868,-11.028330
34.668591,-11.163340
34.763599,-11.345000
34.823318,-11.340280
34.918591,-11.428060
34.963249,-11.565660
34.962009,-11.572900
34.958061,-11.572910
34.626091,-11.575830
34.614429,-11.763890
34.373871,-12.167220
34.444431,-12.503340
34.529980,-12.758890
34.569149,-13.346950
34.658039,-13.496390
34.862122,-13.497420
34.865791,-13.500390
35.095261,-13.686110
35.877201,-14.656110
35.881100,-14.885000
35.924160,-14.885560
35.800259,-15.177780
35.841820,-15.327840
35.843578,-15.334220
35.867199,-15.419450
35.786930,-16.062500
35.606091,-16.137230
35.411652,-16.124451
35.293320,-16.224720
35.251659,-16.458611
35.137211,-16.550560
35.168591,-16.621120
35.271370,-16.697220
35.304150,-16.846121
35.271099,-16.950279
35.308041,-17.061390
35.290600,-17.135811
35.091648,-17.129169
35.052479,-17.027229
35.139149,-16.951950
35.146381,-16.841110
35.128319,-16.816950
35.049431,-16.823891
34.859711,-16.677500
34.761929,-16.537230
34.594429,-16.404720
34.575550,-16.323891
34.454151,-16.284170
34.410542,-16.205000
34.427761,-16.063620
34.263599,-15.916390
34.260269,-15.807780
34.324162,-15.743610
34.409981,-15.675830
34.443310,-15.547500
34.425259,-15.496670
34.589710,-15.282780
34.566929,-14.787220
34.522480,-14.688610
34.541100,-14.615560
34.388882,-14.397220
34.301090,-14.403610
34.073879,-14.493890
33.932209,-14.475280
33.825550,-14.533890
33.736370,-14.487500
33.707760,-14.500560
33.692760,-14.598610
33.650539,-14.589450
33.549431,-14.442230
33.478870,-14.410560
33.221802,-14.011100
33.161652,-13.922220
33.039989,-14.052780
33.004429,-14.032780
32.899151,-13.820000
32.782490,-13.775560
32.778320,-13.743330
32.832760,-13.709720
32.785820,-13.640560
32.689701,-13.622500
32.690540,-13.565000
32.822208,-13.538060
33.012211,-13.215000
32.992760,-13.036950
33.035259,-12.910280
32.967758,-12.850560
32.960270,-12.761670
33.046379,-12.603890
33.137760,-12.580840
33.226929,-12.588340
33.280270,-12.527220
33.357208,-12.543330
33.537769,-12.368890
33.544430,-12.327780
33.394428,-12.341670
33.335258,-12.257780
33.271099,-12.131390
33.329990,-11.807220
33.323601,-11.607780
33.284431,-11.570560
33.230541,-11.574720
33.356651,-11.256110
33.409149,-11.170000
33.250271,-10.897500
33.286930,-10.865550
33.396931,-10.798610
33.501659,-10.779720
33.693039,-10.581110
33.684978,-10.513340
33.572762,-10.400280
33.559429,-10.227220
33.324162,-10.067780
33.359428,-9.933058
33.390270,-9.903612
33.361370,-9.824446
33.238590,-9.731388
33.229149,-9.634167
33.117760,-9.586668
33.104710,-9.662781
32.993320,-9.621668
32.985020,-9.481030
32.953869,-9.489445
32.940681,-9.406267
32.940262,-9.403612
32.997761,-9.373335
33.028591,-9.411669
33.192478,-9.509169
33.301929,-9.484167
33.393879,-9.538055
33.428871,-9.611946
33.508881,-9.621946
33.578869,-9.584723
33.676929,-9.610558
33.755821,-9.582777
33.928139,-9.699806
# Triangles
89,88,90
86,85,87
83,82,81
91,87,84
87,85,84
81,84,83
88,87,91
81,91,84
91,90,88
96,95,94
93,92,94
98,97,96
99,98,94
96,94,98
101,94,92
91,81,92
22,92,81
79,78,80
22,101,92
101,99,94
80,78,74
77,76,75
81,80,22
75,74,78
77,75,78
80,74,72
107,106,103
19,108,107
21,102,101
105,104,103
105,103,106
103,102,19
100,99,101
112,108,17
107,103,19
128,127,129
114,113,112
137,126,138
109,111,110
125,139,126
131,130,132
134,133,132
132,130,135
127,136,135
127,126,136
134,132,135
126,137,136
135,130,127
129,127,130
112,115,114
111,109,108
112,116,115
9,117,116
120,119,118
121,120,123
144,120,5
120,118,5
108,112,111
121,123,122
139,124,140
138,126,139
124,123,140
139,125,124
123,142,140
142,123,144
142,141,140
143,142,144
123,120,144
7,118,117
116,112,9
73,72,74
54,53,55
56,55,57
58,55,37
40,52,51
53,52,39
47,46,48
53,37,55
60,59,61
58,62,61
61,59,58
62,58,37
57,55,58
64,63,65
63,62,37
65,63,36
50,40,51
50,49,41
50,41,40
39,52,40
49,48,43
44,43,48
42,41,49
42,49,43
48,46,44
46,45,44
38,37,39
36,35,34
31,65,36
33,32,36
30,65,31
36,32,31
34,33,36
36,63,37
39,37,53
65,30,66
72,71,70
22,70,23
72,70,22
67,66,68
21,101,22
23,70,69
68,26,69
68,66,27
21,20,102
1,4,3
1,144,4
3,2,1
19,102,20
5,4,144
6,5,118
9,7,117
6,118,7
108,19,18
22,80,72
24,23,25
9,112,17
108,18,17
29,28,30
26,25,23
68,27,26
23,69,26
28,27,66
10,9,17
9,8,7
10,17,11
16,15,14
13,12,11
13,16,14
11,17,13
17,16,13
66,30,28
