# Bolivia region 0
270 267
# Outer Vertices
-68.958794,-16.215500
-68.970284,-16.207500
-69.100769,-16.215549
-69.150558,-16.218611
-69.214722,-16.156389
-69.422234,-15.618060
-69.368584,-15.512160
-69.327217,-15.430560
-69.275833,-15.404170
-69.285553,-15.357220
-69.140556,-15.254730
-69.138062,-15.225280
-69.278061,-15.111110
-69.384171,-14.958890
-69.361656,-14.793610
-69.239723,-14.725280
-69.245003,-14.616390
-69.220840,-14.570280
-69.153717,-14.572340
-68.979172,-14.367500
-69.006958,-14.333610
-68.984444,-14.230280
-68.853333,-14.199170
-68.867767,-14.110000
-68.977493,-13.961670
-68.982224,-13.861670
-69.085564,-13.674450
-69.080002,-13.643610
-69.011673,-13.634170
-68.964172,-13.483330
-68.974716,-12.926390
-68.881943,-12.758890
-68.804169,-12.730280
-68.731377,-12.669720
-68.781113,-12.617780
-68.687500,-12.519450
-68.770844,-12.308610
-69.150284,-11.632220
-69.567436,-10.950470
-69.069733,-10.966390
-68.868332,-11.016110
-68.752502,-11.009720
-68.784439,-11.119720
-68.764450,-11.139720
-68.579178,-11.104600
-68.289436,-10.985560
-68.101936,-10.705280
-68.015007,-10.659170
-67.822243,-10.663330
-67.703484,-10.694300
-67.674263,-10.609990
-67.300293,-10.316670
-67.158043,-10.313170
-66.779167,-10.006670
-66.559433,-9.891670
-66.059174,-9.788336
-66.029167,-9.806946
-65.823639,-9.756392
-65.798607,-9.782503
-65.782784,-9.731945
-65.759171,-9.770002
-65.706123,-9.750278
-65.613052,-9.833057
-65.570007,-9.836390
-65.438316,-9.682777
-65.381943,-9.697781
-65.301392,-9.837223
-65.333618,-10.026110
-65.288887,-10.195560
-65.313606,-10.293890
-65.396057,-10.395300
-65.404167,-10.445840
-65.443878,-10.514720
-65.409439,-10.798890
-65.328056,-10.851110
-65.299438,-10.972780
-65.400284,-11.164170
-65.385033,-11.293330
-65.325562,-11.331950
-65.351959,-11.380560
-65.315552,-11.488890
-65.231377,-11.510000
-65.187500,-11.650000
-65.208893,-11.718610
-65.165009,-11.772500
-65.120827,-11.693890
-64.995270,-11.911110
-65.017227,-11.970000
-64.987503,-12.010560
-64.811943,-12.027500
-64.736656,-12.153060
-64.691383,-12.100000
-64.680557,-12.168610
-64.519730,-12.241950
-64.485001,-12.235560
-64.469162,-12.282500
-64.498611,-12.364170
-64.394173,-12.461670
-63.958340,-12.532780
-63.918331,-12.544730
-63.813610,-12.465000
-63.678341,-12.469170
-63.241390,-12.704450
-63.136669,-12.636110
-63.070560,-12.652780
-62.998051,-12.835000
-62.779171,-13.010840
-62.693611,-12.966110
-62.583889,-13.058610
-62.469440,-13.071110
-62.394718,-13.141950
-62.121941,-13.148340
-62.017220,-13.348610
-61.874439,-13.452220
-61.841671,-13.538610
-61.695000,-13.526110
-61.593891,-13.507230
-61.529720,-13.548340
-61.449440,-13.546390
-61.338329,-13.487780
-61.160549,-13.526950
-61.067501,-13.473610
-61.040001,-13.515280
-60.795010,-13.678610
-60.482769,-13.799720
-60.384171,-13.984450
-60.480831,-14.151390
-60.448608,-14.296390
-60.346390,-14.483330
-60.353889,-14.602220
-60.432560,-14.818040
-60.383888,-15.092780
-60.571671,-15.097500
-60.227219,-15.478610
-60.160278,-16.263060
-59.460831,-16.291389
-58.757778,-16.318890
-58.440552,-16.330009
-58.386669,-16.276670
-58.327499,-16.279169
-58.355549,-16.440550
-58.347221,-16.505560
-58.466389,-16.638611
-58.464451,-16.900280
-58.398060,-17.248341
-58.209171,-17.354719
-57.943890,-17.440300
-57.873890,-17.493441
-57.752239,-17.585791
-57.739719,-17.595280
-57.775280,-17.636950
-57.582581,-18.100439
-57.565552,-18.141390
-57.504200,-18.177731
-57.458611,-18.204720
-57.491112,-18.238609
-57.551941,-18.238890
-57.772770,-18.909731
-57.716660,-18.946951
-57.704720,-19.048340
-57.793892,-19.081120
-58.121700,-19.740311
-57.847778,-19.978889
-58.158169,-20.168859
-58.151661,-19.828060
-58.232498,-19.782511
-59.101940,-19.348061
-59.990841,-19.296671
-60.613621,-19.459169
-61.742771,-19.645000
-61.913059,-20.080009
-62.269451,-20.562229
-62.259171,-21.056950
-62.638660,-22.236629
-62.789440,-22.122780
-62.809170,-21.996389
-63.941109,-22.000839
-64.115829,-22.342779
-64.146118,-22.432779
-64.275284,-22.633890
-64.325012,-22.873619
-64.345840,-22.847231
-64.456673,-22.632231
-64.433319,-22.542780
-64.566101,-22.361389
-64.539169,-22.276390
-64.561943,-22.243610
-64.670273,-22.171120
-64.722778,-22.181391
-64.988602,-22.090839
-65.598892,-22.100000
-65.768066,-22.102230
-65.926392,-21.933331
-66.041382,-21.916670
-66.077499,-21.831949
-66.231667,-21.787510
-66.273621,-21.957230
-66.345551,-22.114450
-66.736938,-22.227501
-66.775009,-22.426950
-67.022781,-22.523899
-67.012512,-22.642780
-67.123047,-22.718060
-67.183670,-22.821560
-67.579453,-22.901119
-67.793327,-22.878059
-67.876389,-22.828060
-67.886124,-22.438339
-67.935822,-22.296120
-67.922501,-22.241949
-67.970551,-22.064730
-68.084442,-21.966949
-68.105827,-21.742500
-68.188606,-21.606390
-68.188606,-21.296949
-68.421112,-20.939171
-68.500290,-20.939449
-68.550827,-20.909451
-68.567497,-20.742229
-68.466110,-20.644730
-68.488602,-20.607780
-68.684738,-20.509729
-68.749451,-20.433060
-68.757507,-20.376110
-68.668327,-20.327780
-68.726097,-20.231110
-68.710281,-20.149170
-68.774719,-20.131670
-68.786942,-20.103340
-68.650558,-20.056669
-68.574448,-20.057510
-68.541107,-19.844730
-68.696953,-19.740561
-68.684952,-19.700840
-68.480827,-19.444450
-68.437500,-19.437229
-68.462219,-19.398890
-68.740829,-19.177780
-68.952499,-18.967501
-68.932770,-18.882780
-69.000839,-18.743059
-69.027237,-18.466391
-69.148064,-18.137779
-69.075012,-18.077230
-69.078613,-18.018061
-69.139717,-18.027500
-69.265556,-17.963610
-69.303329,-17.963341
-69.335564,-17.781389
-69.491379,-17.628889
-69.499733,-17.505280
-69.501106,-17.378889
-69.590851,-17.295280
-69.652496,-17.285839
-69.618057,-17.186670
-69.385834,-17.050840
-69.411118,-17.020559
-69.343613,-16.982500
-69.166397,-16.720560
-69.094467,-16.707230
-69.002502,-16.644730
-69.037781,-16.603060
-69.037514,-16.571390
-69.028122,-16.540871
-68.990829,-16.419720
-68.826111,-16.351391
-68.833633,-16.302500
-68.879333,-16.270741
-68.919159,-16.243050
-68.958794,-16.215500
# Triangles
224,223,222
241,240,239
237,239,238
236,241,239
228,227,226
229,228,226
226,225,224
224,221,220
222,221,224
229,226,230
232,231,233
226,224,230
243,241,236
252,251,255
255,251,248
250,248,251
253,252,254
256,255,257
252,255,254
250,249,248
236,244,243
242,241,243
245,244,246
248,244,257
248,257,255
244,248,246
257,259,258
246,248,247
244,259,257
239,237,236
207,206,205
205,204,207
209,207,200
212,211,210
209,208,207
200,210,209
202,207,204
202,200,207
201,200,202
202,204,203
199,198,200
195,198,196
197,196,198
212,210,198
200,198,210
218,217,216
218,215,219
215,218,216
231,234,233
230,220,219
231,230,219
234,231,235
224,220,230
231,219,195
198,214,212
198,195,214
194,193,192
195,194,235
265,236,235
214,213,212
195,219,214
214,219,215
195,235,231
265,235,169
265,244,236
194,171,235
1,6,5
8,6,1
4,1,5
8,10,9
8,1,10
7,6,8
4,3,2
262,260,263
260,262,261
259,244,260
11,10,266
4,2,1
265,264,263
19,11,22
263,260,265
14,13,15
12,15,13
12,11,15
18,17,16
16,15,18
18,15,11
21,20,19
22,21,19
37,42,39
28,27,26
26,25,28
37,39,38
28,25,29
11,19,18
10,269,268
10,268,267
25,24,23
30,32,31
29,32,30
29,25,23
267,266,10
10,1,269
33,23,88
23,22,88
266,22,11
35,80,49
35,34,33
87,35,33
36,35,45
29,33,32
266,97,22
33,29,23
36,44,37
41,40,42
40,39,42
43,37,44
37,43,42
48,47,46
46,45,48
44,36,45
49,48,45
52,51,50
50,49,52
72,54,53
54,56,55
72,56,54
52,49,77
53,52,73
45,35,49
97,266,265
260,244,265
189,194,192
184,183,185
186,185,177
192,190,189
187,189,188
187,186,176
182,179,183
179,182,181
180,179,181
183,179,178
177,185,178
174,173,175
176,186,177
178,185,183
171,189,176
189,187,176
175,172,176
175,173,172
171,176,172
171,170,169
134,132,169
235,171,169
106,265,169
132,130,127
130,132,131
133,132,134
132,127,118
128,127,129
127,130,129
126,118,127
169,132,114
169,168,134
171,194,189
124,126,125
165,164,161
162,164,163
161,164,162
166,144,167
160,166,165
161,160,165
157,166,160
157,160,158
160,159,158
157,156,151
152,151,156
153,155,154
153,152,156
156,155,153
166,157,145
151,145,157
142,140,137
143,142,136
137,140,138
143,135,144
142,137,136
134,167,135
135,143,136
167,144,135
147,150,148
150,147,146
149,148,150
141,140,142
146,145,150
140,139,138
145,144,166
150,145,151
167,134,168
79,78,77
81,80,82
77,49,79
73,52,76
76,75,73
73,75,74
49,80,79
35,87,84
90,89,88
88,96,90
83,82,80
84,86,85
86,84,87
35,84,83
33,88,87
35,83,80
60,58,62
70,62,58
70,58,56
62,67,63
57,56,58
61,60,62
58,60,59
72,70,56
70,72,71
70,69,68
67,62,70
64,63,65
63,67,66
65,63,66
70,68,67
73,72,53
52,77,76
113,112,114
115,114,117
112,110,114
109,108,110
111,110,112
110,106,114
106,110,108
117,132,118
118,126,123
114,132,117
118,123,120
120,122,121
122,120,123
118,120,119
117,116,115
124,123,126
96,95,93
98,97,99
88,22,96
92,91,90
94,93,95
92,96,93
96,92,90
104,102,105
105,102,106
107,106,108
102,99,106
100,99,101
101,99,102
102,104,103
99,97,265
99,265,106
106,169,114
97,96,22
192,191,190
