# Lithuania region 0
192 189
# Outer Vertices
22.782803,54.366657
22.770000,54.359989
22.074720,54.334980
21.353331,54.328320
20.641661,54.366650
19.990829,54.420540
19.811920,54.446049
19.939159,54.496380
19.996670,54.573318
20.063890,54.550819
20.405001,54.682770
20.238331,54.691380
20.074440,54.652760
20.011391,54.720268
19.954720,54.699429
19.944160,54.659161
19.961109,54.634430
19.665630,54.466911
19.636511,54.471069
19.864719,54.629711
19.961109,54.776932
19.919720,54.871101
19.936661,54.921101
19.985279,54.961929
20.427500,54.949429
20.698610,55.079708
20.932032,55.290062
21.004999,55.355820
21.092501,55.531101
21.086241,55.706299
21.111160,55.668911
21.101940,55.414150
20.968580,55.280033
20.867500,55.179150
20.544720,54.974709
20.566389,54.937771
20.918051,54.900829
21.222500,54.931931
21.246941,54.954990
21.196390,55.114990
21.189989,55.206379
21.260281,55.200550
21.274441,55.228600
21.271309,55.249691
21.251659,55.368038
21.182779,55.344711
21.247780,55.459148
21.058331,55.781651
21.067221,55.991379
21.049622,56.076775
21.218100,56.090000
21.244400,56.168301
21.354401,56.240002
21.427799,56.241901
21.562500,56.293301
21.591101,56.318600
21.709400,56.315300
22.067200,56.419399
22.154400,56.424198
22.248899,56.397499
22.519199,56.404400
22.623301,56.386902
22.691401,56.356701
22.827200,56.379200
22.941401,56.423901
22.992800,56.393101
23.037500,56.328602
23.096100,56.305801
23.180300,56.345600
23.171101,56.361900
23.296101,56.380798
23.525299,56.334202
23.596901,56.362202
23.651899,56.360298
23.741100,56.360001
23.746401,56.335800
23.948900,56.332199
24.147800,56.261398
24.339701,56.310799
24.473301,56.269199
24.558300,56.288300
24.653299,56.365799
24.726700,56.397800
24.864401,56.412800
24.872200,56.443600
24.899700,56.450600
24.922199,56.439999
25.000000,56.295601
25.047199,56.270802
25.096901,56.201099
25.327499,56.169201
25.495800,56.156700
25.546101,56.172501
25.593901,56.148102
25.684999,56.151699
25.715000,56.090000
26.002800,55.958302
26.198099,55.862499
26.268900,55.769402
26.338600,55.726398
26.510799,55.683899
26.614086,55.676048
26.626699,55.593102
26.545000,55.511101
26.569401,55.468300
26.523600,55.443901
26.502501,55.389999
26.455799,55.341400
26.554701,55.313099
26.631399,55.331100
26.766899,55.313599
26.819700,55.281101
26.775299,55.250599
26.713301,55.243099
26.668600,55.218102
26.641701,55.190800
26.641701,55.142502
26.615801,55.124699
26.481701,55.154999
26.450300,55.132801
26.284201,55.148102
26.253300,55.123600
26.248301,55.071098
26.219400,55.029999
26.160801,54.977200
25.881701,54.944199
25.862499,54.910801
25.788900,54.870300
25.803600,54.813900
25.736700,54.789398
25.749201,54.728298
25.727200,54.666698
25.764200,54.579201
25.648899,54.517502
25.633101,54.477798
25.636400,54.427200
25.557199,54.366100
25.547501,54.328602
25.611099,54.311401
25.714199,54.331100
25.727200,54.290600
25.770300,54.287800
25.807800,54.248100
25.787201,54.218102
25.785299,54.160599
25.700300,54.154701
25.669201,54.136101
25.534401,54.146900
25.504700,54.183102
25.547800,54.203300
25.518299,54.225800
25.577200,54.240299
25.492800,54.305302
25.451900,54.299702
25.391701,54.255798
25.217800,54.264400
25.209400,54.230000
25.161900,54.172501
25.071899,54.134701
25.024401,54.131100
24.968901,54.158600
24.840300,54.142200
24.835600,54.113602
24.795601,54.101398
24.840599,54.034401
24.820801,53.977200
24.727800,53.968601
24.691700,54.001701
24.612200,53.992199
24.386900,53.888599
24.332500,53.906101
24.277800,53.899700
24.231400,53.953098
24.175600,53.967499
24.088600,53.937500
23.986099,53.938900
23.934999,53.955799
23.833599,53.925800
23.787500,53.938099
23.779699,53.917801
23.719999,53.926701
23.644400,53.904701
23.579201,53.936100
23.503748,53.947163
23.474991,53.995258
23.517780,54.030270
23.484440,54.138321
23.341940,54.243320
23.066111,54.308041
23.000000,54.383041
22.863331,54.408588
22.782803,54.366657
# Triangles
17,19,18
16,19,17
6,5,7
5,4,9
9,8,7
19,16,15
9,4,10
7,5,9
14,20,19
23,20,13
21,23,22
23,21,20
20,14,13
14,19,15
23,11,24
13,12,11
24,11,10
24,35,34
35,24,10
10,4,35
11,23,13
25,24,34
4,36,35
182,181,180
182,180,185
184,183,185
185,183,182
185,180,186
177,176,178
176,175,174
186,180,178
178,176,186
179,178,180
186,173,187
38,3,2
2,42,38
37,36,3
38,37,3
2,1,191
3,36,4
173,77,187
188,187,189
62,2,190
191,190,2
187,71,189
67,190,189
176,173,186
26,25,33
26,33,32
32,27,26
32,31,27
33,25,34
40,39,41
39,38,41
59,46,43
44,43,46
38,42,41
46,45,44
30,29,28
50,48,47
49,48,50
28,27,31
46,50,47
30,28,31
50,46,53
50,52,51
52,50,53
53,46,54
43,42,59
46,56,54
59,2,62
59,42,2
54,56,55
62,67,66
63,62,66
56,46,59
71,187,75
71,68,67
75,77,76
68,71,70
75,73,71
67,62,190
67,189,71
75,74,73
60,62,61
62,60,59
59,58,57
59,57,56
72,71,73
68,70,69
65,64,63
65,63,66
75,187,77
176,174,173
170,169,168
171,170,172
173,172,168
168,172,170
161,173,168
163,167,166
164,166,165
164,163,166
161,168,163
167,163,168
161,163,162
160,159,158
155,160,157
157,160,158
161,160,155
156,155,157
154,153,155
153,152,136
155,153,133
77,161,79
155,89,161
147,146,149
149,146,151
151,150,149
137,151,138
137,152,151
140,138,151
151,146,145
149,148,147
145,144,143
145,143,140
143,141,140
141,143,142
138,140,139
145,140,151
136,135,134
131,133,132
133,129,155
133,153,134
129,133,131
131,130,129
128,127,129
127,126,125
89,155,129
153,136,134
137,136,152
127,89,129
93,95,94
95,93,91
95,91,125
92,91,93
91,90,127
124,121,125
123,121,124
96,98,97
125,98,96
123,122,121
125,96,95
89,127,90
77,79,78
80,79,89
82,87,83
81,87,82
81,80,87
87,89,88
89,87,80
83,85,84
83,86,85
86,83,87
161,89,79
91,127,125
118,107,119
119,107,120
115,108,118
107,118,108
118,117,115
121,120,98
115,114,108
116,115,117
110,113,112
109,114,113
108,114,109
111,110,112
107,106,105
107,105,99
98,120,99
103,100,99
99,105,103
99,120,107
104,103,105
102,101,100
102,100,103
113,110,109
121,98,125
77,173,161
