# Bosnia and Herzegovina region 0
209 206
# Outer Vertices
17.579556,42.944008
17.676701,42.963299
17.684200,42.982201
17.630301,43.076900
17.453300,43.161098
17.394400,43.230301
17.298100,43.280800
17.256100,43.414398
17.271900,43.444401
17.261700,43.459702
17.098301,43.513599
16.976400,43.586102
16.840799,43.719200
16.722799,43.786098
16.701401,43.850601
16.537201,44.013599
16.438900,44.031898
16.354700,44.081699
16.302200,44.157200
16.249399,44.196701
16.143101,44.199402
16.178301,44.214699
16.183901,44.305801
16.225000,44.335800
16.159201,44.393902
16.121401,44.504700
16.042500,44.553902
15.956900,44.700001
15.854700,44.714401
15.767500,44.776100
15.736400,44.816898
15.798300,44.855301
15.769700,44.919201
15.787500,44.995300
15.764700,45.073601
15.784400,45.120300
15.781100,45.161900
15.834200,45.211899
15.936700,45.228600
15.951700,45.215801
16.023100,45.215000
16.051901,45.159401
16.111900,45.128101
16.120600,45.095001
16.160000,45.085602
16.209700,45.034401
16.292500,45.000599
16.353600,45.005798
16.400000,45.090302
16.395000,45.118301
16.459400,45.144402
16.476101,45.185600
16.525801,45.224400
16.594999,45.230598
16.823900,45.187199
16.913601,45.273899
16.939699,45.265598
16.932199,45.234402
16.968599,45.233601
16.972200,45.249401
16.990299,45.226898
17.010599,45.239201
17.008301,45.216099
17.035601,45.226700
17.070601,45.188099
17.176901,45.148300
17.240299,45.148300
17.267200,45.186901
17.372200,45.140598
17.422800,45.141899
17.449400,45.159199
17.450800,45.128101
17.494400,45.136398
17.483299,45.110802
17.528099,45.111099
17.549700,45.131699
17.555799,45.110802
17.596100,45.108898
17.670300,45.136700
17.851700,45.049198
17.932800,45.080002
17.933901,45.108898
17.963900,45.112801
18.001699,45.152199
18.032200,45.128899
18.070000,45.139198
18.069401,45.104401
18.119400,45.083099
18.205299,45.084702
18.216400,45.129700
18.251699,45.138599
18.323099,45.103100
18.429701,45.106400
18.473900,45.064999
18.527201,45.047199
18.549400,45.076099
18.535000,45.095600
18.574699,45.068901
18.573099,45.094398
18.609699,45.084202
18.638599,45.094700
18.612200,45.062500
18.655300,45.057800
18.660000,45.087799
18.675600,45.094200
18.686899,45.077202
18.669201,45.061699
18.731400,45.021900
18.731100,44.999401
18.793900,44.996899
18.800800,44.949402
18.763300,44.944698
18.767799,44.915798
18.840799,44.863098
19.038099,44.860600
19.176701,44.923302
19.208599,44.901402
19.250299,44.915798
19.354586,44.893497
19.382200,44.862801
19.355301,44.852798
19.360800,44.831402
19.335300,44.779701
19.345800,44.769199
19.313601,44.704399
19.270300,44.680000
19.217199,44.590000
19.186100,44.576401
19.190800,44.548302
19.125299,44.518299
19.146700,44.438301
19.138901,44.413898
19.110001,44.399200
19.104200,44.355801
19.165300,44.284401
19.201900,44.292500
19.239401,44.264702
19.318899,44.272499
19.358299,44.184399
19.442499,44.142200
19.476700,44.151901
19.469700,44.128101
19.503901,44.089401
19.558300,44.070301
19.567801,44.051399
19.595800,44.067799
19.619699,44.051899
19.619200,44.018600
19.508101,43.958099
19.373600,43.965599
19.238600,44.013599
19.250601,43.962200
19.487499,43.763302
19.510799,43.679699
19.491699,43.590801
19.511101,43.573299
19.408600,43.584400
19.371700,43.616402
19.315800,43.593300
19.287500,43.544201
19.229200,43.513302
19.176701,43.529400
19.070000,43.508598
19.053900,43.535599
19.011700,43.556099
18.986900,43.522202
18.949400,43.509399
18.956699,43.454399
19.023100,43.435600
19.020599,43.391899
19.091101,43.316399
19.072201,43.248100
19.048100,43.232498
19.016701,43.239201
18.981400,43.284199
18.954201,43.293301
18.960300,43.322800
18.919399,43.356899
18.847500,43.348900
18.855801,43.332802
18.697800,43.252499
18.707500,43.214401
18.643900,43.139198
18.659201,43.080299
18.650000,43.044201
18.535601,43.017200
18.483900,42.971901
18.490801,42.861698
18.454700,42.828602
18.515800,42.731098
18.560301,42.712200
18.577499,42.654999
18.553900,42.621101
18.455290,42.564522
18.411900,42.606400
18.362499,42.626701
18.268600,42.618301
18.100300,42.750801
17.998899,42.761398
17.922501,42.811100
17.882799,42.819199
17.845301,42.859699
17.842501,42.903599
17.821400,42.920300
17.786400,42.903900
17.698099,42.927200
17.655542,42.891289
17.583330,42.942490
17.579556,42.944008
# Triangles
20,19,21
21,19,22
23,22,19
24,23,25
19,18,23
14,13,12
15,54,23
18,17,16
16,15,18
18,15,23
23,54,47
65,15,14
30,29,31
31,29,28
33,32,31
35,34,33
33,31,43
46,27,26
46,26,25
27,31,28
31,27,43
45,27,46
25,47,46
25,23,47
43,27,45
73,14,12
2,205,204
207,1,0
206,1,207
206,205,1
2,204,203
203,185,3
198,197,199
202,201,200
200,199,202
202,199,197
202,186,203
8,3,180
7,6,8
8,6,5
10,9,12
12,9,73
79,180,87
2,1,205
2,203,3
4,3,5
76,9,79
9,180,79
87,80,79
3,8,5
9,8,180
12,11,10
197,186,202
41,43,42
39,33,41
37,35,39
35,37,36
39,35,33
39,41,40
41,33,43
49,48,50
50,52,51
47,50,48
54,64,62
45,44,43
54,53,50
39,38,37
55,54,57
55,57,56
52,50,53
61,60,62
62,60,58
63,62,64
59,58,60
62,58,57
57,54,62
47,54,50
73,9,74
77,76,79
73,72,71
74,9,76
76,75,74
77,79,78
73,71,68
133,88,87
93,91,88
90,89,88
84,82,86
84,86,85
80,86,82
82,84,83
88,91,90
82,81,80
73,66,14
14,66,65
73,68,66
68,71,69
67,66,68
65,64,54
70,69,71
54,15,65
86,80,87
197,196,188
189,195,194
188,195,189
188,187,186
186,197,188
192,194,193
203,186,185
192,191,190
192,190,189
184,183,185
185,183,182
192,189,194
185,180,3
182,181,180
182,180,185
179,178,180
178,177,167
180,178,166
175,174,176
169,177,176
177,169,167
166,178,167
165,164,166
133,166,164
174,169,176
166,133,87
166,87,180
174,170,169
174,173,171
163,162,161
171,173,172
169,168,167
170,174,171
158,161,159
161,160,159
156,155,154
161,151,164
151,158,157
152,157,153
151,157,152
164,151,150
138,150,149
151,161,158
157,156,153
144,142,148
145,144,146
147,146,144
144,148,147
149,148,142
154,153,156
164,163,161
164,150,133
108,112,111
112,108,94
94,108,101
106,102,108
107,106,108
101,108,102
108,111,109
94,88,112
113,133,132
129,132,130
113,132,129
110,109,111
114,113,129
129,127,114
133,113,112
93,88,94
94,97,95
96,95,97
97,99,98
91,93,92
102,106,103
103,106,105
99,101,100
104,103,105
101,99,97
94,101,97
88,133,112
134,136,135
134,150,136
128,127,129
141,139,149
143,142,144
138,137,136
140,139,141
149,139,138
136,150,138
141,149,142
127,126,125
125,116,114
115,114,116
122,117,116
116,125,122
127,125,114
124,123,122
120,117,122
118,120,119
118,117,120
120,122,121
122,125,124
130,132,131
150,134,133
196,195,188
