# Uruguay region 0
115 112
# Outer Vertices
-58.198299,-32.453350
-58.101391,-32.328060
-58.099442,-32.259178
-58.184441,-32.155010
-58.146389,-31.990280
-58.183880,-31.921671
-58.178890,-31.854170
-58.037220,-31.786390
-57.979160,-31.610279
-57.986950,-31.552509
-58.077499,-31.484171
-58.076111,-31.456671
-57.988892,-31.401670
-57.851669,-31.046391
-57.910290,-30.934170
-57.813610,-30.912220
-57.795841,-30.876949
-57.808891,-30.734730
-57.889999,-30.592230
-57.874722,-30.504450
-57.757511,-30.428341
-57.626110,-30.285839
-57.640282,-30.190001
-57.613529,-30.182680
-57.566952,-30.205561
-57.568062,-30.252781
-57.521671,-30.275280
-57.214161,-30.292780
-57.150551,-30.243340
-57.145550,-30.184999
-57.071671,-30.109449
-56.975830,-30.100559
-56.795280,-30.112780
-56.619450,-30.252230
-56.625271,-30.294729
-56.274170,-30.528891
-56.163891,-30.645559
-56.001949,-30.796391
-55.976662,-30.860279
-56.006950,-30.944450
-56.000561,-31.082230
-55.832500,-31.071119
-55.716660,-30.942230
-55.642231,-30.941950
-55.629169,-30.848610
-55.576672,-30.848610
-55.415550,-30.971390
-55.235828,-31.245279
-55.065281,-31.326950
-55.020000,-31.270559
-54.908340,-31.376671
-54.588051,-31.462780
-54.470280,-31.581390
-54.463890,-31.672501
-54.124180,-31.915560
-54.067219,-31.875000
-53.907501,-31.949169
-53.863892,-32.011681
-53.746948,-32.055561
-53.718891,-32.142780
-53.629440,-32.366119
-53.400280,-32.570560
-53.255280,-32.602791
-53.171741,-32.666061
-53.095001,-32.724171
-53.111671,-32.746960
-53.496670,-33.092781
-53.530560,-33.199451
-53.501110,-33.408051
-53.524170,-33.580841
-53.524120,-33.585152
-53.523060,-33.681400
-53.375820,-33.747730
-53.477501,-33.844460
-53.537220,-34.066120
-53.753059,-34.262230
-53.771389,-34.390839
-53.904171,-34.450840
-54.140839,-34.635841
-54.145279,-34.671391
-54.256950,-34.689449
-54.253620,-34.576672
-54.281670,-34.593060
-54.345840,-34.643620
-54.280281,-34.673901
-54.283058,-34.697788
-54.416672,-34.756401
-54.952511,-34.977779
-54.956390,-34.940289
-55.083618,-34.885841
-55.256950,-34.907230
-55.286388,-34.870289
-55.385830,-34.806122
-55.718891,-34.780010
-56.024731,-34.890839
-56.280010,-34.910290
-56.426392,-34.838070
-56.367512,-34.794449
-56.893620,-34.663609
-57.118061,-34.462231
-57.365009,-34.443062
-57.840279,-34.494732
-58.083618,-34.186958
-58.208618,-34.159180
-58.410278,-33.909740
-58.438622,-33.554459
-58.346390,-33.274181
-58.366669,-33.150848
-58.346390,-33.118622
-58.166672,-33.111950
-58.087780,-33.055012
-58.045559,-32.934731
-58.055279,-32.878071
-58.131950,-32.798618
-58.198299,-32.453350
# Triangles
104,102,105
105,109,106
102,109,105
109,108,106
106,108,107
3,2,4
112,1,113
7,5,4
7,6,5
0,113,1
104,103,102
99,98,97
95,94,97
97,96,95
112,111,40
40,111,99
110,109,102
110,102,100
40,2,1
99,111,110
99,110,100
2,40,7
112,40,1
40,8,7
102,101,100
2,7,4
93,99,97
10,12,11
12,10,9
9,8,13
14,13,15
35,16,40
13,12,9
19,18,20
20,17,26
27,17,16
17,20,18
15,13,16
40,16,13
21,26,25
21,20,26
25,23,22
35,27,16
34,27,35
26,17,27
40,36,35
28,27,34
28,30,29
24,23,25
32,31,28
30,28,31
34,32,28
34,33,32
25,22,21
40,13,8
97,94,93
92,91,89
92,53,93
88,87,86
90,89,91
88,86,89
92,89,83
86,85,83
83,85,84
86,83,89
92,82,67
80,78,81
83,82,92
81,67,82
77,75,81
79,78,80
76,75,77
75,74,71
70,81,75
73,71,74
69,67,81
70,69,81
67,69,68
72,71,73
75,71,70
92,67,54
77,81,78
60,67,66
41,40,47
46,41,47
43,41,46
48,50,49
53,50,48
47,40,93
93,48,47
39,38,37
39,37,36
45,44,43
43,46,45
41,43,42
40,39,36
60,59,57
92,54,53
65,64,63
61,66,62
66,63,62
66,61,60
93,53,48
52,51,53
53,51,50
57,54,60
55,54,56
56,54,57
59,58,57
67,60,54
65,63,66
93,40,99
