# Hungary region 0
129 126
# Outer Vertices
22.151449,48.412060
22.271379,48.404148
22.260269,48.360821
22.319441,48.361660
22.315830,48.321098
22.383329,48.244148
22.507771,48.245258
22.620461,48.101810
22.744160,48.114712
22.840950,48.086769
22.886940,48.036652
22.865271,48.010540
22.894859,47.953300
22.770830,47.879429
22.774441,47.836369
22.612209,47.768589
22.441660,47.791100
22.421379,47.743870
22.318880,47.745819
22.010281,47.508598
22.004709,47.374981
21.922501,47.354431
21.868879,47.262211
21.651661,47.025539
21.695820,47.000820
21.609159,46.894989
21.438320,46.648602
21.326660,46.619980
21.261660,46.486931
21.296101,46.447479
21.287500,46.414429
21.197210,46.391369
21.187220,46.329990
21.053610,46.238880
20.829720,46.277210
20.753330,46.238880
20.763050,46.199150
20.721661,46.184429
20.335550,46.158039
20.261141,46.115330
20.118320,46.166931
19.807220,46.128040
19.710819,46.174992
19.570551,46.173599
19.249710,45.993320
19.155270,45.987209
19.123880,46.023602
19.083891,46.019428
19.038191,45.967602
18.828100,45.896675
18.803049,45.886650
18.699160,45.921101
18.629160,45.876091
18.559441,45.801651
18.278971,45.760349
18.189159,45.784431
18.082491,45.766651
17.799440,45.808880
17.576660,45.940540
17.426100,45.954700
17.358610,45.949989
17.320551,45.974430
17.209721,46.118320
17.064159,46.206650
16.939159,46.246090
16.876381,46.318600
16.609236,46.475174
16.391661,46.636379
16.426661,46.687759
16.318331,46.779709
16.350550,46.841091
16.281670,46.872478
16.106701,46.851391
16.346939,47.009991
16.459160,47.029430
16.516939,47.060810
16.468050,47.095261
16.527769,47.134430
16.520550,47.155258
16.456100,47.146931
16.438610,47.252769
16.491659,47.279980
16.450550,47.407200
16.645550,47.452770
16.712490,47.539989
16.648880,47.629711
16.433880,47.664429
16.450550,47.698040
16.532490,47.714710
16.555830,47.756100
16.686661,47.743870
16.696449,47.736240
16.761940,47.685261
16.797300,47.688000
17.083611,47.710270
17.057501,47.844429
17.015829,47.868038
17.090549,47.887760
17.103600,47.977200
17.179899,48.001820
17.251659,48.024990
17.603331,47.828041
17.784161,47.746929
18.337500,47.740822
18.812500,47.816662
18.849409,47.818439
18.766939,47.877762
18.770281,47.956089
18.808331,47.993870
18.827499,48.035820
19.001249,48.068779
19.476379,48.089149
19.535000,48.212200
19.662210,48.231930
19.918600,48.129978
20.065550,48.180271
20.150270,48.260269
20.291941,48.254711
20.364719,48.305820
20.509991,48.537769
20.824711,48.575821
21.125549,48.492489
21.442770,48.575260
21.614161,48.498322
21.628050,48.449421
21.738041,48.350819
21.862770,48.365540
22.101660,48.377201
22.151449,48.412060
# Triangles
68,67,66
70,69,68
70,68,74
64,63,65
68,66,75
75,66,65
65,94,75
72,71,73
71,70,73
73,70,74
77,76,75
77,75,94
68,75,74
94,65,63
58,57,55
55,57,56
54,52,55
53,52,54
51,55,52
49,51,50
60,59,61
62,61,59
59,58,62
103,55,51
55,103,58
47,51,49
49,48,47
58,102,62
62,102,63
103,51,47
81,80,78
82,81,83
84,83,94
85,84,92
93,84,94
83,81,78
80,79,78
86,85,88
85,90,89
89,88,85
87,86,88
93,92,84
90,85,91
92,91,85
83,78,77
94,102,101
77,94,83
101,100,94
94,97,95
103,47,104
106,105,108
58,103,102
102,94,63
98,97,99
100,99,97
94,100,97
107,106,108
110,109,108
105,110,108
110,105,111
97,96,95
105,104,47
105,47,46
45,44,46
105,43,111
43,46,44
114,40,38
38,40,39
42,41,40
35,34,38
35,38,37
36,35,37
114,42,40
34,33,31
32,31,33
38,34,115
111,43,42
31,28,34
30,29,28
28,27,34
30,28,31
25,23,27
24,23,25
25,27,26
23,117,27
121,22,21
20,19,21
22,121,23
18,17,16
16,15,7
18,16,5
125,21,19
34,27,117
126,19,18
111,114,113
111,42,114
113,112,111
115,117,116
121,21,125
23,118,117
117,115,34
118,120,119
118,121,120
121,124,122
126,125,19
124,123,122
125,124,121
121,118,23
115,114,38
13,7,15
8,7,13
13,11,8
7,5,16
12,11,13
10,9,11
11,9,8
127,2,128
2,127,4
1,128,2
6,5,7
4,3,2
5,4,127
18,127,126
5,127,18
15,14,13
43,105,46
