# Taiwan region 0
46 43
# Outer Vertices
120.840797,21.903049
120.751404,21.958879
120.722702,21.927771
120.674698,22.024160
120.684402,22.140551
120.576103,22.362221
120.331398,22.530830
120.176903,22.866381
120.171097,23.019159
120.059700,23.037769
120.053299,23.071939
120.099098,23.088329
120.073898,23.207220
120.146599,23.384991
120.111099,23.613880
120.382797,24.056660
120.659103,24.516380
120.751404,24.647499
120.871597,24.740000
120.998596,24.997219
121.223602,25.115549
121.285698,25.121969
121.437202,25.126659
121.401901,25.173330
121.476097,25.268881
121.559402,25.284161
121.610802,25.257500
121.674400,25.172220
121.892502,25.115829
121.916100,25.019720
121.999199,25.010830
121.828300,24.866940
121.799698,24.756660
121.820000,24.626940
121.855301,24.529160
121.766403,24.359989
121.701599,24.214439
121.607498,24.085831
121.596397,23.899990
121.454697,23.333050
121.233299,22.874720
120.935799,22.478331
120.872200,22.209999
120.882500,22.039440
120.834999,21.984989
120.840797,21.903049
# Triangles
4,3,44
41,7,6
40,8,7
4,42,5
1,45,44
3,1,44
42,4,43
42,41,5
4,44,43
1,3,2
6,5,41
10,9,11
8,12,11
9,8,11
13,8,40
8,13,12
13,39,15
13,15,14
16,18,17
38,16,15
37,18,16
40,39,13
38,37,16
38,15,39
37,36,18
35,34,33
35,33,18
32,18,33
21,18,32
18,36,35
22,32,31
19,21,20
18,21,19
23,22,24
24,22,26
22,21,32
29,28,27
31,29,27
24,26,25
26,22,27
27,22,31
31,30,29
40,7,41
