# Venezuela region 1
447 444
# Outer Vertices
-73.318413,9.173717
-73.371933,9.166941
-73.383904,9.189720
-73.095840,9.581663
-72.962509,9.836941
-72.978882,9.988884
-72.847229,10.523050
-72.584442,10.937220
-72.493057,11.121110
-72.341377,11.165000
-72.265007,11.152500
-71.977219,11.665000
-71.403610,11.812780
-71.324799,11.852640
-71.378616,11.753330
-71.908890,11.608330
-71.956680,11.594170
-71.970291,11.536660
-71.914726,11.319440
-71.754730,11.086390
-71.631958,11.019440
-71.662231,10.985830
-71.735001,11.032500
-71.765556,11.010550
-71.577217,10.714440
-71.621948,10.450280
-71.752502,10.373050
-72.025009,9.969719
-72.127792,9.818607
-71.982788,9.597498
-72.010559,9.573887
-71.966133,9.531109
-71.961670,9.497219
-72.017502,9.514164
-71.991386,9.459997
-71.915848,9.495831
-71.841133,9.438610
-71.889183,9.441664
-71.888062,9.423885
-71.819458,9.421108
-71.774437,9.364441
-71.725571,9.349720
-71.736954,9.278608
-71.797501,9.235830
-71.733337,9.203608
-71.763634,9.119720
-71.629997,9.044165
-71.505569,9.048609
-71.252502,9.145830
-71.158340,9.280552
-71.073624,9.310831
-71.055283,9.348330
-71.090012,9.531942
-71.031113,9.722219
-71.090561,9.883608
-71.379463,10.255000
-71.545288,10.565550
-71.526672,10.726940
-71.581680,10.801660
-71.446671,10.795550
-71.433327,10.824160
-71.414459,10.913610
-71.498611,10.956390
-71.083893,11.076110
-70.774727,11.219160
-70.351967,11.319440
-70.146118,11.414720
-70.156677,11.474160
-70.040009,11.437780
-70.045288,11.505000
-69.888062,11.430000
-69.798897,11.427770
-69.741669,11.489440
-69.814728,11.690830
-70.182793,11.603050
-70.226967,11.615550
-70.243896,11.775270
-70.301117,11.853330
-70.206711,12.111210
-70.120827,12.129720
-70.027237,12.195280
-69.934723,12.169720
-69.824448,11.990830
-69.742783,11.628890
-69.662231,11.496390
-69.609177,11.458890
-69.526672,11.506110
-69.369743,11.490550
-69.288353,11.533890
-68.781677,11.390830
-68.396118,11.162780
-68.275284,10.924720
-68.298340,10.927220
-68.327789,10.938610
-68.371948,10.908890
-68.251678,10.897220
-68.244453,10.862780
-68.318619,10.851110
-68.328613,10.772500
-68.253616,10.588890
-68.170288,10.500830
-67.822243,10.479720
-67.273911,10.547220
-66.709167,10.619720
-66.150574,10.606390
-66.049454,10.579720
-66.099731,10.529720
-66.119751,10.496940
-65.838058,10.249720
-65.783890,10.219720
-65.719177,10.218050
-65.468338,10.151660
-65.123901,10.051110
-65.013062,10.065000
-64.942497,10.097500
-64.829727,10.079720
-64.732788,10.113050
-64.692780,10.196940
-64.650558,10.211940
-64.593338,10.256390
-64.407501,10.276940
-64.377228,10.310270
-64.445007,10.323890
-64.383057,10.338610
-64.398064,10.374160
-64.368057,10.384160
-64.240837,10.411660
-64.192497,10.475280
-63.815559,10.441390
-63.655281,10.493610
-63.799999,10.527500
-63.963619,10.578330
-64.173073,10.563610
-64.233063,10.513050
-64.299454,10.620830
-64.289459,10.638050
-64.265289,10.668890
-64.181122,10.626660
-63.858341,10.641110
-63.816391,10.709440
-63.686951,10.643330
-63.442501,10.655000
-63.040279,10.713610
-62.791389,10.731110
-62.553059,10.736390
-62.086399,10.702770
-61.854172,10.745830
-61.910278,10.665000
-62.239719,10.633050
-62.317501,10.536660
-62.877499,10.536110
-62.881950,10.523890
-62.836399,10.492500
-62.830559,10.402220
-62.917229,10.418050
-62.991669,10.388880
-62.958618,10.353050
-63.003059,10.275830
-62.936390,10.278050
-62.954731,10.395000
-62.930840,10.404170
-62.837231,10.381660
-62.791389,10.403330
-62.670280,10.285000
-62.623890,10.118050
-62.670280,10.073890
-62.884731,10.061390
-62.904171,10.102220
-62.963058,10.088610
-62.926121,9.998608
-62.926670,10.074160
-62.808060,9.988886
-62.788059,10.035550
-62.724720,10.046660
-62.662781,10.059160
-62.614449,10.093610
-62.621948,10.210830
-62.599720,10.229720
-62.503330,10.178330
-62.439449,9.996109
-62.318062,9.704998
-62.277229,9.747498
-62.248611,9.926941
-62.251110,9.971107
-62.180279,9.864998
-62.211941,9.634441
-62.164452,9.682775
-62.158890,9.852219
-62.191120,9.928608
-62.036671,9.860275
-62.038071,9.886387
-62.206669,9.940275
-62.232510,9.963331
-62.216389,10.009440
-62.056671,9.978609
-61.839169,9.801386
-61.809448,9.736942
-61.748611,9.703886
-61.762501,9.753330
-61.816391,9.816387
-61.812229,9.830555
-61.597778,9.779720
-61.588619,9.821941
-61.650280,9.890831
-61.622509,9.906111
-61.450279,9.791941
-61.337231,9.637775
-61.212780,9.572220
-61.198891,9.605274
-60.967510,9.529442
-60.968609,9.484720
-60.906952,9.481941
-60.799450,9.381386
-60.783058,9.311108
-61.049450,9.138330
-61.110001,9.045553
-61.095280,9.040831
-60.985001,9.166386
-60.948341,9.174442
-61.105831,8.943607
-61.192780,8.701942
-61.193062,8.621664
-61.218342,8.591108
-61.526669,8.590275
-61.602501,8.626942
-61.660278,8.589441
-61.240841,8.427774
-61.175289,8.494164
-61.027241,8.501942
-61.077511,8.460831
-61.033340,8.460276
-60.982780,8.568607
-60.719170,8.604721
-60.474720,8.526386
-60.426628,8.577438
-60.406670,8.626387
-60.236389,8.627497
-60.025280,8.553888
-59.989052,8.533598
-59.801392,8.274998
-59.831951,8.228884
-59.944450,8.210274
-60.023331,8.041386
-60.178051,7.981387
-60.340939,7.846042
-60.535278,7.802220
-60.632771,7.601110
-60.693611,7.566109
-60.719730,7.528887
-60.691109,7.455832
-60.645840,7.436665
-60.588051,7.316386
-60.634449,7.258054
-60.617771,7.194442
-60.535561,7.123887
-60.495281,7.181109
-60.357780,7.175553
-60.278339,7.112499
-60.331390,7.024165
-60.368061,6.930276
-60.408329,6.947498
-60.713058,6.758054
-60.909439,6.809164
-60.896111,6.759721
-61.138050,6.701942
-61.204720,6.574443
-61.153610,6.492220
-61.156658,6.328887
-61.113892,6.282221
-61.113060,6.187220
-61.219158,6.128886
-61.279140,6.066760
-61.389999,5.939998
-60.732929,5.205276
-60.662769,5.187498
-60.579731,4.981110
-60.641670,4.855554
-60.816109,4.729720
-60.884998,4.711665
-60.930828,4.584721
-60.985001,4.520554
-61.266399,4.519721
-61.311390,4.520276
-61.281391,4.457221
-61.342220,4.417498
-61.456669,4.421109
-61.505001,4.395276
-61.512501,4.298054
-61.553329,4.249165
-61.745548,4.249442
-61.892502,4.150831
-62.051109,4.151110
-62.110001,4.100831
-62.246391,4.122498
-62.400280,4.181942
-62.531391,4.126387
-62.541950,4.041665
-62.731110,4.038054
-62.753891,3.986110
-62.758610,3.834721
-62.727489,3.731111
-62.735561,3.671110
-62.775280,3.606944
-62.875000,3.560277
-62.987228,3.600832
-63.314720,3.946666
-63.382500,3.970832
-63.423328,3.966110
-63.456669,3.866666
-63.501110,3.857499
-63.608341,3.943610
-63.847500,3.959721
-63.988609,3.883054
-64.043327,3.895277
-64.116943,4.098609
-64.248894,4.148054
-64.582230,4.121664
-64.641586,4.221951
-64.693047,4.267221
-64.769173,4.289165
-64.798050,4.277221
-64.801102,4.201942
-64.685272,4.070554
-64.497498,3.833888
-64.203613,3.609999
-64.182510,3.546110
-64.235817,3.433054
-64.218613,3.123333
-64.010010,2.802221
-63.993061,2.633054
-64.047501,2.513333
-64.036942,2.470554
-63.486950,2.425555
-63.365841,2.421388
-63.357780,2.269721
-63.393059,2.151388
-63.651112,2.064721
-63.763889,1.980277
-63.970829,1.967222
-64.043877,1.909166
-64.070282,1.650277
-64.255287,1.480555
-64.341690,1.366944
-64.366943,1.364444
-64.386398,1.409722
-64.349991,1.484166
-64.370270,1.511389
-64.523331,1.437500
-64.697487,1.262777
-64.751106,1.243611
-64.815552,1.282222
-65.017227,1.133888
-65.098618,1.145277
-65.140556,1.112499
-65.171951,0.954722
-65.196663,0.924166
-65.301666,0.926666
-65.389999,0.830833
-65.433609,0.699166
-65.519173,0.649722
-65.563606,0.671667
-65.583618,0.725833
-65.509171,0.843889
-65.511124,0.904722
-65.559448,0.971111
-65.703613,0.984444
-65.862228,0.913333
-65.971123,0.803889
-66.129440,0.732777
-66.317497,0.752222
-66.873383,1.225538
-66.991676,1.695833
-67.133904,1.987777
-67.111938,2.099443
-67.172501,2.148055
-67.216949,2.275277
-67.174179,2.336944
-67.192490,2.392499
-67.281387,2.438888
-67.493896,2.666388
-67.567780,2.683332
-67.607224,2.795555
-67.756958,2.838888
-67.846336,2.792450
-67.843353,2.868332
-67.446663,3.241943
-67.384171,3.259166
-67.290833,3.397499
-67.303879,3.451943
-67.374443,3.478888
-67.488907,3.722776
-67.595840,3.737777
-67.690567,3.958610
-67.729172,4.087499
-67.805557,4.227498
-67.813049,4.465276
-67.875267,4.525276
-67.793060,5.049998
-67.828888,5.112220
-67.849731,5.307775
-67.731667,5.430553
-67.613327,5.539165
-67.651672,5.669998
-67.622223,5.787498
-67.414436,5.987220
-67.491943,6.118608
-67.454788,6.193110
-67.573624,6.266109
-67.835564,6.308332
-68.001106,6.206665
-68.152222,6.223331
-68.313606,6.166943
-68.454178,6.190554
-68.644173,6.134165
-68.971123,6.198608
-69.094162,6.199164
-69.194992,6.099998
-69.256958,6.083887
-69.331390,6.153053
-69.429718,6.118608
-70.119164,6.975831
-70.307503,6.939720
-70.513062,7.015277
-70.569458,7.090277
-70.824173,7.084998
-70.963058,7.002776
-71.132217,6.995275
-71.553047,7.044721
-71.880829,6.985275
-72.065552,7.061665
-72.145554,7.198608
-72.183319,7.382775
-72.399170,7.406109
-72.471657,7.491942
-72.420273,7.989998
-72.402496,8.041941
-72.333618,8.049440
-72.335564,8.146385
-72.384171,8.363050
-72.664436,8.641108
-72.772232,9.113050
-72.845284,9.140274
-72.926941,9.098330
-72.973618,9.142496
-72.981110,9.260830
-73.001404,9.302496
-73.318413,9.173717
# Triangles
418,417,416
419,418,420
416,415,418
414,413,412
424,426,425
415,414,420
414,412,420
418,415,420
423,421,420
412,410,420
384,383,382
395,320,397
395,397,396
401,400,397
393,395,394
410,409,408
411,410,412
399,398,400
398,397,400
410,408,420
385,384,382
50,423,420
431,434,433
434,436,435
438,437,46
431,433,432
440,439,45
2,1,0
3,2,0
441,443,442
441,440,445
441,444,443
439,438,45
431,430,428
431,436,434
430,429,428
426,424,427
47,427,424
421,423,422
431,427,436
427,431,428
48,424,423
440,45,34
438,46,45
43,45,44
436,47,437
46,437,47
436,427,47
424,48,47
423,50,48
45,43,34
100,420,408
369,368,367
369,367,366
361,360,359
369,366,370
376,375,374
366,371,370
371,366,365
373,371,365
373,372,371
365,352,373
373,376,374
353,365,364
361,358,362
363,362,357
361,359,358
358,357,362
356,355,354
357,356,363
356,353,364
352,365,353
354,353,356
373,352,327
348,350,349
351,350,352
376,373,327
364,363,356
352,350,327
392,391,390
381,386,385
401,397,320
381,379,386
381,380,379
392,390,393
402,401,403
395,393,390
406,405,404
101,408,407
320,395,390
404,403,401
381,385,382
320,390,388
388,390,389
387,377,322
386,377,387
377,386,378
322,377,323
386,379,378
388,387,321
320,404,401
388,321,320
404,320,319
319,112,406
272,319,318
387,322,321
319,406,404
327,377,376
109,407,406
347,350,348
319,225,115
445,444,441
440,33,28
440,28,4
35,34,37
31,33,32
34,33,440
30,33,31
3,445,4
5,4,28
30,29,28
5,28,6
4,445,440
30,28,33
27,6,28
445,3,0
38,43,40
38,40,39
40,42,41
49,48,50
420,51,50
40,43,42
38,37,34
54,63,55
36,35,37
54,64,63
38,34,43
6,27,26
26,23,10
9,8,7
20,19,22
22,19,23
7,26,10
7,6,26
18,23,19
10,9,7
11,10,17
18,17,10
16,15,11
17,16,11
10,23,18
11,15,12
20,22,21
57,56,59
63,60,59
56,55,59
59,58,57
62,61,63
13,12,14
12,15,14
61,60,63
63,59,55
26,24,23
24,26,25
53,52,51
51,99,53
51,100,99
71,53,99
108,103,102
107,104,103
102,101,407
100,51,420
94,98,97
85,99,98
97,95,94
92,91,93
95,97,96
87,98,94
111,109,406
112,319,113
115,114,113
117,116,118
116,115,225
111,406,112
106,105,104
107,106,104
108,102,407
110,109,111
107,103,108
118,116,120
408,101,100
407,109,108
54,65,64
66,68,67
70,68,66
66,65,70
76,74,73
75,74,76
77,76,79
78,77,79
81,80,79
79,82,81
79,76,82
69,68,70
70,65,71
72,71,85
72,83,73
90,93,91
90,89,94
72,85,84
87,85,98
85,71,99
53,71,65
87,94,89
82,73,83
82,76,73
86,85,87
87,89,88
72,84,83
90,94,93
65,54,53
115,113,319
315,318,317
344,343,342
345,342,341
342,345,344
345,341,346
327,323,377
330,327,350
330,347,331
339,346,340
324,326,325
327,330,328
346,339,347
346,341,340
326,324,323
323,327,326
331,338,337
339,338,331
332,336,335
332,335,334
331,337,336
333,332,334
329,328,330
302,304,303
331,336,332
339,331,347
301,304,302
314,313,312
308,307,309
309,307,310
304,299,305
314,272,315
272,318,315
307,314,310
306,314,307
306,305,297
314,311,310
312,311,314
306,272,314
305,299,298
299,304,300
298,297,305
293,292,291
297,296,295
293,291,294
294,291,289
272,306,295
294,289,272
288,286,289
290,289,291
294,272,295
297,295,306
301,300,304
288,287,286
347,330,350
286,285,272
272,285,282
225,319,272
284,283,282
272,282,273
284,282,285
265,271,267
267,271,270
271,265,272
268,267,270
267,266,265
268,270,269
225,265,264
282,281,278
225,272,265
279,278,281
278,273,282
273,277,276
276,275,273
278,277,273
273,275,274
263,262,264
260,259,258
262,261,253
254,261,260
281,280,279
264,262,248
248,262,249
250,249,252
254,253,261
252,251,250
249,262,252
248,226,264
226,229,227
229,226,230
227,229,228
230,247,245
245,247,246
247,230,226
226,248,247
252,262,253
255,254,256
245,244,233
257,256,258
254,258,256
233,244,243
241,236,233
241,243,242
233,243,241
232,230,233
241,240,239
239,238,241
241,238,237
245,233,230
254,260,258
237,236,241
272,289,286
264,226,225
120,169,128
169,120,116
168,128,169
157,168,158
169,171,170
121,120,128
119,118,120
158,168,167
123,122,121
124,123,125
129,168,157
156,155,157
126,125,121
161,160,158
121,125,123
167,163,158
172,171,173
171,174,173
174,171,179
174,179,175
167,166,165
171,180,179
167,165,163
163,161,158
164,163,165
161,163,162
178,175,179
177,176,178
150,144,143
176,175,178
169,180,171
158,160,159
127,126,128
140,130,129
132,131,137
130,138,131
121,128,126
133,132,134
135,137,136
137,135,134
138,137,131
140,139,138
134,132,137
140,138,130
155,154,151
152,154,153
151,154,152
155,142,141
129,157,141
129,141,140
151,150,142
149,144,150
150,143,142
151,142,155
129,128,168
141,157,155
224,223,220
225,224,185
222,221,220
220,219,224
222,220,223
224,219,215
185,197,186
185,224,197
186,197,196
208,207,209
215,207,206
207,215,214
215,206,197
224,215,197
197,206,201
219,216,215
225,185,180
210,207,214
232,231,230
236,235,234
234,233,236
216,219,218
209,207,210
213,212,210
211,210,212
213,210,214
217,216,218
182,181,184
181,185,184
194,193,191
180,185,181
145,148,147
149,148,144
191,193,192
194,191,190
183,182,184
148,145,144
187,189,188
196,195,189
202,205,204
205,202,201
201,198,197
199,198,200
206,205,201
190,189,195
190,195,194
200,198,201
203,202,204
147,146,145
187,186,189
196,189,186
225,180,169
169,116,225
315,317,316
