# Byelarus region 0
404 401
# Outer Vertices
28.166498,56.150318
28.312500,56.049999
28.353600,56.056900
28.387501,56.096100
28.520800,56.105301
28.646099,56.093601
28.702200,56.032200
28.730000,55.963100
28.846901,55.942501
28.853600,55.970600
29.059401,56.032799
29.412201,55.957802
29.464399,55.911098
29.406900,55.895802
29.359200,55.789398
29.385799,55.756401
29.493900,55.688900
29.526400,55.691399
29.618299,55.751701
29.719200,55.782501
29.823099,55.775299
29.859400,55.822498
29.928301,55.851700
30.014700,55.854401
30.140600,55.828098
30.226101,55.866100
30.299200,55.836102
30.489700,55.799999
30.494200,55.763901
30.606701,55.726101
30.608900,55.681400
30.647200,55.661400
30.726900,55.656399
30.756701,55.596699
30.876900,55.619202
30.925600,55.603100
30.934999,55.531898
30.918600,55.506901
30.939400,55.491699
30.906401,55.479198
30.900600,55.459202
30.939400,55.399399
30.857800,55.353600
30.813601,55.293301
30.878599,55.260300
30.913300,55.203098
31.004700,55.143299
30.987200,55.111698
31.029699,55.043301
31.007799,55.026699
30.924999,55.033298
30.955799,54.992199
30.947500,54.969200
30.833900,54.944199
30.844999,54.881100
30.801100,54.855000
30.780001,54.796902
31.004999,54.711700
31.024700,54.652199
31.185301,54.642200
31.186899,54.609402
31.131701,54.570599
31.082500,54.505600
31.130600,54.478600
31.194201,54.480301
31.198437,54.460041
31.231899,54.456699
31.263901,54.386700
31.311701,54.350800
31.310801,54.296700
31.331699,54.237499
31.544201,54.143299
31.616100,54.137199
31.686399,54.103100
31.761700,54.103298
31.793301,54.053101
31.844200,54.064400
31.865601,54.002201
31.828899,53.886398
31.762136,53.803780
31.817200,53.803902
31.895800,53.777500
32.119701,53.820000
32.198101,53.785000
32.329399,53.762199
32.376900,53.718899
32.461700,53.722801
32.510601,53.683601
32.414700,53.646400
32.443901,53.571899
32.570599,53.521702
32.597500,53.491100
32.670601,53.497200
32.657799,53.469200
32.738098,53.465801
32.736401,53.438599
32.723900,53.367802
32.736900,53.342499
32.604401,53.333302
32.615299,53.315800
32.585800,53.306900
32.462502,53.308300
32.471100,53.286098
32.498299,53.278301
32.436699,53.206100
32.353100,53.181900
32.298901,53.131901
32.225601,53.133301
32.223301,53.105598
32.186401,53.113899
32.118599,53.087200
32.012501,53.110001
31.930599,53.095600
31.886900,53.120800
31.801100,53.125801
31.775600,53.194199
31.616100,53.218300
31.572500,53.199200
31.422501,53.208900
31.395300,53.181400
31.376400,53.121101
31.386400,53.099201
31.327200,53.082199
31.317801,53.054401
31.266399,53.021900
31.356400,52.978100
31.383301,52.918900
31.415300,52.893101
31.475800,52.863300
31.536900,52.856098
31.540001,52.821899
31.580799,52.803101
31.594999,52.738098
31.558300,52.701401
31.500000,52.689999
31.583599,52.594700
31.653299,52.553101
31.581699,52.550800
31.595301,52.532200
31.564699,52.515800
31.608900,52.491402
31.601700,52.406101
31.623100,52.395599
31.629700,52.370602
31.586700,52.318901
31.644199,52.273300
31.716900,52.261700
31.702200,52.245300
31.703899,52.198601
31.782499,52.165798
31.783899,52.108101
31.361900,52.116699
31.301100,52.091099
31.279699,52.054699
31.251699,52.045601
31.161699,52.083302
30.963100,52.081100
30.935801,52.063900
30.943899,52.049198
30.931400,52.033298
30.966900,52.025002
30.971701,52.006401
30.897800,51.997799
30.882200,51.965599
30.800800,51.944401
30.796400,51.902802
30.746901,51.895302
30.662201,51.823898
30.670000,51.796398
30.656900,51.774399
30.617500,51.764198
30.645599,51.748600
30.628300,51.711399
30.573900,51.697498
30.556700,51.625000
30.517500,51.597801
30.542801,51.577202
30.522200,51.566898
30.530300,51.551102
30.582199,51.536701
30.565800,51.515800
30.615601,51.458302
30.588600,51.454201
30.581699,51.430302
30.619699,51.416100
30.643600,51.370800
30.631901,51.355301
30.644199,51.332802
30.570801,51.301899
30.571699,51.273300
30.549400,51.252800
30.479700,51.270000
30.459999,51.296902
30.383900,51.307201
30.334999,51.345001
30.350300,51.358299
30.348101,51.405300
30.176399,51.491901
29.983299,51.486401
29.933901,51.457199
29.895800,51.469398
29.851400,51.436100
29.759199,51.441101
29.717800,51.494400
29.669701,51.498901
29.621700,51.490002
29.594400,51.453098
29.523899,51.453602
29.483101,51.390301
29.409700,51.402802
29.353901,51.375000
29.313101,51.384998
29.281900,51.443298
29.236099,51.466400
29.250799,51.504700
29.243299,51.537800
29.205000,51.568298
29.186100,51.612202
29.083300,51.638302
29.040001,51.624699
29.028299,51.595798
28.995300,51.574699
28.928900,51.576698
28.845301,51.554199
28.766100,51.484699
28.764999,51.416901
28.752501,51.411098
28.730301,51.420799
28.719200,51.452202
28.683599,51.438599
28.660601,51.451900
28.627199,51.566399
28.475599,51.579700
28.359200,51.530602
28.336100,51.576900
28.260799,51.617802
28.258600,51.661098
28.188601,51.643101
28.135000,51.580299
28.088100,51.564999
27.975300,51.567799
27.884701,51.619999
27.851400,51.620300
27.811701,51.588600
27.817499,51.530602
27.746901,51.465599
27.671101,51.506699
27.724701,51.564400
27.719700,51.592499
27.512501,51.630299
27.471701,51.629398
27.445601,51.601101
27.279400,51.597801
27.298901,51.654400
27.200001,51.670300
27.206699,51.743099
27.179701,51.762798
27.029200,51.769402
26.933300,51.749699
26.649700,51.820301
26.457199,51.812801
26.439199,51.820599
26.436899,51.856899
26.180799,51.861401
26.092199,51.917500
25.976700,51.912201
25.775801,51.939201
25.695801,51.922798
25.546976,51.923237
25.361099,51.926899
25.244200,51.959400
25.179399,51.959702
24.885300,51.899399
24.396700,51.886700
24.313299,51.822498
24.279400,51.737801
24.043100,51.610298
23.953899,51.584999
23.896700,51.635799
23.753599,51.652500
23.666700,51.640598
23.608601,51.608101
23.646099,51.520802
23.592085,51.528278
23.539169,51.592758
23.553890,51.745819
23.626381,51.796940
23.611660,51.914150
23.656380,52.041660
23.598330,52.109428
23.485830,52.146931
23.293880,52.225811
23.211380,52.223869
23.168880,52.282200
23.384159,52.504162
23.563610,52.584980
23.883881,52.678040
23.933880,52.712200
23.934990,52.890541
23.854160,53.210819
23.658051,53.529709
23.521111,53.878590
23.503748,53.947163
23.579201,53.936100
23.644400,53.904701
23.719999,53.926701
23.779699,53.917801
23.787500,53.938099
23.833599,53.925800
23.934999,53.955799
23.986099,53.938900
24.088600,53.937500
24.175600,53.967499
24.231400,53.953098
24.277800,53.899700
24.332500,53.906101
24.386900,53.888599
24.612200,53.992199
24.691700,54.001701
24.727800,53.968601
24.820801,53.977200
24.840599,54.034401
24.795601,54.101398
24.835600,54.113602
24.840300,54.142200
24.968901,54.158600
25.024401,54.131100
25.071899,54.134701
25.161900,54.172501
25.209400,54.230000
25.217800,54.264400
25.391701,54.255798
25.451900,54.299702
25.492800,54.305302
25.577200,54.240299
25.518299,54.225800
25.547800,54.203300
25.504700,54.183102
25.534401,54.146900
25.669201,54.136101
25.700300,54.154701
25.785299,54.160599
25.787201,54.218102
25.807800,54.248100
25.770300,54.287800
25.727200,54.290600
25.714199,54.331100
25.611099,54.311401
25.547501,54.328602
25.557199,54.366100
25.636400,54.427200
25.633101,54.477798
25.648899,54.517502
25.764200,54.579201
25.727200,54.666698
25.749201,54.728298
25.736700,54.789398
25.803600,54.813900
25.788900,54.870300
25.862499,54.910801
25.881701,54.944199
26.160801,54.977200
26.219400,55.029999
26.248301,55.071098
26.253300,55.123600
26.284201,55.148102
26.450300,55.132801
26.481701,55.154999
26.615801,55.124699
26.641701,55.142502
26.641701,55.190800
26.668600,55.218102
26.713301,55.243099
26.775299,55.250599
26.819700,55.281101
26.766899,55.313599
26.631399,55.331100
26.554701,55.313099
26.455799,55.341400
26.502501,55.389999
26.523600,55.443901
26.569401,55.468300
26.545000,55.511101
26.626699,55.593102
26.614086,55.676048
26.661699,55.705799
26.745300,55.686699
26.850000,55.710800
26.908100,55.778599
26.990000,55.834702
27.156099,55.846401
27.282200,55.787201
27.350800,55.826401
27.400000,55.803902
27.601400,55.791901
27.632799,55.840599
27.647200,55.924198
27.791100,55.988899
27.795601,56.025299
27.893299,56.065601
27.929399,56.113300
28.058300,56.136398
28.118299,56.167198
28.166498,56.150318
# Triangles
284,283,281
281,283,282
284,281,285
278,277,276
286,285,280
287,286,278
279,278,286
280,279,286
285,281,280
278,288,287
278,276,274
288,278,274
275,274,276
297,273,272
270,269,268
320,298,271
320,271,270
266,268,267
268,266,339
265,264,266
268,339,270
341,266,264
288,274,273
271,298,272
293,292,291
294,293,291
295,289,296
291,290,294
289,295,290
295,294,290
301,304,303
304,301,300
304,300,306
301,303,302
296,289,288
311,300,299
296,288,273
316,314,299
298,297,272
314,316,315
316,299,298
298,319,316
299,314,311
305,304,306
307,306,308
310,300,311
306,300,308
308,300,310
314,312,311
309,308,310
273,297,296
264,263,262
246,245,247
247,245,244
243,247,244
237,240,239
233,232,234
236,232,231
236,234,232
230,228,231
238,237,239
228,227,225
228,224,231
228,225,224
226,225,227
223,222,231
223,231,224
205,217,215
215,217,216
222,221,219
213,212,214
230,229,228
219,231,222
255,254,253
252,251,253
255,253,250
256,255,249
262,261,260
262,260,259
341,259,257
259,341,262
258,257,259
257,256,341
250,253,251
242,248,243
235,234,236
219,221,220
240,237,241
249,248,242
242,236,256
242,256,249
219,218,236
236,242,241
236,369,256
236,241,237
236,231,219
249,255,250
16,394,236
247,243,248
262,341,264
124,218,217
218,16,236
317,316,319
320,319,298
313,312,314
318,317,319
324,323,325
321,323,322
325,323,321
320,326,321
326,325,321
326,320,327
338,327,320
340,339,341
328,327,338
338,320,270
329,328,331
328,338,337
337,331,328
341,343,342
336,335,337
331,337,335
339,266,341
270,339,338
330,329,331
331,335,332
333,332,335
333,335,334
349,348,347
352,350,353
350,349,347
353,350,346
350,352,351
346,350,347
354,353,355
346,345,344
353,344,343
353,346,344
355,353,357
361,353,343
357,356,355
358,357,359
360,359,361
368,362,361
359,357,361
357,353,361
368,361,343
343,341,368
363,365,364
365,363,366
367,366,368
362,366,363
379,378,377
381,380,376
381,383,382
376,380,379
376,379,377
341,256,368
370,369,371
369,372,371
372,369,373
369,374,373
385,383,386
381,376,375
383,381,375
383,385,384
375,374,387
387,386,375
374,391,387
375,386,383
236,374,369
362,368,366
389,388,390
388,387,391
391,390,388
393,392,391
393,391,374
394,393,374
396,395,397
398,397,399
400,399,401
395,394,397
397,1,399
397,394,1
2,1,7
7,1,394
6,4,7
8,10,9
16,8,394
7,394,8
401,0,402
401,1,0
7,4,2
4,6,5
4,3,2
1,401,399
374,236,394
369,368,256
8,14,10
215,214,209
212,211,210
212,210,209
209,208,207
215,209,207
205,207,206
207,205,215
203,202,201
192,191,188
195,193,192
190,189,188
190,188,191
183,192,188
196,183,178
192,183,196
196,195,192
183,188,186
185,184,186
186,184,183
188,187,186
193,195,194
182,180,183
203,167,204
167,217,204
199,198,200
183,180,178
198,167,203
200,198,203
201,200,203
197,170,198
176,175,177
175,197,196
175,196,177
180,179,178
196,178,177
197,175,173
173,175,174
170,172,171
172,170,173
173,170,197
169,168,167
169,167,170
166,165,164
164,163,162
124,217,166
217,167,166
170,167,198
181,180,182
205,204,217
166,164,124
157,162,159
159,162,161
157,159,158
161,160,159
155,134,156
124,157,156
152,151,155
152,155,154
153,152,154
139,155,151
157,124,164
145,148,147
145,144,151
145,147,146
149,148,150
151,148,145
144,139,151
141,139,144
139,138,137
143,142,141
141,140,139
143,141,144
148,151,150
139,134,155
127,134,128
134,127,126
128,134,130
130,129,128
133,130,134
131,130,133
124,123,122
56,218,124
126,125,124
120,122,121
156,126,124
122,120,119
156,134,126
134,139,135
135,137,136
133,132,131
113,112,111
115,114,113
110,109,111
111,109,107
108,107,109
113,111,115
137,135,139
157,164,162
119,124,122
55,54,53
43,55,53
55,20,56
50,45,53
52,50,53
45,43,53
44,43,45
40,42,41
33,43,42
39,38,37
33,40,39
33,42,40
33,39,37
45,50,47
24,55,43
61,58,62
62,58,56
63,62,70
57,56,58
49,48,47
47,50,49
47,46,45
50,52,51
56,124,62
37,36,34
16,218,56
16,56,17
18,20,19
20,18,17
56,20,17
13,11,10
11,13,12
13,10,14
22,21,20
20,23,22
8,15,14
43,30,24
32,31,33
37,34,33
34,36,35
24,20,55
20,24,23
25,24,26
28,24,30
27,26,28
28,26,24
29,28,30
31,30,43
31,43,33
15,8,16
106,105,107
89,107,105
115,111,81
83,111,107
104,101,105
79,118,116
116,118,117
79,116,115
83,89,88
90,89,101
89,83,107
89,105,101
104,102,101
104,103,102
119,118,70
100,98,101
98,100,99
98,91,101
97,96,98
98,96,93
90,101,91
95,94,93
93,92,91
93,91,98
96,95,93
88,87,86
67,63,69
69,68,67
71,73,72
73,71,79
118,71,70
61,60,59
61,59,58
67,66,65
65,63,67
64,63,65
70,69,63
80,79,81
81,79,115
111,83,81
82,81,83
85,84,83
86,85,88
88,85,83
73,75,74
79,78,75
76,75,77
77,75,78
75,73,79
118,79,71
124,70,62
119,70,124
212,209,214
