# Suriname region 0
106 103
# Outer Vertices
-57.642231,3.355833
-57.666950,3.395555
-57.636951,3.461110
-57.735001,3.610277
-57.835831,3.664999
-57.929169,3.886666
-58.040562,3.994721
-58.071671,4.152221
-57.954170,4.287776
-57.882500,4.559164
-57.838612,4.654720
-57.926392,4.798609
-57.853619,4.912776
-57.688332,5.010277
-57.375832,5.006109
-57.289169,5.016665
-57.297230,5.160276
-57.266109,5.177775
-57.228882,5.140832
-57.190552,5.164165
-57.212780,5.232222
-57.252499,5.269165
-57.261120,5.220553
-57.286671,5.229443
-57.335560,5.313332
-57.248138,5.485810
-57.166389,5.542221
-57.062500,5.949720
-56.966671,5.997499
-56.541389,5.947777
-56.013062,5.816110
-55.877781,5.724165
-55.924728,5.887221
-55.847500,5.953887
-55.667229,5.982498
-55.315281,5.940276
-55.091122,5.880277
-54.972778,5.861110
-55.106392,5.904165
-55.162220,5.958055
-55.143890,5.979165
-54.983059,5.988609
-54.413342,5.916388
-54.021118,5.816110
-53.989719,5.745276
-54.048889,5.615832
-54.168968,5.346324
-54.290562,5.248054
-54.455830,5.004443
-54.474720,4.736665
-54.434441,4.708610
-54.402222,4.181387
-54.331669,4.142220
-54.360279,4.034998
-54.284451,3.926388
-54.123890,3.785555
-54.067219,3.664443
-54.009171,3.636388
-53.984440,3.599443
-54.003059,3.442777
-54.094440,3.294999
-54.191940,3.178888
-54.170280,3.008333
-54.186390,2.903610
-54.180561,2.840832
-54.426670,2.427221
-54.483238,2.428549
-54.524170,2.336110
-54.573891,2.354722
-54.615360,2.319779
-54.678341,2.321110
-54.696659,2.336944
-54.689159,2.453888
-54.759998,2.471110
-54.806660,2.435555
-54.867771,2.440277
-54.972500,2.554721
-54.956108,2.581388
-54.953892,2.616110
-55.111950,2.527221
-55.150280,2.572499
-55.258900,2.497221
-55.282219,2.521666
-55.330830,2.511388
-55.380001,2.428055
-55.728882,2.401110
-55.947220,2.531943
-55.982769,2.522499
-55.984730,2.479999
-56.037220,2.349999
-56.098049,2.343888
-56.131939,2.252777
-55.901661,2.045277
-55.901661,1.897222
-55.956669,1.849444
-56.470909,1.944464
-56.557781,2.021944
-56.691891,2.026975
-57.023060,2.624721
-57.093609,2.715832
-57.127781,2.791666
-57.202221,2.820833
-57.210560,3.035277
-57.293331,3.263888
-57.299450,3.370832
-57.642231,3.355833
# Triangles
104,103,102
102,100,87
101,100,102
87,104,102
5,4,3
8,6,5
105,2,1
2,105,104
3,2,104
3,8,5
3,104,8
98,100,99
91,96,95
98,97,96
94,93,92
95,94,91
94,92,91
96,90,98
90,96,91
98,90,87
88,87,90
86,104,87
88,90,89
87,100,98
104,86,51
51,31,104
8,104,15
10,12,11
15,10,9
12,10,13
9,8,15
14,13,10
17,16,18
16,15,18
14,10,15
24,23,21
7,6,8
21,25,24
25,21,20
21,23,22
18,15,19
25,20,26
26,20,19
26,28,27
28,26,29
29,26,19
31,33,32
19,30,29
19,31,30
15,31,19
31,15,104
83,85,84
75,74,73
77,75,73
83,82,80
82,81,80
83,80,86
78,80,79
78,77,73
76,75,77
53,80,78
73,72,78
51,86,80
71,70,69
72,71,69
66,68,67
72,69,68
78,63,61
66,72,68
64,72,66
63,78,72
64,63,72
63,62,61
66,65,64
54,78,61
61,60,56
31,36,35
37,36,48
38,37,41
50,49,51
47,37,48
48,36,31
42,37,47
31,34,33
35,34,31
41,40,38
40,39,38
41,37,42
49,48,31
53,78,54
55,54,56
59,58,56
57,56,58
56,54,61
80,53,51
52,51,53
43,42,45
44,43,45
42,46,45
42,47,46
31,51,49
56,60,59
86,85,83
