# Greece region 8
25 22
# Outer Vertices
26.418610,38.960819
26.089161,39.072208
26.286110,39.167759
26.289989,39.186939
26.216379,39.201382
26.123880,39.139992
26.084721,39.089710
25.955830,39.105820
25.843880,39.222488
25.907770,39.286930
26.061100,39.288879
26.208611,39.379711
26.358330,39.375820
26.419991,39.325821
26.377220,39.273602
26.565830,39.111931
26.618330,39.026100
26.556660,39.011379
26.510830,39.048038
26.526661,39.074429
26.492220,39.111370
26.448879,39.106098
26.512770,39.028881
26.544439,38.986660
26.418610,38.960819
# Triangles
7,6,5
3,14,4
7,5,10
1,24,2
7,9,8
7,10,9
11,4,14
4,11,10
12,11,14
5,4,10
3,2,21
22,24,23
22,21,24
18,17,19
19,17,16
14,20,15
14,3,21
20,14,21
14,13,12
20,19,15
15,19,16
21,2,24
