# Greece region 0
19 16
# Outer Vertices
20.794720,38.063320
20.721661,38.064430
20.627220,38.117210
20.517220,38.102489
20.468050,38.184158
20.450550,38.273602
20.434990,38.168320
20.361380,38.168880
20.354160,38.242771
20.418051,38.349430
20.500549,38.317211
20.546659,38.361099
20.571110,38.468040
20.628050,38.335541
20.609440,38.284161
20.636101,38.251659
20.687220,38.264431
20.811661,38.121380
20.794720,38.063320
# Triangles
8,7,6
10,4,14
9,8,5
10,5,4
14,11,10
10,9,5
8,6,5
2,4,3
16,2,1
18,17,1
16,1,17
11,13,12
11,14,13
16,15,2
4,15,14
4,2,15
