# Greece region 1
48 45
# Outer Vertices
24.738050,34.929989
24.762770,35.015820
24.731380,35.083321
24.371941,35.190269
24.048880,35.189991
23.824160,35.246658
23.598330,35.230549
23.521111,35.288052
23.584721,35.562481
23.656940,35.496380
23.722219,35.509430
23.709440,35.651932
23.741659,35.687771
23.769440,35.638882
23.787491,35.548321
24.000271,35.514149
24.089720,35.552212
24.079161,35.583599
24.126110,35.601940
24.201660,35.548321
24.169439,35.502769
24.080830,35.510540
24.092489,35.486931
24.222500,35.460541
24.263330,35.427761
24.266109,35.367210
24.413330,35.357769
24.802771,35.409161
25.046379,35.399151
25.052219,35.350269
25.463329,35.292488
25.762211,35.334431
25.710270,35.174431
25.772499,35.119431
25.812220,35.108879
25.967770,35.194988
26.113050,35.221100
26.118610,35.198040
26.201941,35.227211
26.321110,35.310551
26.273880,35.213039
26.290550,35.131100
26.197220,35.014431
26.004160,35.015270
25.936380,35.029430
25.528879,34.991650
25.126110,34.947208
24.738050,34.929989
# Triangles
6,9,7
9,6,5
5,10,9
7,9,8
15,5,4
25,24,23
25,22,4
26,25,3
23,22,25
22,15,4
25,4,3
10,5,14
11,10,14
11,13,12
13,11,14
16,15,21
14,5,15
20,19,18
21,20,16
17,16,18
16,20,18
22,21,15
1,47,46
45,30,46
2,1,29
46,29,1
32,30,45
45,33,32
2,26,3
35,34,44
42,37,43
33,45,34
44,43,35
34,45,44
42,41,37
27,2,29
30,32,31
27,26,2
27,29,28
46,30,29
36,35,37
37,35,43
38,41,40
37,41,38
39,38,40
