# Greece region 13
361 358
# Outer Vertices
26.222771,41.744431
26.361879,41.701550
26.495819,41.664429
26.593611,41.611099
26.637211,41.378590
26.617769,41.336929
26.449440,41.285259
26.320829,41.184711
26.327221,40.941929
26.203600,40.862759
26.199989,40.828869
26.134159,40.781368
26.124710,40.749989
26.033310,40.734890
26.061110,40.827209
25.659439,40.858879
25.255831,40.933601
25.135269,40.951931
25.153049,41.003319
25.041380,41.005260
24.985001,40.931660
24.891109,40.917210
24.803329,40.852489
24.627489,40.858601
24.566660,40.950550
24.398050,40.936939
24.308331,40.846100
24.114441,40.728039
23.994440,40.728321
23.846100,40.787209
23.731661,40.753040
23.689159,40.691929
23.824989,40.565819
23.915270,40.538319
23.823050,40.508320
23.845831,40.438881
23.961109,40.378601
24.008881,40.388050
23.996111,40.452209
24.288330,40.251930
24.393049,40.168598
24.396660,40.143318
24.306110,40.118881
24.164709,40.278320
23.861940,40.371929
23.710831,40.337212
23.691099,40.297771
23.773880,40.196098
23.966940,40.133320
24.014721,40.030540
23.992769,39.954990
23.903049,39.965820
23.699440,40.193600
23.559441,40.239990
23.408331,40.281651
23.353609,40.245270
23.329990,40.209431
23.476660,40.047771
23.747770,39.932770
23.714439,39.912769
23.358330,39.958599
23.379721,39.996929
23.311100,40.224152
22.930000,40.387489
22.818890,40.481930
22.964720,40.528320
22.961380,40.573601
22.944441,40.628040
22.855551,40.638599
22.819441,40.572491
22.741940,40.541660
22.591110,40.476650
22.626381,40.387760
22.662220,40.372490
22.548889,40.160549
22.593330,40.015270
22.729441,39.881100
22.847500,39.798870
22.924440,39.593601
23.207491,39.370541
23.343330,39.192760
23.328051,39.156940
23.094440,39.086380
23.054440,39.095829
23.109989,39.158039
23.098330,39.104160
23.210831,39.150829
23.221100,39.184990
23.122770,39.304150
22.946110,39.360538
22.941099,39.296650
22.846100,39.283871
22.816940,39.253880
22.851940,39.158329
22.900551,39.173038
22.995001,39.042759
22.961109,39.006939
23.068050,39.037491
22.949711,38.941101
22.693880,38.878880
22.526939,38.882488
22.597219,38.826931
22.697500,38.849152
22.756660,38.787491
23.031940,38.752769
23.105829,38.631378
23.189159,38.652760
23.311661,38.646648
23.338329,38.609989
23.283051,38.560261
23.378880,38.529991
23.410830,38.502769
23.587219,38.485538
23.675550,38.348598
23.926661,38.294991
24.073879,38.196930
24.061939,38.128319
24.038050,38.141102
23.983879,38.106098
24.048330,37.901932
24.063881,37.834709
24.076111,37.738602
24.040831,37.655819
23.950830,37.669708
23.870270,37.801102
23.746660,37.850819
23.691380,37.941929
23.566940,37.965260
23.598330,38.026932
23.520269,38.040821
23.314440,37.972759
23.180550,37.953320
23.045271,37.918320
22.992220,37.884159
23.004721,37.848881
23.179720,37.805820
23.152491,37.759430
23.123600,37.734711
23.173611,37.716099
23.161381,37.619991
23.322769,37.532490
23.364990,37.546379
23.311100,37.613319
23.388330,37.636662
23.410549,37.614159
23.374161,37.555271
23.523609,37.442211
23.422220,37.410259
23.235550,37.381939
23.274990,37.344711
23.187771,37.339161
23.185551,37.292210
23.071659,37.356930
23.114990,37.419430
23.128880,37.448040
22.877489,37.529430
22.825270,37.528320
22.788050,37.586380
22.743610,37.581928
22.722771,37.561378
22.800270,37.352489
22.911390,37.194149
22.896111,37.130550
23.004160,37.027489
23.058880,36.838600
23.114161,36.774712
23.031940,36.668598
23.078890,36.576649
23.153330,36.538601
23.134991,36.497490
23.202770,36.453041
23.198330,36.431931
23.089991,36.439991
23.056660,36.513321
22.938049,36.580269
22.795549,36.769711
22.781940,36.800541
22.634159,36.804440
22.572769,36.773880
22.479441,36.592770
22.488890,36.386101
22.416660,36.474991
22.375271,36.478039
22.367220,36.543049
22.384720,36.642490
22.233049,36.891102
22.138889,36.911652
22.158880,37.013321
22.073059,37.030819
21.953609,36.997490
21.927219,36.899712
21.931391,36.820541
21.939159,36.766651
21.881380,36.720268
21.822220,36.804989
21.704439,36.815269
21.696110,36.906651
21.711941,36.944439
21.581381,37.061378
21.564159,37.152489
21.647499,37.254429
21.694719,37.305271
21.659719,37.423870
21.560829,37.547211
21.389999,37.657211
21.331110,37.665272
21.293610,37.778599
21.113050,37.838329
21.124161,37.929440
21.190550,37.930271
21.310280,38.038052
21.375271,38.199989
21.645269,38.160259
21.735830,38.250542
21.848881,38.338329
22.112221,38.261662
22.262770,38.176929
22.667770,38.064709
22.857491,37.941101
22.947220,37.944439
22.978889,37.982208
22.853880,38.031380
22.948330,38.080269
23.097771,38.058601
23.213600,38.097488
23.226101,38.153049
22.953609,38.222210
22.913601,38.189159
22.873051,38.234150
22.765551,38.244431
22.795549,38.275539
22.676109,38.343601
22.688049,38.354160
22.662491,38.383320
22.586380,38.286652
22.526100,38.322491
22.463881,38.424709
22.397499,38.410259
22.381941,38.335819
22.233601,38.360271
22.155550,38.345539
21.985550,38.404148
21.791109,38.373322
21.766109,38.327492
21.599991,38.344440
21.481661,38.300541
21.473610,38.365551
21.373880,38.395821
21.332220,38.492771
21.293880,38.361931
21.176109,38.298870
21.093330,38.364159
21.139721,38.393040
21.094990,38.426929
21.097219,38.528320
21.028330,38.516102
20.989441,38.669991
20.918329,38.669991
20.880280,38.787769
20.849159,38.798321
20.779160,38.758041
20.734440,38.828602
20.804991,38.866940
20.749720,38.909710
20.768560,38.954479
20.794439,38.921379
21.029720,38.930538
21.023609,38.898319
21.086941,38.863880
21.093880,38.907490
21.156111,38.892769
21.140829,38.959709
21.166109,38.978870
21.098610,39.053051
21.038879,39.020260
20.936100,39.038879
20.884439,39.059158
20.788330,39.092770
20.740280,39.017208
20.818050,38.965820
20.735830,38.950821
20.690550,39.067490
20.475830,39.239990
20.481110,39.277210
20.343330,39.288601
20.214161,39.437771
20.269720,39.443050
20.214991,39.512760
20.148609,39.560822
20.187771,39.609440
20.063330,39.679989
20.012300,39.690231
20.260559,39.667759
20.302490,39.778320
20.291380,39.806648
20.381380,39.787209
20.410549,39.811932
20.363050,39.907490
20.314720,39.990261
20.394159,39.999149
20.412769,40.051090
20.513611,40.081379
20.555830,40.066380
20.665270,40.094151
20.787220,40.394711
20.842220,40.474979
20.936939,40.464432
21.053049,40.618591
21.051941,40.676651
21.031469,40.698250
21.030411,40.699360
20.961941,40.771648
20.966810,40.791180
20.983250,40.857021
21.120010,40.862679
21.343050,40.871929
21.471661,40.910542
21.672489,40.901920
21.694441,40.938030
21.780270,40.928871
21.916109,41.095261
22.066660,41.158321
22.131100,41.124981
22.246941,41.170540
22.468880,41.121651
22.590269,41.119980
22.653879,41.185261
22.720551,41.142761
22.741171,41.186020
22.754709,41.214432
22.765289,41.243839
22.801380,41.344151
22.935949,41.343300
23.175819,41.322762
23.281111,41.403309
23.668051,41.405819
23.891100,41.452770
23.956100,41.446091
24.074989,41.467201
24.078609,41.537209
24.157221,41.541100
24.184719,41.516651
24.245541,41.567760
24.304710,41.548599
24.363880,41.523602
24.526100,41.572208
24.658600,41.421101
24.725269,41.418049
24.798880,41.354710
24.894711,41.410542
25.209990,41.293880
25.239429,41.254429
25.388050,41.263050
25.653049,41.317760
25.805830,41.333870
26.135269,41.353870
26.198050,41.439419
26.099720,41.636650
26.067490,41.678871
26.074440,41.711929
26.222771,41.744431
# Triangles
205,204,206
216,212,203
204,203,212
207,209,208
209,207,206
206,212,210
212,206,204
210,212,211
206,210,209
200,199,198
196,195,194
192,191,194
192,194,193
190,194,191
189,201,200
216,203,202
194,197,196
197,194,190
189,200,197
197,200,198
213,212,215
189,197,190
202,201,188
253,252,254
254,252,248
251,250,252
255,254,256
262,261,260
259,262,260
258,257,256
267,258,256
262,259,258
256,254,268
215,214,213
248,247,246
248,252,249
244,242,248
242,244,243
244,248,246
245,244,246
254,248,270
249,252,250
242,272,248
183,182,181
181,180,179
181,179,183
183,179,184
159,202,188
178,185,184
185,187,186
187,185,177
188,187,159
178,184,179
187,177,160
162,176,163
164,176,175
176,162,177
160,177,162
159,187,160
202,159,216
155,134,157
160,162,161
157,156,155
185,178,177
217,159,158
212,216,215
236,235,233
241,240,239
100,241,239
100,237,236
237,239,238
233,101,236
239,237,100
272,242,241
233,235,234
217,216,159
217,158,218
134,218,157
105,230,228
103,233,105
105,233,232
232,231,230
230,229,228
230,105,232
233,103,101
218,158,157
101,103,102
227,226,228
201,189,188
100,236,101
283,282,281
281,280,278
277,283,281
283,295,286
289,288,287
286,285,284
286,284,283
289,287,292
286,292,287
281,278,277
263,265,264
265,263,262
266,265,267
262,258,267
267,265,262
280,279,278
273,276,275
303,277,273
277,296,283
277,276,273
291,290,292
292,295,293
292,286,295
293,295,294
290,289,292
298,297,299
300,299,301
296,299,297
302,299,296
283,296,295
302,301,299
303,302,296
304,306,305
306,304,303
306,303,273
313,312,314
310,312,311
314,310,309
314,312,310
314,309,308
296,277,303
275,274,273
269,268,270
272,271,270
270,268,254
270,248,272
272,241,100
74,273,75
75,273,272
306,74,307
74,72,71
73,72,74
272,100,75
319,74,71
75,100,92
74,306,273
92,100,93
96,93,99
96,94,93
92,76,75
78,92,91
76,92,78
78,77,76
78,91,89
99,93,100
315,308,307
308,315,314
315,317,316
317,315,307
74,319,317
319,318,317
320,319,322
322,321,320
324,323,322
319,71,322
307,74,317
71,325,324
324,322,71
325,70,68
69,68,70
70,325,71
325,68,327
327,326,325
333,328,327
329,332,330
331,330,332
329,328,332
67,327,68
63,65,64
256,268,267
166,164,175
166,174,167
167,173,169
173,167,174
163,176,164
154,139,155
152,150,153
164,166,165
155,137,134
169,173,172
170,169,171
169,172,171
150,152,151
138,137,139
140,139,154
137,155,139
154,153,148
137,136,134
150,148,153
167,169,168
134,136,135
221,220,222
132,220,133
133,220,219
133,219,218
223,222,220
134,133,218
98,96,99
94,96,95
89,79,78
98,97,96
228,226,105
226,109,105
223,220,132
223,132,131
105,104,103
109,106,105
131,224,223
83,82,85
84,83,85
85,82,86
89,88,79
91,90,89
149,148,150
140,147,141
140,148,147
141,147,145
145,142,141
143,142,145
144,143,145
130,129,225
146,145,147
131,130,224
123,122,121
124,123,120
120,123,121
127,126,128
118,128,126
125,124,118
119,124,120
125,118,126
119,118,124
129,128,113
225,109,226
111,109,225
109,108,107
224,130,225
109,107,106
88,87,79
87,86,81
79,87,80
80,87,81
81,86,82
128,114,113
111,225,129
114,118,117
117,116,115
117,115,114
111,110,109
112,111,113
60,59,57
113,111,129
118,114,128
154,148,140
56,61,57
58,57,59
61,60,57
46,52,47
65,62,55
62,56,55
65,55,54
53,46,45
46,53,52
53,45,54
31,54,45
65,63,62
48,51,49
49,51,50
43,42,39
35,44,36
35,45,44
38,37,43
44,43,36
38,43,39
37,36,43
47,51,48
52,51,47
34,45,35
31,67,66
54,31,66
31,45,34
32,34,33
65,54,66
34,32,31
328,333,332
334,333,30
334,30,335
30,333,31
29,335,30
67,31,333
327,67,333
336,29,337
29,336,335
28,26,29
29,26,337
338,337,26
338,340,339
340,338,341
341,343,342
25,341,338
341,344,343
26,28,27
39,42,40
61,56,62
23,22,24
40,42,41
24,22,21
348,24,21
346,25,24
20,19,21
21,19,348
25,344,341
14,13,12
14,11,9
12,11,14
9,11,10
351,18,16
16,18,17
15,352,16
9,8,7
14,354,15
14,9,7
19,18,351
355,14,7
349,19,350
15,353,352
15,354,353
16,352,351
344,346,345
344,25,346
348,347,346
348,19,349
24,348,346
350,19,351
7,356,355
355,354,14
2,356,6
6,4,3
4,6,5
2,6,3
358,357,359
359,357,360
360,357,356
360,356,1
356,2,1
7,6,356
25,338,26
175,174,166
