# Greece region 10
42 39
# Outer Vertices
24.509159,37.953602
24.397499,38.007771
24.387770,37.964710
24.317209,38.017769
24.291109,38.082489
24.183331,38.125820
24.209440,38.164711
24.166109,38.227211
24.121111,38.216381
24.158331,38.270550
24.109720,38.304989
24.050831,38.362209
24.000000,38.401661
23.738331,38.401100
23.629950,38.460480
23.632771,38.521931
23.559719,38.580818
23.515551,38.585819
23.325270,38.758598
22.978331,38.884708
22.993330,38.853321
22.833050,38.823040
22.879440,38.873878
23.112221,38.988602
23.299721,39.038601
23.429991,38.947208
23.443331,38.878601
23.570829,38.784988
23.659719,38.754429
23.714439,38.764992
23.854160,38.674431
24.113331,38.665272
24.156940,38.648880
24.125549,38.627209
24.124161,38.597210
24.230829,38.524151
24.183880,38.444988
24.257219,38.217770
24.455549,38.139992
24.590269,38.155540
24.564159,37.987209
24.509159,37.953602
# Triangles
15,14,13
17,27,18
16,27,17
15,28,16
15,29,28
30,13,12
34,30,12
29,15,30
12,11,36
30,15,13
28,27,16
21,20,22
22,19,23
19,22,20
23,19,18
18,27,26
18,25,24
24,23,18
26,25,18
4,3,1
5,4,6
37,6,4
3,2,1
41,40,38
41,38,1
38,40,39
37,4,38
1,38,4
12,36,34
31,34,33
31,30,34
31,33,32
11,10,36
9,7,37
7,9,8
9,37,36
34,36,35
36,10,9
6,37,7
