# Iceland region 0
502 499
# Outer Vertices
-21.380270,65.956009
-21.279169,65.894974
-21.288610,65.839706
-21.350281,65.789978
-21.475000,65.764977
-21.339729,65.739700
-21.438061,65.688026
-21.589451,65.688026
-21.670280,65.760529
-21.770840,65.767471
-21.664721,65.676933
-21.648331,65.651093
-21.406389,65.632202
-21.436390,65.592758
-21.475000,65.556923
-21.333340,65.599983
-21.299450,65.582199
-21.303061,65.530807
-21.478889,65.444138
-21.212219,65.437187
-21.144171,65.238037
-21.098890,65.162483
-21.069731,65.194702
-21.105829,65.285248
-21.068890,65.338867
-21.097231,65.436653
-21.081671,65.456093
-20.916389,65.341637
-20.988890,65.468307
-20.945841,65.574142
-20.682501,65.691650
-20.626110,65.676361
-20.645559,65.546921
-20.613060,65.584976
-20.569450,65.576103
-20.547501,65.510803
-20.493059,65.487473
-20.446671,65.494980
-20.430559,65.542763
-20.527229,65.570251
-20.410839,65.592484
-20.395281,65.524139
-20.323610,65.648857
-20.263060,65.723587
-20.316111,65.808868
-20.309170,65.856087
-20.446951,66.024139
-20.420830,66.085823
-20.094999,66.124687
-19.869450,65.891922
-19.705000,65.864433
-19.647779,65.756088
-19.559450,65.733307
-19.548889,65.762482
-19.451950,65.725807
-19.398060,65.785248
-19.391109,65.836357
-19.513060,65.951920
-19.418329,65.999153
-19.456390,66.048859
-19.344721,66.083862
-19.055559,66.066650
-19.108330,66.106644
-19.069731,66.159973
-18.958611,66.189148
-18.910280,66.182480
-18.916950,66.145248
-18.865841,66.199982
-18.784451,66.191093
-18.805559,66.139420
-18.698610,66.167480
-18.626110,66.132477
-18.662220,66.086639
-18.567780,66.091919
-18.521111,66.028030
-18.540279,65.972748
-18.289450,65.910812
-18.180559,65.784416
-18.133610,65.704697
-18.069450,65.643311
-18.062780,65.686081
-18.103889,65.758873
-18.070280,65.838318
-18.145281,65.922760
-18.205561,65.921921
-18.315559,66.056641
-18.333059,66.151917
-18.210560,66.173027
-17.820841,66.112198
-17.559719,65.950813
-17.551941,65.973038
-17.438339,65.996368
-17.412220,65.957748
-17.358330,66.094704
-17.259171,66.127472
-17.271391,66.160538
-17.103609,66.212753
-16.968889,66.185532
-16.918329,66.118874
-16.724171,66.146362
-16.638340,66.100250
-16.688610,66.159416
-16.520559,66.183029
-16.428341,66.143044
-16.486389,66.178864
-16.416950,66.270813
-16.577499,66.474983
-16.555559,66.500809
-16.203060,66.504433
-16.178341,66.534416
-15.935280,66.498032
-15.937780,66.420532
-15.693330,66.365807
-15.686110,66.334137
-15.773060,66.287750
-15.625280,66.223862
-15.458610,66.188309
-15.381940,66.142761
-15.340830,66.175537
-15.342220,66.252762
-15.071670,66.298859
-14.943890,66.378860
-14.557530,66.383331
-15.001110,66.277206
-14.936390,66.211639
-14.976950,66.169693
-15.149170,66.136093
-15.154170,66.099136
-15.065560,66.096077
-15.052500,66.069977
-14.899720,66.028870
-14.730830,66.066093
-14.663330,66.043587
-14.605830,65.958038
-14.646950,65.889420
-14.892220,65.759140
-14.817780,65.721359
-14.381940,65.790817
-14.336940,65.783043
-14.398060,65.716919
-14.274720,65.671371
-14.531110,65.540817
-14.463060,65.554138
-14.324320,65.632782
-14.241950,65.658310
-14.000280,65.598862
-13.870280,65.612198
-13.810830,65.525253
-13.658330,65.531647
-13.611670,65.509979
-13.675560,65.373032
-13.833610,65.363586
-13.726950,65.334427
-13.745000,65.312187
-13.968060,65.276642
-13.698610,65.303040
-13.568610,65.266647
-13.639450,65.219421
-14.035000,65.193039
-13.622220,65.192467
-13.665280,65.151367
-13.684720,65.115250
-13.625000,65.096649
-13.535280,65.162750
-13.512220,65.159698
-13.497780,65.073029
-13.616110,64.992477
-13.779170,64.987762
-14.010280,65.073029
-14.009450,65.057480
-14.097780,65.030533
-14.217220,65.021927
-13.922500,65.012756
-13.708060,64.932747
-13.741950,64.912483
-14.051110,64.933868
-13.942220,64.903870
-13.802780,64.882202
-13.765280,64.861359
-13.826950,64.823593
-13.955000,64.839706
-13.900560,64.818588
-13.833610,64.799698
-14.030000,64.789978
-14.019170,64.757477
-14.014170,64.726357
-14.243060,64.688873
-14.388060,64.758591
-14.480000,64.791641
-14.341110,64.683594
-14.271110,64.672470
-14.280830,64.645813
-14.449450,64.642761
-14.405000,64.627197
-14.433060,64.593872
-14.557500,64.567200
-14.496950,64.546654
-14.345280,64.605530
-14.539450,64.406082
-14.746110,64.383034
-14.568330,64.411926
-14.701950,64.429428
-14.906390,64.315262
-14.943890,64.323029
-14.952780,64.301933
-14.891670,64.301651
-14.913330,64.272476
-15.001670,64.257202
-15.166390,64.282761
-15.220830,64.261368
-15.273060,64.326370
-15.278330,64.295532
-15.330830,64.303589
-15.371950,64.363037
-15.383890,64.277481
-15.709720,64.183029
-15.991110,64.141083
-15.990840,64.126083
-16.149170,64.056374
-16.443609,63.912769
-16.781950,63.841648
-16.783609,63.802761
-16.885281,63.864990
-16.911390,63.796650
-16.966949,63.784710
-16.940559,63.891102
-16.966669,63.917210
-17.017220,63.827209
-16.986111,63.794708
-17.565830,63.760818
-17.626110,63.745541
-17.716669,63.773880
-17.723061,63.746929
-17.870001,63.731930
-17.930559,63.661652
-17.798059,63.669708
-17.821671,63.638882
-17.962780,63.624710
-17.857220,63.605259
-17.928341,63.530819
-18.164450,63.470829
-18.219999,63.469990
-18.178890,63.505821
-18.307501,63.546101
-18.262220,63.457211
-18.868059,63.402760
-19.521669,63.484989
-19.893330,63.538052
-20.170561,63.536381
-20.338890,63.613880
-20.446110,63.667759
-20.501949,63.702209
-20.436390,63.640820
-20.539021,63.731579
-20.493580,63.777020
-20.311110,63.729710
-20.443609,63.783329
-20.402229,63.823040
-20.561390,63.751099
-20.564720,63.708050
-20.769171,63.767769
-20.686390,63.798870
-20.672779,63.842491
-20.714729,63.829430
-20.746389,63.798870
-20.978889,63.826649
-21.174721,63.875271
-21.194450,63.922771
-21.046391,63.939709
-21.195000,63.954708
-21.300560,63.918049
-21.206949,63.886101
-21.365561,63.849152
-21.639721,63.822769
-21.762779,63.869709
-22.282499,63.850269
-22.683611,63.803600
-22.698610,63.854710
-22.703060,63.910820
-22.631390,63.948040
-22.728340,63.968319
-22.725830,64.063873
-22.688610,64.084137
-22.589729,64.044418
-22.547501,63.977772
-21.976669,64.066650
-22.047501,64.097473
-21.973061,64.111359
-21.947500,64.098312
-21.919720,64.123871
-22.039169,64.152206
-21.930281,64.156921
-21.716110,64.176361
-21.775000,64.212753
-21.926109,64.228867
-21.754721,64.342758
-21.454170,64.394150
-21.732780,64.386917
-21.931950,64.306091
-22.092501,64.309418
-22.033340,64.344704
-21.984449,64.378036
-22.041109,64.396362
-21.978889,64.500809
-21.702499,64.608032
-21.514170,64.647476
-21.670280,64.658859
-21.988609,64.526642
-22.028891,64.521088
-22.073610,64.509140
-22.087780,64.468582
-22.250561,64.483871
-22.243059,64.568314
-22.341669,64.552750
-22.361670,64.599983
-22.440830,64.660248
-22.323610,64.672203
-22.190001,64.733582
-22.403891,64.668587
-22.392220,64.694427
-22.322781,64.743874
-22.327499,64.759140
-22.439720,64.779694
-22.450560,64.809418
-22.650280,64.771637
-22.667500,64.794983
-22.777229,64.796654
-23.131950,64.798027
-23.291389,64.826370
-23.565559,64.814148
-23.663891,64.737762
-23.932501,64.749420
-24.057831,64.889221
-23.833891,64.927200
-23.687780,64.892212
-23.313610,64.947746
-23.263340,64.922203
-23.222780,64.943314
-23.239170,64.990540
-23.190281,65.015808
-23.083611,65.005249
-23.160280,64.951920
-23.110001,64.918030
-23.111950,64.958862
-22.698610,65.059982
-22.674170,64.998871
-22.577499,64.975807
-22.625561,65.007751
-22.529449,65.050812
-21.791109,65.047470
-21.844999,65.067467
-21.729450,65.157471
-21.734171,65.196091
-21.808611,65.203308
-21.964729,65.126373
-22.070841,65.104713
-22.531389,65.185806
-22.441669,65.246643
-22.194170,65.321091
-21.815001,65.433594
-22.107780,65.525253
-22.178061,65.442467
-22.279720,65.440262
-22.384171,65.476929
-22.366949,65.503311
-22.177500,65.535248
-22.108891,65.594971
-22.325560,65.537201
-22.495001,65.504150
-22.555000,65.616638
-22.536110,65.571640
-22.573891,65.531082
-22.678341,65.526642
-22.716949,65.581917
-22.683611,65.622482
-22.763340,65.625809
-22.719999,65.501083
-22.887220,65.541367
-22.795280,65.589142
-22.850830,65.613037
-22.860001,65.584702
-22.912500,65.564697
-22.951111,65.607483
-23.014170,65.542213
-23.150280,65.547760
-23.160839,65.579422
-23.196671,65.562187
-23.194450,65.504150
-23.229170,65.482758
-23.652229,65.467758
-23.722780,65.417213
-23.907499,65.403030
-24.000000,65.444427
-24.054449,65.471359
-24.333611,65.493027
-24.509171,65.489433
-24.514999,65.513603
-24.376110,65.559418
-24.333059,65.629967
-24.157499,65.608032
-23.892220,65.518044
-23.806669,65.532471
-24.013060,65.594704
-24.083611,65.647202
-23.803341,65.607758
-24.126110,65.775818
-24.105829,65.806641
-23.575001,65.676361
-23.553341,65.641647
-23.561951,65.605797
-23.466949,65.640533
-23.296949,65.669418
-23.525280,65.697197
-23.516109,65.724983
-23.233891,65.772476
-23.521950,65.750809
-23.743610,65.776093
-23.870001,65.863037
-23.865841,65.892471
-23.821671,65.918869
-23.315559,65.859154
-23.740280,65.964706
-23.816111,66.009407
-23.801109,66.056641
-23.686670,66.060806
-23.523890,66.048309
-23.658340,66.104141
-23.662220,66.117477
-23.393610,66.094704
-23.595840,66.138313
-23.583891,66.158859
-23.371389,66.191933
-23.142220,66.138313
-23.107780,66.076103
-23.038891,66.106644
-22.981390,66.078583
-22.980829,66.022751
-22.965281,66.014420
-22.930559,66.047203
-22.845560,66.019150
-22.878059,65.974701
-22.813610,65.997757
-22.829720,65.912201
-22.783340,65.971649
-22.765280,66.047203
-22.680281,66.055252
-22.569450,65.973312
-22.621389,65.864433
-22.536390,65.969971
-22.458611,65.941650
-22.430000,65.887192
-22.468060,65.834137
-22.435841,65.838867
-22.358610,65.908043
-22.472780,66.053307
-22.383341,66.090813
-22.495001,66.076370
-22.912220,66.173576
-22.988890,66.226639
-22.821951,66.261093
-22.530560,66.245796
-22.368340,66.268311
-22.560841,66.271927
-22.506390,66.300537
-22.700560,66.292480
-22.709169,66.304703
-22.610001,66.367203
-22.809719,66.309418
-22.824450,66.345261
-22.938610,66.298576
-23.146111,66.329697
-23.190281,66.353317
-23.039450,66.363586
-23.049721,66.391083
-23.132231,66.427200
-23.093889,66.438873
-22.874170,66.415817
-22.879999,66.441650
-22.946390,66.464981
-22.451670,66.419144
-22.432501,66.448029
-22.407780,66.456650
-22.358061,66.392761
-22.204439,66.334976
-22.231951,66.274406
-21.928341,66.241638
-21.868059,66.192467
-21.745001,66.167480
-21.721670,66.072479
-21.644171,66.066650
-21.668610,66.020248
-21.621950,66.033859
-21.640280,66.080544
-21.549999,66.092758
-21.510830,66.061371
-21.559170,66.044693
-21.527781,66.019150
-21.391670,66.026093
-21.325001,65.998032
-21.321671,65.985527
-21.541389,65.952187
-21.380270,65.956009
# Triangles
333,332,331
330,333,331
334,333,330
334,329,335
327,336,328
330,329,334
335,329,328
328,336,335
327,341,337
337,336,327
339,337,341
326,343,342
337,339,338
341,327,342
327,326,342
278,277,279
280,282,281
276,279,277
279,276,284
284,283,279
276,275,284
282,280,279
282,279,283
345,326,325
326,344,343
344,326,345
325,324,323
346,323,348
323,346,325
325,346,345
339,341,340
399,393,400
391,400,392
390,389,401
391,390,401
388,410,389
395,394,397
397,396,395
394,398,397
391,401,400
393,399,394
404,402,401
404,401,389
388,387,386
411,388,386
356,355,357
347,346,348
384,383,385
383,382,385
377,376,378
370,369,371
372,371,374
372,374,373
385,411,386
348,323,321
301,300,298
302,301,303
312,311,309
313,312,314
311,310,309
317,309,308
312,309,317
317,308,307
301,297,303
285,288,287
289,288,274
289,291,290
288,285,274
285,287,286
292,273,272
274,292,289
273,292,274
272,271,270
285,275,274
270,292,272
289,292,291
294,293,295
299,298,300
292,296,295
292,295,293
304,303,297
292,270,296
301,298,297
305,296,21
304,297,296
314,316,315
320,319,318
316,314,312
321,320,317
317,348,321
317,320,318
317,316,312
322,321,323
362,364,363
369,368,367
365,364,362
361,365,362
365,361,360
357,355,358
349,317,307
359,358,354
350,349,351
305,304,296
349,305,351
349,306,305
18,351,20
348,317,349
307,306,349
353,352,359
366,360,359
352,18,359
359,354,353
18,352,351
17,15,14
17,14,18
359,18,11
18,20,19
365,360,366
21,351,305
354,358,355
296,270,269
284,275,285
14,11,18
399,398,394
389,409,404
404,407,406
407,404,409
409,408,407
404,403,402
392,400,393
418,417,419
405,404,406
416,415,419
416,419,417
423,422,421
420,419,415
412,411,413
389,410,409
385,414,411
382,381,379
379,375,442
388,411,410
385,382,414
442,382,379
433,420,414
413,411,414
420,415,414
440,442,441
442,440,437
440,438,437
437,414,382
382,442,437
420,425,421
379,381,380
414,437,436
423,421,424
420,428,425
420,433,428
425,427,426
425,428,427
430,429,428
425,424,421
432,428,433
431,430,428
473,475,474
471,470,472
428,432,431
436,435,434
436,434,433
457,459,458
440,439,438
475,473,476
472,470,469
476,472,469
473,472,476
468,476,469
477,476,468
468,466,477
466,479,477
436,433,414
378,375,379
375,378,376
447,374,369
447,375,374
9,366,359
9,453,366
367,452,369
486,453,9
369,452,451
369,374,371
451,447,369
447,451,448
446,445,447
447,445,443
443,442,447
450,449,451
454,453,455
367,453,452
448,451,449
9,8,490
447,442,375
9,359,10
7,6,4
14,13,11
4,8,7
11,13,12
359,11,10
4,3,501
501,500,4
3,2,501
500,8,4
1,501,2
4,6,5
490,8,500
367,366,453
497,499,498
459,457,456
444,443,445
460,459,456
461,460,455
461,455,484
455,460,456
462,461,463
464,463,466
466,468,467
466,465,464
463,479,466
479,482,481
479,463,461
481,480,479
461,482,479
477,479,478
461,484,482
491,500,495
495,492,491
490,500,491
490,489,488
500,499,497
500,496,495
488,9,490
493,495,494
484,455,453
484,483,482
485,484,453
492,495,493
488,487,486
485,453,486
9,488,486
497,496,500
15,17,16
255,250,249
255,247,257
249,248,255
248,247,255
257,247,52
258,261,259
259,261,260
254,250,255
254,251,250
257,256,255
251,254,253
252,251,253
245,54,246
243,242,237
241,240,242
244,243,245
239,237,242
238,237,239
239,242,240
243,237,234
236,235,234
234,237,236
234,233,243
79,231,229
229,231,230
232,231,233
243,54,245
246,54,247
233,79,243
268,267,266
268,266,265
263,265,264
263,262,268
268,265,263
21,20,351
296,268,21
269,268,296
21,262,22
268,262,21
27,24,22
27,22,36
22,24,23
227,226,229
229,228,227
231,79,233
36,22,257
262,261,258
223,225,224
257,262,258
221,220,222
225,222,226
222,225,223
226,219,218
226,222,220
220,219,226
218,217,216
216,100,218
226,218,100
79,229,226
22,262,257
213,216,215
204,207,206
210,209,208
207,203,208
211,210,212
207,204,203
203,213,210
210,213,212
208,203,210
201,203,202
188,213,203
206,205,204
201,188,203
214,213,215
200,198,196
198,200,199
196,195,200
198,197,196
200,195,201
193,192,194
192,195,194
188,195,192
191,190,189
192,191,189
186,185,184
184,183,186
187,186,171
175,186,183
195,188,201
188,192,189
175,171,186
183,180,175
176,175,180
187,171,188
181,183,182
177,176,179
178,177,179
176,180,179
180,183,181
171,170,158
172,171,175
168,158,170
170,169,168
142,171,158
158,161,160
168,167,161
161,158,168
175,174,172
188,171,141
173,172,174
188,136,213
167,166,161
158,160,159
166,165,162
162,165,163
162,161,166
158,157,154
155,157,156
154,153,151
155,154,157
164,163,165
144,158,154
216,213,103
152,151,153
24,26,25
27,26,24
36,257,37
32,29,27
38,41,40
32,27,35
54,243,79
29,32,30
29,28,27
31,30,32
34,32,35
34,33,32
38,40,39
38,37,41
51,42,41
52,51,41
42,51,43
257,52,41
89,82,80
52,54,53
78,54,79
41,37,257
52,247,54
75,55,54
49,43,51
43,45,44
55,61,56
75,78,77
81,80,82
78,75,54
82,89,88
36,35,27
43,49,45
49,51,50
45,49,48
45,47,46
57,56,58
58,60,59
60,58,56
45,48,47
61,60,56
61,64,63
63,62,61
65,64,66
66,64,61
61,69,66
75,74,73
73,72,75
72,69,61
87,84,83
84,87,85
75,61,55
69,72,70
68,67,69
69,67,66
83,88,87
86,85,87
72,71,70
83,82,88
72,61,75
77,76,75
80,79,89
89,91,90
91,89,92
135,117,213
136,135,213
141,139,136
226,92,79
89,79,92
130,135,134
100,216,103
92,94,93
117,135,127
128,127,129
98,92,100
134,131,130
131,134,132
127,135,129
130,129,135
134,133,132
171,142,141
100,92,226
145,144,154
143,142,158
151,147,145
150,149,148
145,147,146
148,147,150
150,147,151
139,138,137
144,143,158
139,141,140
136,139,137
188,141,136
95,94,96
98,94,92
96,94,98
100,99,98
100,102,101
103,105,104
100,103,102
97,96,98
107,106,105
105,111,108
111,105,103
109,108,111
111,110,109
108,107,105
103,114,111
117,116,115
115,103,213
120,126,125
126,119,118
120,119,126
118,117,127
115,213,117
124,123,125
114,113,112
112,111,114
120,123,121
122,121,123
125,123,120
115,114,103
126,118,127
145,154,151
