# Liberia region 0
116 113
# Outer Vertices
-10.266520,8.488701
-10.248890,8.487774
-10.162220,8.532219
-10.056670,8.504719
-10.063610,8.434719
-10.045280,8.421385
-9.952223,8.482218
-9.837778,8.491940
-9.773708,8.569677
-9.706667,8.432774
-9.694166,8.487774
-9.662500,8.489162
-9.627499,8.455551
-9.656111,8.389719
-9.581944,8.413885
-9.484444,8.346384
-9.517223,8.242773
-9.491388,8.175274
-9.462778,8.133886
-9.428333,8.058331
-9.410278,8.032774
-9.436111,7.931942
-9.355202,7.743592
-9.413334,7.489442
-9.484417,7.363657
-9.422501,7.424998
-9.390001,7.388610
-9.305058,7.416372
-9.204166,7.381387
-9.198055,7.312498
-9.097778,7.232498
-9.110910,7.193941
-8.928612,7.288054
-8.904167,7.253610
-8.839443,7.300276
-8.708055,7.518332
-8.723055,7.572221
-8.670547,7.696663
-8.557222,7.691665
-8.556110,7.618608
-8.468956,7.559873
-8.418333,7.501110
-8.361389,7.239442
-8.288055,7.180831
-8.358334,6.754166
-8.506111,6.594165
-8.606667,6.507776
-8.475277,6.435831
-8.454721,6.489998
-8.381943,6.442497
-8.408335,6.424998
-8.366943,6.354443
-8.289444,6.348054
-8.208055,6.298609
-8.073334,6.293331
-7.902223,6.278332
-7.822500,6.202776
-7.845278,6.082776
-7.773056,6.035831
-7.762501,5.950554
-7.685833,5.904444
-7.641945,5.919720
-7.458055,5.860831
-7.424722,5.844998
-7.415556,5.657221
-7.368333,5.572221
-7.436388,5.437220
-7.406389,5.364443
-7.367778,5.335554
-7.412778,5.285275
-7.464445,5.274720
-7.495277,5.101110
-7.554999,5.083332
-7.539444,4.940554
-7.588333,4.905831
-7.546667,4.424165
-7.563334,4.387220
-7.525561,4.351451
-7.722778,4.359721
-7.901668,4.481666
-8.252501,4.574443
-8.543335,4.751665
-8.986946,4.967499
-9.353056,5.210832
-9.503056,5.387499
-9.595001,5.431665
-9.583334,5.464721
-9.625000,5.498055
-9.849724,5.690276
-10.188610,5.997499
-10.345000,6.093887
-10.377500,6.167221
-10.464720,6.202221
-10.380280,6.126665
-10.562220,6.194443
-10.810560,6.306943
-10.772780,6.313332
-10.835560,6.448054
-11.279170,6.669721
-11.383890,6.736943
-11.366110,6.805832
-11.410280,6.851110
-11.498700,6.913198
-11.337780,7.092776
-11.355830,7.146943
-11.277500,7.224442
-11.098890,7.387220
-10.904170,7.509165
-10.684720,7.744442
-10.600440,7.773164
-10.603330,8.030552
-10.498060,8.136385
-10.355550,8.146385
-10.297220,8.198330
-10.294450,8.365829
-10.266520,8.488701
# Triangles
99,98,100
103,100,98
95,94,96
92,97,96
97,24,107
103,98,97
103,102,101
103,105,104
105,103,106
103,101,100
106,103,97
97,107,106
92,96,94
31,24,89
90,89,91
85,84,86
88,31,89
87,86,46
88,87,46
92,94,93
92,91,24
24,26,25
24,91,89
21,23,22
24,109,107
29,26,24
24,97,92
86,84,46
21,24,23
108,107,109
110,109,112
112,111,110
114,113,5
113,112,21
5,113,17
0,114,1
2,1,4
4,1,114
6,5,7
4,3,2
5,4,114
112,109,24
13,5,17
16,15,14
21,20,19
19,18,21
21,18,17
17,16,13
10,9,11
7,9,8
7,5,9
14,13,16
11,9,12
12,9,13
13,9,5
17,113,21
21,112,24
83,82,51
81,59,82
74,79,75
81,80,72
74,80,79
79,78,75
81,72,59
55,57,56
57,53,59
62,61,60
59,58,57
70,60,59
59,53,82
80,74,72
54,57,55
74,73,72
78,76,75
70,72,71
76,78,77
70,66,60
64,62,60
64,66,65
63,62,64
60,66,64
69,68,67
67,66,70
70,69,67
59,72,70
29,31,30
24,31,29
31,33,32
34,33,44
34,42,35
33,31,46
29,27,26
28,27,29
39,37,36
39,38,37
39,36,35
46,45,33
88,46,31
48,47,50
50,47,51
48,50,49
54,53,57
52,51,53
53,51,82
84,47,46
35,42,41
40,39,35
33,45,44
44,43,42
35,41,40
34,44,42
51,47,84
84,83,51
