# Monaco region 0
39 36
# Outer Vertices
7.391187,43.728031
7.390800,43.732201
7.390000,43.735802
7.388300,43.738899
7.386400,43.741901
7.386400,43.745602
7.387800,43.748600
7.390600,43.751400
7.393900,43.753899
7.397200,43.756100
7.400300,43.758598
7.403100,43.761398
7.406400,43.763599
7.409700,43.765800
7.412800,43.768299
7.416100,43.770599
7.420000,43.772499
7.424700,43.773102
7.429400,43.771400
7.432500,43.769199
7.434200,43.766102
7.435800,43.763100
7.438300,43.760300
7.440700,43.757824
7.436700,43.756699
7.433100,43.755001
7.430300,43.752201
7.427500,43.749199
7.425300,43.745800
7.423100,43.742500
7.420600,43.739201
7.417800,43.736099
7.415000,43.733299
7.410800,43.732201
7.406100,43.731400
7.400800,43.731400
7.396100,43.730598
7.391900,43.728901
7.391187,43.728031
# Triangles
1,38,37
3,2,35
1,36,2
37,36,1
9,35,34
35,8,3
36,35,2
9,34,33
4,3,5
6,5,3
3,7,6
8,7,3
35,9,8
10,29,11
11,29,12
31,10,9
28,13,12
9,33,31
10,31,30
29,10,30
28,12,29
13,28,27
25,24,21
26,25,18
27,26,14
13,27,14
16,15,26
16,18,17
18,16,26
14,26,15
21,24,22
18,20,19
20,18,25
25,21,20
24,23,22
31,33,32
