# Burundi region 0
70 67
# Outer Vertices
29.423590,-4.449472
29.385550,-4.154168
29.232491,-3.885000
29.246941,-3.594444
29.215509,-3.338160
29.215321,-3.336621
29.210550,-3.236667
29.240549,-3.110834
29.219160,-3.021111
29.148600,-2.996111
29.074440,-2.874722
28.987490,-2.810556
28.987770,-2.770000
29.024151,-2.744447
29.058880,-2.604722
29.140551,-2.589167
29.328880,-2.653612
29.349720,-2.808056
29.379440,-2.826111
29.443880,-2.795834
29.527491,-2.826667
29.571251,-2.800400
29.821939,-2.772778
29.899441,-2.705556
29.954710,-2.475000
29.946939,-2.321112
29.991100,-2.342500
30.007351,-2.339614
30.012510,-2.338699
30.035040,-2.350330
30.093611,-2.380556
30.132429,-2.425163
30.153601,-2.430556
30.224991,-2.338612
30.295980,-2.337023
30.352551,-2.335758
30.356150,-2.335677
30.381100,-2.299445
30.573750,-2.399401
30.435270,-2.643056
30.433599,-2.675278
30.489161,-2.670834
30.522461,-2.649637
30.457211,-2.723056
30.417490,-2.861945
30.485161,-2.946501
30.557220,-2.893889
30.742769,-2.989723
30.840269,-2.974167
30.831100,-3.118056
30.853880,-3.157500
30.834990,-3.256945
30.767490,-3.300000
30.678329,-3.316667
30.624161,-3.371389
30.663601,-3.386667
30.631660,-3.450556
30.449400,-3.548000
30.400829,-3.786111
30.335831,-3.774167
30.255831,-3.886945
30.207769,-4.026112
30.072769,-4.166667
30.044439,-4.246389
29.905830,-4.349723
29.812771,-4.360278
29.788851,-4.404400
29.711941,-4.454723
29.653130,-4.453653
29.423590,-4.449472
# Triangles
7,6,5
20,5,4
20,7,5
17,10,9
18,8,7
8,17,9
1,69,68
67,66,68
65,68,66
1,62,2
62,3,2
22,4,3
65,62,1
59,22,3
1,68,65
4,22,20
20,18,7
13,12,11
13,10,17
8,18,17
11,10,13
14,13,15
16,15,13
13,17,16
19,18,20
44,23,22
25,24,26
26,29,27
28,27,29
24,29,26
32,24,23
20,22,21
62,65,64
60,3,62
61,60,62
59,3,60
59,58,57
45,57,54
56,54,57
57,22,59
45,22,57
53,52,49
54,53,45
47,49,48
47,53,49
50,49,51
52,51,49
54,56,55
53,47,45
29,24,30
31,24,32
31,30,24
33,32,34
39,36,35
37,36,38
34,39,35
39,34,32
44,43,40
46,45,47
22,45,44
39,32,40
42,41,43
40,43,41
39,38,36
32,23,40
23,44,40
62,64,63
