# Belgium region 0
101 98
# Outer Vertices
3.370646,51.375549
3.363889,51.313599
3.439166,51.244431
3.524166,51.250542
3.524722,51.288319
3.793055,51.261929
3.806388,51.216930
3.957222,51.216091
4.214999,51.330269
4.230012,51.357220
4.293888,51.306381
4.236443,51.368771
4.239443,51.374149
4.413054,51.358040
4.437777,51.375259
4.396667,51.416931
4.411666,51.456928
4.549443,51.482761
4.541944,51.426651
4.671665,51.427479
4.769166,51.502769
4.825832,51.492210
4.844722,51.461369
4.816387,51.425541
4.782777,51.414700
4.940276,51.401371
5.041388,51.486649
5.104444,51.434978
5.077222,51.395260
5.143888,51.318600
5.237499,51.308319
5.238888,51.262211
5.457777,51.280540
5.855465,51.147820
5.802776,51.093319
5.775832,51.021099
5.722776,50.965260
5.759166,50.949150
5.683742,50.882191
5.698609,50.757771
6.008407,50.756069
6.028610,50.715820
6.108333,50.723309
6.171388,50.623871
6.268610,50.623600
6.200832,50.516380
6.366387,50.452209
6.400277,50.329151
6.173332,50.232479
6.131833,50.125530
6.106943,50.167759
5.980000,50.172211
5.819721,50.009708
5.808332,49.961102
5.731111,49.894150
5.753333,49.849152
5.746666,49.795269
5.820555,49.749149
5.899166,49.662762
5.839999,49.552212
5.783038,49.527271
5.705208,49.535229
5.473055,49.506100
5.423332,49.609150
5.307221,49.630810
5.329721,49.659981
5.276111,49.698589
5.216944,49.690540
5.097777,49.768589
4.858054,49.796379
4.881110,49.914700
4.800832,49.977760
4.851943,50.079430
4.876388,50.154980
4.757500,50.129429
4.673610,49.996380
4.458333,49.938591
4.168332,49.981369
4.150000,49.986370
4.226388,50.081100
4.137777,50.137760
4.216110,50.265270
4.090833,50.314430
3.763611,50.351929
3.725277,50.313599
3.671944,50.346371
3.668889,50.444149
3.602222,50.497211
3.367222,50.495541
3.280000,50.538319
3.281388,50.594151
3.193333,50.741371
3.113055,50.793320
3.035277,50.773869
2.901285,50.697048
2.781944,50.755550
2.629444,50.824711
2.612500,50.887211
2.541667,51.091099
2.971666,51.257488
3.370646,51.375549
# Triangles
90,89,88
7,87,86
88,87,90
90,87,91
97,96,95
99,97,95
93,95,94
91,2,92
99,95,93
99,93,92
3,91,87
78,77,79
79,77,76
74,76,75
79,76,81
85,84,83
85,83,86
79,81,80
81,76,74
10,82,81
82,7,86
83,82,86
73,13,74
74,13,81
97,99,98
2,1,92
99,92,1
5,3,6
3,2,91
87,6,3
87,7,6
1,100,99
9,8,10
4,3,5
7,10,8
11,10,12
12,10,13
14,13,19
13,10,81
7,82,10
24,19,13
14,16,15
14,18,16
16,18,17
24,20,19
18,14,19
23,21,20
23,20,24
73,24,13
65,64,63
63,62,61
66,65,54
63,54,65
73,72,70
72,71,70
73,29,24
73,68,54
68,70,69
68,73,70
67,66,68
66,54,68
56,63,61
56,54,63
56,61,57
56,55,54
57,59,58
59,57,60
54,53,52
54,52,73
50,49,48
39,52,51
48,51,50
73,52,39
61,60,57
45,51,48
29,31,30
29,73,31
31,38,32
38,31,39
32,38,36
25,24,29
21,23,22
26,28,27
28,26,25
25,29,28
73,39,31
41,45,43
39,41,40
43,45,44
42,41,43
45,48,46
51,45,41
38,37,36
36,35,34
34,33,32
36,34,32
39,51,41
47,46,48
