# Puerto Rico region 0
25 22
# Outer Vertices
-66.933060,17.928049
-67.091949,17.961109
-67.187233,17.932501
-67.201973,17.985830
-67.146118,18.199711
-67.259171,18.375549
-67.176682,18.400270
-67.178070,18.475830
-67.142227,18.511391
-66.557243,18.483891
-66.136948,18.478609
-66.107788,18.418880
-66.056396,18.429720
-66.115837,18.464439
-65.853058,18.439440
-65.625839,18.385830
-65.645844,18.205271
-65.751106,18.161940
-65.927513,17.970280
-66.237793,17.928049
-66.335564,17.976379
-66.390556,17.939720
-66.465302,17.986660
-66.763062,17.978609
-66.933060,17.928049
# Triangles
3,2,1
4,3,1
23,4,24
1,24,4
9,23,22
6,5,4
7,6,8
9,8,6
9,4,23
9,6,4
22,20,9
11,20,19
11,9,20
12,18,17
11,19,18
15,17,16
10,9,11
17,14,12
12,11,18
12,14,13
15,14,17
20,22,21
