# Falkland Islands (Islas Malvinas) region 1
69 66
# Outer Vertices
-36.087509,-54.889721
-36.287510,-54.753891
-36.342789,-54.653622
-36.482510,-54.571400
-36.465012,-54.533619
-36.527241,-54.495571
-36.616119,-54.516399
-36.809181,-54.449718
-36.836121,-54.393059
-36.903622,-54.365009
-36.863899,-54.345840
-37.035290,-54.336399
-37.190010,-54.252499
-37.404171,-54.269730
-37.392231,-54.243900
-37.321121,-54.233608
-37.407230,-54.191669
-37.244450,-54.151669
-37.485008,-54.129169
-37.567791,-54.142502
-37.529461,-54.162510
-37.655289,-54.181671
-37.717789,-54.143059
-37.658352,-54.104172
-37.718060,-54.092220
-37.616959,-54.048340
-37.834179,-54.031391
-38.018341,-54.059170
-38.028900,-54.009731
-37.583630,-54.003330
-37.440571,-54.030842
-37.423069,-54.060280
-37.281120,-54.049728
-37.174728,-54.053341
-37.116402,-54.049171
-37.147228,-54.113621
-36.989182,-54.051392
-36.980289,-54.080280
-37.032791,-54.110840
-37.019451,-54.122509
-36.816669,-54.085560
-36.816120,-54.144451
-36.735008,-54.098900
-36.626122,-54.118610
-36.636120,-54.148609
-36.708630,-54.169449
-36.708630,-54.183060
-36.561958,-54.190281
-36.676399,-54.276951
-36.498070,-54.275002
-36.496960,-54.350281
-36.430561,-54.308060
-36.346119,-54.361671
-36.397789,-54.246948
-36.257229,-54.286671
-36.255291,-54.376949
-36.166401,-54.372219
-36.160290,-54.444729
-36.007778,-54.498341
-36.095570,-54.542240
-36.068901,-54.570839
-35.893341,-54.549450
-35.937790,-54.695839
-35.782791,-54.765560
-35.909740,-54.813339
-36.099731,-54.763618
-35.990009,-54.830559
-35.956120,-54.860561
-36.087509,-54.889721
# Triangles
14,13,15
19,23,21
23,22,21
21,20,19
29,19,18
41,10,46
8,10,9
11,10,39
15,17,16
17,15,12
11,39,12
39,10,41
41,40,39
17,12,35
13,12,15
31,17,32
10,8,48
39,35,12
23,25,24
18,30,29
28,26,29
26,28,27
29,26,25
19,29,25
23,19,25
35,38,36
38,35,39
36,38,37
31,18,17
35,34,33
17,33,32
18,31,30
33,17,35
4,3,2
2,1,59
65,1,68
65,59,1
6,5,50
5,4,50
2,55,4
2,59,57
65,60,59
66,68,67
64,62,65
63,62,64
62,61,60
65,62,60
66,65,68
57,59,58
45,41,46
10,48,46
48,47,46
7,6,48
42,45,44
42,41,45
44,43,42
8,7,48
54,52,55
52,4,55
57,56,55
50,4,52
50,49,48
51,50,52
54,53,52
48,6,50
55,2,57
