# Falkland Islands (Islas Malvinas) region 2
73 70
# Outer Vertices
-60.589729,-52.240292
-60.650002,-52.233608
-60.690830,-52.115559
-60.818340,-52.108059
-60.721119,-52.167229
-60.775841,-52.177509
-61.030811,-52.023849
-60.890011,-52.030560
-60.819450,-52.034729
-60.747219,-52.014721
-60.846680,-51.960281
-60.561951,-51.978611
-60.460011,-51.970840
-60.406391,-51.928890
-60.408340,-51.907501
-60.520000,-51.945560
-60.603901,-51.927219
-60.495560,-51.922501
-60.444172,-51.848068
-60.452221,-51.797501
-60.388069,-51.766399
-60.345558,-51.860851
-60.301392,-51.754719
-60.222778,-51.787788
-60.178341,-51.715000
-60.345840,-51.706951
-60.415840,-51.752232
-60.542229,-51.800289
-60.642502,-51.717789
-60.635281,-51.673618
-60.468609,-51.702782
-60.226952,-51.651669
-60.078060,-51.697498
-60.137501,-51.664730
-60.490559,-51.531952
-60.513062,-51.502781
-60.501122,-51.483341
-60.391941,-51.495289
-60.417782,-51.458061
-60.613892,-51.416950
-60.645000,-51.360561
-60.491669,-51.383900
-60.148338,-51.491680
-59.985008,-51.467789
-60.093609,-51.443069
-60.027229,-51.382511
-59.751110,-51.449169
-59.494999,-51.391949
-59.562778,-51.438351
-59.527779,-51.464169
-59.400280,-51.437229
-59.397781,-51.422501
-59.448330,-51.363621
-59.403061,-51.336399
-59.212780,-51.405849
-59.281399,-51.419170
-59.256401,-51.446400
-59.316391,-51.500011
-59.372219,-51.498341
-59.389450,-51.594730
-59.432240,-51.623341
-59.523899,-51.621391
-59.868061,-51.950279
-59.982780,-51.993900
-60.060280,-51.940289
-60.078609,-51.998901
-60.200840,-51.972778
-60.286949,-52.005280
-60.263889,-52.074451
-60.368061,-52.159180
-60.550560,-52.112789
-60.496948,-52.186390
-60.589729,-52.240292
# Triangles
3,5,4
5,3,6
3,2,9
6,3,7
9,8,3
9,11,10
3,8,7
2,11,9
1,0,70
12,70,69
71,70,0
11,2,70
67,13,12
16,15,17
11,70,12
70,2,1
30,29,28
28,27,30
40,39,41
34,36,35
41,39,38
19,18,20
18,21,20
14,21,18
18,17,14
31,30,25
26,25,30
38,37,42
27,26,30
37,36,34
14,17,15
38,42,41
14,13,21
67,21,13
67,69,68
67,66,21
25,24,31
23,22,21
21,66,23
34,33,37
23,66,64
12,69,67
32,23,64
63,62,64
64,62,32
32,31,24
32,62,46
24,23,32
61,60,49
33,32,43
33,42,37
64,66,65
62,61,46
46,43,32
61,48,46
48,61,49
42,33,43
43,46,45
44,43,45
48,47,46
58,50,49
58,57,50
55,57,56
52,51,53
55,54,53
55,51,50
55,53,51
50,57,55
58,49,59
49,60,59
