# Falkland Islands (Islas Malvinas) region 0
100 97
# Outer Vertices
-59.363892,-52.339451
-59.714161,-52.100521
-59.586121,-52.077511
-59.636681,-52.008900
-59.559170,-52.016109
-59.588058,-51.985561
-59.521118,-51.969730
-59.603889,-51.941669
-59.596119,-51.921669
-59.489170,-51.935841
-59.488892,-51.908619
-59.521679,-51.879719
-59.081120,-51.690281
-59.052219,-51.693062
-59.043060,-51.817791
-58.985001,-51.798889
-58.985001,-51.652779
-59.160278,-51.594181
-59.172779,-51.575569
-59.108891,-51.501678
-59.043892,-51.584171
-59.009171,-51.569172
-59.047501,-51.520561
-58.985840,-51.508339
-59.120831,-51.466949
-59.099720,-51.414169
-58.875278,-51.379452
-58.865841,-51.359169
-58.948620,-51.258610
-58.622219,-51.346951
-58.579731,-51.309448
-58.471390,-51.306679
-58.347778,-51.364170
-58.320278,-51.420280
-58.420841,-51.451950
-58.485001,-51.395000
-58.550289,-51.433620
-58.502232,-51.447231
-58.517792,-51.501110
-58.431110,-51.477779
-58.375000,-51.561390
-58.287220,-51.564171
-58.259449,-51.632790
-58.226952,-51.654449
-58.247219,-51.600559
-58.168621,-51.607220
-58.291950,-51.481949
-58.341671,-51.513618
-58.356670,-51.497509
-58.265282,-51.406109
-57.942780,-51.371391
-57.873890,-51.401669
-57.825840,-51.474720
-57.764172,-51.532230
-57.791111,-51.549171
-58.079441,-51.523060
-58.143341,-51.547501
-58.047501,-51.588341
-57.793621,-51.612511
-57.764172,-51.634998
-57.899731,-51.677780
-57.731392,-51.692219
-58.101391,-51.762218
-58.142780,-51.788059
-58.189171,-51.812500
-58.303059,-51.861950
-58.595558,-51.899441
-58.868061,-51.851391
-58.930561,-51.800571
-58.966389,-51.820560
-58.975281,-51.853069
-58.787220,-51.960560
-58.638889,-51.962502
-58.603889,-52.001400
-58.668621,-52.031960
-58.634731,-52.111389
-58.678890,-52.116112
-58.732510,-52.048618
-58.847778,-52.041389
-58.899731,-52.093060
-58.930561,-52.100288
-58.996948,-52.032230
-59.243610,-51.991119
-59.295841,-52.007511
-59.293331,-52.027229
-59.195011,-52.028061
-59.078609,-52.100559
-59.154171,-52.138630
-59.137501,-52.154171
-59.037220,-52.137779
-59.095840,-52.176670
-59.048351,-52.209450
-59.067219,-52.231392
-59.292500,-52.157501
-59.384731,-52.116390
-59.452782,-52.145279
-59.430279,-52.215012
-59.343342,-52.250011
-59.329731,-52.333340
-59.363892,-52.339451
# Triangles
96,95,2
4,95,6
0,98,97
0,97,96
96,1,0
84,94,93
1,96,2
3,2,4
6,95,94
4,2,95
83,94,84
94,83,9
93,88,87
93,87,85
90,92,91
92,90,88
88,93,92
88,90,89
85,87,86
81,78,70
82,81,14
85,84,93
82,10,83
8,7,6
10,9,83
11,10,12
6,9,8
4,6,5
10,82,12
18,17,19
17,20,19
6,94,9
14,13,12
15,14,70
69,68,15
70,69,15
14,12,82
16,15,68
21,16,23
16,21,20
26,23,16
25,23,26
23,22,21
20,17,16
25,24,23
67,16,68
14,81,70
79,81,80
71,78,77
70,78,71
76,75,74
76,74,77
71,77,74
71,74,72
38,67,66
74,73,72
65,40,66
38,16,67
43,64,63
43,42,65
43,63,62
62,61,60
43,62,45
57,62,60
65,42,40
57,60,58
45,56,46
45,62,57
45,57,56
44,43,45
58,60,59
65,64,43
41,40,42
36,38,37
38,36,26
40,39,38
32,35,34
16,38,26
26,29,27
26,36,29
30,35,31
30,29,36
32,31,35
35,30,36
29,28,27
38,66,40
46,48,47
55,54,52
49,56,55
53,52,54
33,32,34
48,46,49
56,49,46
55,50,49
50,55,51
52,51,55
81,79,78
