# Central African Republic region 0
252 249
# Outer Vertices
22.767490,10.955000
22.881161,10.923910
23.009439,10.698610
23.303881,10.459160
23.669161,9.866940
23.694710,9.671663
23.626101,9.546108
23.652210,9.279997
23.492769,9.174164
23.448601,9.024998
23.485270,8.968885
23.528610,8.957497
23.565269,9.005276
23.583050,8.988607
23.581659,8.906107
23.504160,8.801386
23.517771,8.714165
24.230820,8.697218
24.253330,8.691107
24.269159,8.583052
24.165819,8.477774
24.140270,8.375828
24.177219,8.316107
24.350830,8.249163
24.459990,8.271385
24.534990,8.208052
24.804440,8.192776
24.855080,8.169741
24.969990,8.023331
25.053881,7.921109
25.148880,7.893054
25.225550,7.872775
25.286381,7.783332
25.296101,7.649999
25.189989,7.592776
25.206940,7.497498
25.331100,7.425276
25.374161,7.339442
26.048330,6.998331
26.094440,6.850276
26.396660,6.655276
26.384991,6.589165
26.306101,6.449442
26.301380,6.392498
26.523609,6.221109
26.523609,6.173609
26.450821,6.116109
26.437490,6.077776
26.514160,6.109720
26.612209,6.014443
26.808611,5.979999
26.829439,5.904998
27.142771,5.771943
27.281940,5.548887
27.237770,5.438887
27.295549,5.235831
27.458050,5.083610
27.455860,5.017143
27.419439,5.074720
27.096380,5.202776
26.945271,5.146110
26.872490,5.031387
26.646379,5.081110
26.500549,5.044721
26.163601,5.229999
26.088329,5.240554
26.031111,5.191109
25.973320,5.231665
25.905270,5.165832
25.875820,5.217498
25.795830,5.236386
25.520830,5.347498
25.361940,5.314720
25.310551,5.191109
25.323601,5.057498
25.227770,5.006943
25.112770,4.998054
25.075821,4.947220
24.977209,4.987776
24.672770,4.918054
24.525551,5.077221
24.453600,5.106387
24.431660,5.065275
24.394159,5.115554
24.354990,5.059998
24.401939,5.035275
24.151939,4.899999
24.105551,4.919998
23.709160,4.775831
23.449989,4.658887
23.426380,4.591943
23.272221,4.624720
23.186661,4.724442
23.022499,4.743053
22.979160,4.828609
22.890829,4.819165
22.855829,4.706943
22.792770,4.723609
22.726660,4.622775
22.694160,4.493053
22.601379,4.477221
22.587219,4.411665
22.613050,4.369164
22.468050,4.155276
22.391380,4.128609
22.259720,4.134165
21.925819,4.234164
21.658600,4.299165
21.551941,4.245831
21.355270,4.279999
21.282770,4.334165
21.172211,4.303886
20.984440,4.426664
20.838600,4.449164
20.614719,4.408053
20.576099,4.414721
20.456381,4.519165
20.370270,4.725831
20.281111,4.792220
19.865829,5.041665
19.838329,5.088331
19.566380,5.150276
19.398331,5.119998
19.284109,5.027812
19.088881,4.918054
18.816099,4.526387
18.776661,4.423331
18.714710,4.370275
18.582211,4.370553
18.541941,4.335554
18.537769,4.299165
18.591379,4.231110
18.648880,4.002499
18.594990,3.769166
18.625999,3.478856
18.548880,3.553332
18.533331,3.598888
18.481380,3.641943
18.398050,3.577499
18.272499,3.583055
18.233879,3.499166
18.183880,3.482777
18.143881,3.550832
18.049440,3.566388
17.988880,3.539166
17.938881,3.577499
17.864990,3.536110
17.759991,3.630555
17.579439,3.648333
17.493601,3.710833
17.413879,3.679721
17.356100,3.615277
17.077221,3.576666
16.987770,3.535277
16.876659,3.565832
16.861940,3.524444
16.699160,3.545277
16.588881,3.481943
16.482771,3.156666
16.501659,2.849443
16.206409,2.221102
16.164440,2.300277
16.091940,2.656388
16.115160,2.705832
16.078051,2.706110
16.071659,2.796666
16.112770,2.823333
16.110550,2.864166
15.938890,3.106110
15.869440,3.105555
15.260270,3.673888
15.076940,3.920555
15.043890,4.029165
15.190830,4.046943
15.122890,4.114404
15.102770,4.171943
15.043890,4.362220
14.892220,4.476665
14.732770,4.623054
14.703050,4.858609
14.687590,5.114281
14.531660,5.293610
14.601110,5.420553
14.589160,5.604165
14.624440,5.697776
14.621660,5.839165
14.592770,5.930553
14.563330,5.910831
14.485000,5.919998
14.414440,6.044165
14.488050,6.129720
14.740270,6.262499
14.805000,6.346665
14.958610,6.733609
15.059160,6.778609
15.239720,7.246109
15.460270,7.395832
15.429160,7.428886
15.499100,7.526431
15.518610,7.518332
15.689160,7.523888
15.782770,7.457776
16.251381,7.637220
16.404470,7.678845
16.403601,7.779999
16.564440,7.873331
16.563330,7.814998
16.629160,7.756665
16.629990,7.676943
16.817419,7.545971
16.946659,7.645276
17.165819,7.728054
17.391380,7.877775
17.708469,7.984979
17.883600,7.958332
18.046101,8.016665
18.588881,8.040274
18.624990,8.067219
18.636660,8.145830
18.686661,8.214163
18.809441,8.260830
19.062210,8.576941
19.125820,8.672773
18.884081,8.835037
18.929440,8.920551
19.109440,9.013609
19.388880,8.997217
19.864990,9.046942
20.067490,9.135275
20.328880,9.104441
20.455549,9.157774
20.501940,9.280552
20.667770,9.298330
20.659161,9.342773
20.706659,9.364162
20.953320,9.589996
20.996941,9.685274
21.269440,9.981108
21.342220,9.958607
21.408331,10.006940
21.477209,10.151110
21.673880,10.242770
21.718880,10.332500
21.700821,10.526940
21.723881,10.641940
22.003880,10.734720
22.014999,10.807770
22.063881,10.834160
22.184441,10.818890
22.201929,10.870270
22.466101,11.001390
22.767490,10.955000
# Triangles
163,166,165
164,163,165
170,169,168
167,166,159
168,167,158
162,159,163
159,162,161
160,159,161
159,158,167
157,168,158
166,163,159
170,168,157
176,175,173
172,171,173
179,178,177
177,176,179
180,179,176
175,174,173
154,176,156
156,155,154
154,152,150
153,152,154
150,152,151
157,173,170
170,173,171
209,176,154
150,149,154
176,173,156
173,157,156
154,149,209
147,130,149
147,145,130
143,145,144
146,145,147
145,143,130
143,142,139
140,139,142
135,134,136
139,138,137
137,136,133
130,143,139
134,133,136
140,142,141
137,133,139
131,130,132
132,130,139
139,133,132
149,129,209
127,126,128
128,126,125
129,149,130
116,115,114
113,112,117
116,114,113
124,128,125
117,116,113
95,118,117
118,95,230
209,129,128
149,148,147
189,188,190
190,186,191
186,190,188
188,187,186
184,183,182
185,184,192
180,184,182
182,181,180
192,184,180
192,191,185
194,193,192
192,176,194
180,176,192
185,191,186
197,196,199
196,195,194
201,209,202
200,196,201
199,198,197
199,196,200
194,201,196
203,208,206
208,203,209
211,210,209
203,202,209
204,206,205
204,203,206
208,207,206
194,209,201
209,194,176
212,211,214
214,213,212
214,122,216
216,215,214
218,217,219
216,121,217
214,211,124
124,123,122
220,120,229
219,217,220
220,217,121
122,121,216
220,121,120
119,118,120
122,214,124
211,209,124
224,223,222
222,221,227
224,222,225
226,225,222
229,228,227
226,222,227
227,221,229
230,229,120
232,231,230
120,118,230
234,233,232
235,232,16
234,232,235
16,232,230
221,220,229
235,238,236
128,124,209
95,117,112
106,105,100
112,110,107
109,107,110
107,109,108
112,107,95
106,100,107
104,103,101
102,101,103
101,100,105
100,99,98
100,98,107
101,105,104
97,107,98
95,97,96
89,91,90
89,92,91
16,95,94
93,92,94
88,94,92
92,89,88
97,95,107
94,87,83
87,86,84
85,84,86
84,83,87
82,81,83
37,83,81
87,94,88
83,22,94
16,230,95
79,78,80
77,76,78
78,76,73
80,78,72
73,76,75
74,73,75
72,78,73
58,57,56
62,64,63
55,58,56
60,62,61
60,51,62
69,67,70
69,68,67
67,66,65
39,72,71
70,47,71
70,67,47
67,65,47
47,65,64
60,54,52
54,59,55
59,58,55
52,54,53
50,49,51
51,60,52
64,51,49
64,62,51
60,59,54
81,72,37
72,81,80
47,64,49
15,10,9
9,235,15
15,11,10
238,237,236
238,9,239
9,238,235
8,241,9
15,235,16
12,11,13
14,13,11
11,15,14
6,8,7
5,4,6
8,6,3
4,3,6
240,239,241
245,242,248
9,241,239
244,243,245
246,245,247
243,242,245
242,241,2
247,245,248
2,248,242
3,2,241
248,2,251
249,248,250
250,248,251
2,1,251
8,3,241
38,37,39
39,37,72
71,43,39
42,39,43
35,34,25
35,37,36
34,33,32
37,35,83
44,43,46
47,49,48
46,45,44
41,40,39
41,39,42
46,43,47
16,94,22
22,21,16
24,23,25
23,22,83
20,17,16
17,20,19
19,18,17
21,20,16
29,34,30
32,31,30
23,35,25
26,25,28
28,27,26
25,29,28
34,29,25
30,34,32
35,23,83
71,47,43
112,111,110
