# Oman region 1
94 91
# Outer Vertices
55.694012,22.288589
55.694012,23.796150
56.024620,24.206100
56.024620,25.039221
56.375820,24.964439
56.594711,24.518330
56.907490,24.140551
57.117210,23.970270
57.324162,23.886940
57.887211,23.718050
58.100269,23.717220
58.333881,23.616659
58.455818,23.622499
58.500820,23.656940
58.609440,23.633051
58.635540,23.578329
58.773319,23.527769
58.799709,23.424440
58.860821,23.370001
59.032768,23.118610
59.242489,22.929991
59.295269,22.795561
59.507771,22.594160
59.524429,22.566660
59.665539,22.559990
59.722759,22.500549
59.763882,22.494160
59.746658,22.535271
59.804989,22.535830
59.836102,22.479160
59.834991,22.355000
59.783871,22.188330
59.675541,22.016939
59.595539,21.888880
59.346100,21.441669
59.159988,21.351940
58.898319,21.115280
58.792759,20.927490
58.676929,20.824440
58.669991,20.758610
58.708321,20.760559
58.594440,20.649990
58.530819,20.460270
58.476379,20.391109
58.274429,20.366381
58.197769,20.414989
58.212769,20.458611
58.238319,20.429159
58.258041,20.601110
58.205818,20.610270
57.960819,20.407780
57.963600,20.322220
57.855549,20.259439
57.821098,20.182220
57.844990,20.138330
57.814758,20.002720
57.687771,19.705549
57.773880,19.390551
57.744431,19.276381
57.841648,19.019440
57.813320,18.981939
57.247211,18.914160
56.884430,18.788330
56.641930,18.573879
56.554989,18.128050
56.461380,18.080271
56.353321,17.934170
56.198318,17.953880
55.627769,17.886940
55.430271,17.821659
55.365261,17.683050
55.262760,17.609989
55.228870,17.475281
55.285259,17.442770
55.303051,17.375830
55.204151,17.173611
55.065269,17.036659
54.795818,16.945551
54.651100,17.025000
54.085541,17.011391
53.971371,16.903330
53.822208,16.884720
53.654709,16.775270
53.553322,16.748610
53.171379,16.676941
53.078251,16.643860
52.710270,17.080271
52.746380,17.336941
52.611660,17.532221
51.904148,18.545280
51.999149,18.998880
56.011391,21.230650
56.011391,22.288589
55.694012,22.288589
# Triangles
85,84,86
83,82,81
84,83,87
87,83,81
86,84,87
88,87,79
88,79,71
79,87,81
80,79,81
71,79,78
78,76,72
72,76,75
72,74,73
74,72,75
72,71,78
71,70,69
71,69,88
67,66,65
68,67,63
88,69,90
78,77,76
91,69,68
89,88,90
91,68,63
69,91,90
49,92,91
65,63,67
93,92,1
2,1,6
2,4,3
5,4,2
92,7,1
64,63,65
56,62,61
91,62,56
60,58,61
61,58,56
57,56,58
2,6,5
6,1,7
92,8,7
9,8,92
56,55,53
56,53,91
59,58,60
91,63,62
55,54,53
52,51,50
50,91,52
92,49,9
47,46,45
48,47,43
47,45,44
49,48,38
49,91,50
43,42,48
42,41,48
41,40,39
41,38,48
38,41,39
38,37,36
36,49,38
35,34,33
36,35,19
49,36,9
43,47,44
35,33,21
15,17,16
19,17,11
19,18,17
21,20,19
17,15,12
9,11,10
9,36,11
15,13,12
13,15,14
11,17,12
11,36,19
25,30,26
32,31,23
23,31,25
30,29,26
30,25,31
26,29,28
21,23,22
21,33,23
24,23,25
28,27,26
19,35,21
32,23,33
52,91,53
