# Syria region 0
116 113
# Outer Vertices
42.366089,37.110180
42.373852,37.059639
41.835258,36.598869
41.403042,36.525539
41.290272,36.355549
41.254990,36.054989
41.378040,35.838589
41.383869,35.625259
41.277760,35.495541
41.211369,35.194698
41.229149,34.788319
41.003880,34.419430
40.277481,34.077770
38.794552,33.377232
38.722759,33.340542
38.449711,33.197479
38.177761,33.053871
37.906368,32.909431
37.636101,32.763882
37.367489,32.618038
37.098591,32.470268
36.837761,32.313599
36.674709,32.343601
36.400261,32.381939
36.324989,32.451099
36.080269,32.538879
35.939980,32.699162
35.793598,32.744148
35.633450,32.686508
35.599171,32.715031
35.631649,32.749989
35.639400,32.814480
35.614819,32.897160
35.622478,32.987759
35.590542,33.017761
35.639431,33.049709
35.669708,33.251659
35.619282,33.248661
35.810539,33.360821
35.824429,33.402210
36.059151,33.579430
36.052761,33.598042
35.934978,33.646099
35.971088,33.718868
36.111099,33.834709
36.382511,33.833309
36.283329,33.917759
36.420818,34.051651
36.624981,34.203869
36.589710,34.238041
36.600540,34.309429
36.559151,34.323601
36.551090,34.426090
36.424431,34.501659
36.338871,34.519711
36.429150,34.606930
36.378040,34.638599
36.344429,34.689152
36.308590,34.682758
36.305538,34.668049
36.153591,34.638599
35.970718,34.649509
35.933041,34.735538
35.874710,34.908329
35.896568,35.005760
35.924992,35.171101
35.959431,35.198318
35.919991,35.421101
35.725269,35.573601
35.783039,35.622761
35.802212,35.681931
35.845539,35.741650
35.799160,35.843880
35.856659,35.844711
35.923241,35.926769
36.005821,35.930538
36.017200,35.878319
36.174160,35.821659
36.219151,35.960270
36.373890,36.013210
36.382511,36.222858
36.440819,36.206379
36.493599,36.230808
36.554989,36.223042
36.692211,36.239151
36.690262,36.286381
36.618591,36.357491
36.580818,36.400539
36.553600,36.498600
36.660259,36.833599
36.955540,36.771099
37.043049,36.714432
37.024429,36.658039
37.076931,36.621651
37.127480,36.659149
37.442478,36.639980
37.505550,36.659710
37.818600,36.760818
38.181099,36.905819
38.390820,36.896648
38.726372,36.702209
38.860538,36.697762
39.205818,36.665531
39.439232,36.698841
39.809978,36.751381
40.048321,36.835541
40.400261,36.990261
40.775539,37.118320
41.141102,37.094429
41.400539,37.076931
41.840260,37.129978
42.063599,37.196651
42.207870,37.322182
42.249710,37.278870
42.345261,37.238590
42.366089,37.110180
# Triangles
33,32,27
28,27,30
31,30,27
27,32,31
28,30,29
33,27,35
35,34,33
38,36,35
40,39,38
37,36,38
38,35,26
27,26,35
42,41,43
43,41,44
40,38,26
40,24,45
26,24,40
24,26,25
45,24,20
41,40,45
53,52,55
48,47,45
47,46,45
44,41,45
54,53,55
22,24,23
64,63,62
60,64,62
65,64,66
62,61,60
58,66,64
77,71,67
69,68,67
71,73,72
70,69,67
76,74,73
76,73,71
67,71,70
67,66,77
58,57,66
58,60,59
77,76,71
56,55,57
57,77,66
57,79,77
79,57,55
75,74,76
77,79,78
81,80,79
83,81,79
82,81,83
79,55,84
60,58,64
52,84,55
20,19,45
49,48,50
21,20,22
18,48,45
18,45,19
50,48,14
52,51,50
83,79,84
95,84,52
86,92,88
93,85,84
52,50,100
85,92,86
18,17,48
22,20,24
14,48,15
15,48,16
13,100,50
12,11,9
102,13,12
13,50,14
10,9,11
5,8,6
9,8,104
12,9,104
5,4,106
6,8,7
8,5,104
48,17,16
3,108,4
88,92,90
94,93,95
95,52,96
96,52,100
93,84,95
13,102,101
13,101,100
89,88,90
90,92,91
97,100,98
99,98,100
96,100,97
92,85,93
103,12,104
104,5,105
4,108,107
106,105,5
111,2,1
2,110,109
3,109,108
102,12,103
107,106,4
110,2,111
115,114,113
112,111,113
113,111,115
115,111,1
3,2,109
87,86,88
