# Tonga region 3
33 30
# Outer Vertices
-174.250305,-19.657200
-174.259399,-19.652201
-174.260803,-19.651899
-174.264999,-19.648899
-174.269196,-19.646700
-174.273895,-19.643299
-174.277802,-19.638901
-174.281906,-19.634399
-174.285004,-19.629400
-174.287506,-19.623600
-174.290604,-19.618601
-174.292206,-19.612200
-174.293900,-19.607201
-174.293900,-19.601101
-174.291901,-19.594400
-174.286407,-19.591400
-174.279999,-19.592800
-174.277496,-19.596901
-174.274994,-19.601900
-174.274200,-19.606899
-174.271698,-19.613300
-174.269394,-19.618299
-174.266098,-19.623301
-174.263107,-19.629200
-174.259201,-19.633101
-174.252808,-19.635599
-174.246399,-19.638901
-174.241699,-19.642799
-174.239197,-19.646900
-174.238907,-19.651100
-174.240601,-19.654400
-174.244400,-19.656099
-174.250305,-19.657200
# Triangles
20,10,9
10,19,11
20,9,21
22,7,6
9,8,21
7,22,8
6,5,23
19,10,20
17,14,13
17,15,14
13,12,18
18,17,13
16,15,17
12,19,18
12,11,19
25,3,1
3,2,1
26,1,0
31,30,29
29,28,31
0,31,27
31,28,27
23,22,6
5,24,23
21,8,22
4,24,5
24,3,25
4,3,24
26,25,1
0,27,26
