# Tonga region 0
34 31
# Outer Vertices
-174.646896,-18.830299
-174.653595,-18.830299
-174.657806,-18.828600
-174.659195,-18.827801
-174.666107,-18.826401
-174.666901,-18.825800
-174.666702,-18.824400
-174.668594,-18.820801
-174.671097,-18.816401
-174.673096,-18.812799
-174.673904,-18.808599
-174.675003,-18.804399
-174.674698,-18.800800
-174.674194,-18.794201
-174.670807,-18.790300
-174.665298,-18.787201
-174.660294,-18.785801
-174.655502,-18.783899
-174.649704,-18.783100
-174.645599,-18.785601
-174.644394,-18.788300
-174.642502,-18.791901
-174.639206,-18.795799
-174.634705,-18.800301
-174.629196,-18.802799
-174.624496,-18.806700
-174.623093,-18.809401
-174.624496,-18.814199
-174.626999,-18.818100
-174.630295,-18.823299
-174.634705,-18.825800
-174.638596,-18.827499
-174.641693,-18.828600
-174.646896,-18.830299
# Triangles
8,10,9
22,8,7
8,22,10
6,4,3
4,6,5
3,7,6
22,7,3
11,10,12
14,13,12
12,10,16
14,12,15
15,12,16
10,21,16
16,21,17
3,2,33
33,32,3
23,3,32
31,23,32
30,29,28
23,30,28
30,23,31
27,24,28
20,18,17
19,18,20
17,21,20
25,24,27
22,3,23
23,28,24
27,26,25
10,22,21
33,2,1
