# Tonga region 1
177 174
# Outer Vertices
-175.145294,-21.268101
-175.149704,-21.267799
-175.157806,-21.267799
-175.165802,-21.266399
-175.173599,-21.264999
-175.179993,-21.262199
-175.184204,-21.258101
-175.186401,-21.252800
-175.188004,-21.247200
-175.188904,-21.240299
-175.190002,-21.235600
-175.190796,-21.230000
-175.193100,-21.224199
-175.197205,-21.219700
-175.201904,-21.215799
-175.208298,-21.213301
-175.215302,-21.210600
-175.221893,-21.208599
-175.230499,-21.207199
-175.236099,-21.204700
-175.242493,-21.201900
-175.248901,-21.199400
-175.256104,-21.198099
-175.263596,-21.198900
-175.272202,-21.198099
-175.279404,-21.195601
-175.285004,-21.192801
-175.290604,-21.189699
-175.296997,-21.186899
-175.302505,-21.184401
-175.308304,-21.182501
-175.314499,-21.180000
-175.319397,-21.176901
-175.323593,-21.174400
-175.327499,-21.170000
-175.332199,-21.165600
-175.336395,-21.161699
-175.340302,-21.156401
-175.343307,-21.152201
-175.347198,-21.146900
-175.351395,-21.143299
-175.354401,-21.138100
-175.356903,-21.133900
-175.358093,-21.129400
-175.357193,-21.120800
-175.356705,-21.114700
-175.357498,-21.109699
-175.359497,-21.106899
-175.360596,-21.102501
-175.359497,-21.099199
-175.357498,-21.096100
-175.354996,-21.091400
-175.351395,-21.086100
-175.346695,-21.081100
-175.343002,-21.076700
-175.339203,-21.073099
-175.333099,-21.070801
-175.325607,-21.070000
-175.320297,-21.068300
-175.316101,-21.064699
-175.312500,-21.063601
-175.305298,-21.065001
-175.301895,-21.068100
-175.302200,-21.071400
-175.304703,-21.074400
-175.310303,-21.077499
-175.316895,-21.078899
-175.323105,-21.081100
-175.328598,-21.084200
-175.332504,-21.087200
-175.335800,-21.091101
-175.337204,-21.098600
-175.337204,-21.106100
-175.336899,-21.110300
-175.333893,-21.115299
-175.329697,-21.119699
-175.324997,-21.122801
-175.318604,-21.124701
-175.310593,-21.124701
-175.303604,-21.123301
-175.297806,-21.121099
-175.290298,-21.120600
-175.283905,-21.123100
-175.276703,-21.125000
-175.270599,-21.122801
-175.265305,-21.119699
-175.259705,-21.116899
-175.254395,-21.114700
-175.248306,-21.112499
-175.241898,-21.115000
-175.237000,-21.118299
-175.231400,-21.121401
-175.225800,-21.124701
-175.220306,-21.127800
-175.214706,-21.131100
-175.213104,-21.134701
-175.211899,-21.139400
-175.214706,-21.144199
-175.219406,-21.147200
-175.224701,-21.150000
-175.229706,-21.153900
-175.232193,-21.159700
-175.232193,-21.167200
-175.229202,-21.171700
-175.225006,-21.174200
-175.218307,-21.173901
-175.213104,-21.172501
-175.209198,-21.169201
-175.204193,-21.165600
-175.198898,-21.162800
-175.193298,-21.159700
-175.187500,-21.158899
-175.179398,-21.160299
-175.173599,-21.161900
-175.167496,-21.164700
-175.161896,-21.168100
-175.156906,-21.171700
-175.152206,-21.175600
-175.145798,-21.178101
-175.141693,-21.178600
-175.138306,-21.176100
-175.134995,-21.173100
-175.133896,-21.168301
-175.133896,-21.166901
-175.131897,-21.163099
-175.131897,-21.155300
-175.130600,-21.150000
-175.129395,-21.144699
-175.126694,-21.139999
-175.124207,-21.136900
-175.123306,-21.135000
-175.119400,-21.132500
-175.113907,-21.130301
-175.107193,-21.128099
-175.100296,-21.127199
-175.099701,-21.126699
-175.093597,-21.125000
-175.086899,-21.125000
-175.081100,-21.124201
-175.073105,-21.124201
-175.066895,-21.124701
-175.060806,-21.127199
-175.055298,-21.130600
-175.050293,-21.134399
-175.047195,-21.139400
-175.045593,-21.145800
-175.046402,-21.152500
-175.048904,-21.157200
-175.051697,-21.161699
-175.054703,-21.164200
-175.055603,-21.164200
-175.054993,-21.164700
-175.058899,-21.167801
-175.063599,-21.171700
-175.069702,-21.173901
-175.077194,-21.174400
-175.083893,-21.176100
-175.089996,-21.178301
-175.093307,-21.181400
-175.097504,-21.185801
-175.101700,-21.190300
-175.105606,-21.194700
-175.109695,-21.199200
-175.113297,-21.204399
-175.115295,-21.211100
-175.116104,-21.217800
-175.115295,-21.224701
-175.113602,-21.231100
-175.112198,-21.237499
-175.111099,-21.243099
-175.111694,-21.249201
-175.114700,-21.254999
-175.118103,-21.260300
-175.123596,-21.263901
-175.129700,-21.266100
-175.134995,-21.267799
-175.145294,-21.268101
# Triangles
78,34,32
34,33,32
34,78,35
31,79,32
27,83,28
28,83,29
29,82,79
30,79,31
30,29,79
27,26,83
41,40,75
74,43,42
42,41,75
39,75,40
77,38,37
77,37,36
77,36,35
77,35,78
32,79,78
39,38,76
38,77,76
26,25,101
103,21,20
102,24,23
22,102,23
22,21,102
17,16,105
18,17,104
18,104,19
104,17,105
19,104,20
20,104,103
25,102,101
84,83,101
26,101,83
100,84,101
102,21,103
93,99,98
98,95,93
99,93,92
94,93,95
98,97,95
100,99,91
82,29,83
105,16,106
25,24,102
99,92,91
48,47,49
49,47,46
49,46,50
74,73,44
44,43,74
44,73,45
72,46,73
46,72,50
46,45,73
75,74,42
50,72,71
52,51,71
70,53,52
69,54,53
51,50,71
69,68,55
69,55,54
68,56,55
57,56,67
67,56,68
69,53,70
70,52,71
80,79,82
82,81,80
90,86,100
85,84,100
100,86,85
90,87,86
87,90,89
87,89,88
91,90,100
66,58,57
58,65,59
60,59,65
65,58,66
66,57,67
64,61,60
61,63,62
63,61,64
64,60,65
39,76,75
6,5,7
3,8,7
9,8,3
4,7,5
166,9,1
1,9,2
9,3,2
9,166,10
7,4,3
176,166,1
13,115,14
106,15,14
15,106,16
14,107,106
13,12,117
11,10,166
118,11,165
118,164,119
117,12,118
13,117,116
119,163,120
118,12,11
174,176,175
176,167,166
165,11,166
171,173,172
173,171,174
165,164,118
171,170,169
171,169,168
167,174,168
174,171,168
164,163,119
162,121,120
121,161,160
161,121,162
122,121,160
120,163,162
124,159,158
122,160,159
137,156,155
134,157,156
124,158,157
152,155,154
174,167,176
109,108,14
14,112,109
112,14,113
109,112,111
107,14,108
114,113,14
124,123,122
157,126,125
14,115,114
13,116,115
110,109,111
97,96,95
126,128,127
128,126,129
129,131,130
132,131,129
124,157,125
129,126,132
122,159,124
155,152,139
151,150,152
150,149,148
150,139,152
142,150,147
145,147,146
142,147,144
144,147,145
147,150,148
142,144,143
157,132,126
134,136,135
136,134,137
133,132,157
155,138,137
134,156,137
150,141,139
138,155,139
139,141,140
142,141,150
134,133,157
152,154,153
