# Tonga region 4
56 53
# Outer Vertices
-175.080872,-19.789062
-175.083099,-19.786100
-175.083893,-19.786100
-175.085602,-19.782499
-175.087997,-19.776699
-175.089706,-19.771700
-175.091400,-19.768101
-175.091705,-19.763300
-175.094193,-19.758900
-175.097198,-19.753300
-175.098602,-19.749701
-175.097794,-19.741400
-175.096405,-19.735600
-175.094193,-19.728600
-175.093002,-19.725300
-175.091705,-19.718100
-175.090500,-19.714399
-175.090302,-19.711901
-175.086899,-19.708099
-175.083893,-19.706900
-175.081696,-19.706400
-175.078293,-19.708099
-175.074997,-19.711901
-175.070801,-19.715000
-175.066696,-19.716700
-175.062500,-19.716900
-175.058899,-19.718100
-175.054703,-19.721901
-175.051697,-19.726400
-175.050293,-19.728300
-175.050293,-19.729200
-175.050598,-19.731899
-175.049194,-19.737499
-175.046707,-19.743099
-175.046402,-19.747200
-175.046097,-19.750799
-175.044998,-19.754999
-175.043900,-19.759199
-175.044998,-19.763901
-175.046707,-19.766701
-175.048599,-19.770599
-175.048096,-19.772499
-175.044205,-19.777201
-175.042496,-19.781401
-175.042206,-19.787500
-175.044205,-19.792200
-175.047501,-19.796101
-175.051407,-19.799200
-175.056702,-19.800800
-175.058899,-19.800600
-175.063293,-19.800800
-175.069702,-19.798901
-175.073105,-19.796700
-175.077194,-19.793600
-175.079193,-19.791100
-175.080872,-19.789062
# Triangles
7,32,8
6,5,7
11,9,8
32,11,8
40,5,4
54,53,52
55,54,41
3,2,1
1,55,40
1,40,3
40,4,3
7,5,40
11,32,12
24,14,13
24,23,14
22,16,15
23,15,14
10,9,11
21,16,22
22,15,23
16,18,17
19,18,21
21,20,19
16,21,18
12,24,13
54,52,41
49,48,47
50,49,51
49,41,51
46,41,49
40,55,41
49,47,46
39,7,40
42,46,45
43,45,44
7,39,35
43,42,45
42,41,46
36,39,38
28,31,30
31,28,27
28,30,29
25,24,27
27,26,25
24,31,27
24,12,31
7,35,34
39,36,35
34,33,32
7,34,32
31,12,32
38,37,36
52,51,41
