# Tonga region 2
18 15
# Outer Vertices
-174.066696,-18.706400
-174.070801,-18.705299
-174.074997,-18.703600
-174.083099,-18.702200
-174.090302,-18.703100
-174.096100,-18.701099
-174.097794,-18.696400
-174.094193,-18.691099
-174.090302,-18.687201
-174.085800,-18.684200
-174.079697,-18.681400
-174.073593,-18.681101
-174.068893,-18.682199
-174.065598,-18.687201
-174.063904,-18.692200
-174.061707,-18.698601
-174.061401,-18.704700
-174.066696,-18.706400
# Triangles
7,6,5
7,5,4
7,4,3
7,3,8
8,3,9
3,10,9
3,2,10
14,2,1
1,0,15
16,15,0
12,11,13
13,11,2
13,2,14
1,15,14
2,11,10
