# Tonga region 6
76 73
# Outer Vertices
-174.917206,-21.454201
-174.924500,-21.452200
-174.927200,-21.450800
-174.933899,-21.446100
-174.936401,-21.440300
-174.939407,-21.434401
-174.942795,-21.430300
-174.946701,-21.424999
-174.953003,-21.423100
-174.960297,-21.421101
-174.965805,-21.417801
-174.967499,-21.411699
-174.968307,-21.405300
-174.973907,-21.402800
-174.980301,-21.399401
-174.978302,-21.395000
-174.973602,-21.391399
-174.970795,-21.385300
-174.971405,-21.378300
-174.973099,-21.371901
-174.974701,-21.365801
-174.973907,-21.358900
-174.970596,-21.353901
-174.965805,-21.350000
-174.961105,-21.346399
-174.955597,-21.343300
-174.950806,-21.339701
-174.945297,-21.336700
-174.940598,-21.333099
-174.936401,-21.329201
-174.935303,-21.324699
-174.935593,-21.319700
-174.935806,-21.315001
-174.936707,-21.309401
-174.936096,-21.303900
-174.933304,-21.298100
-174.929199,-21.292801
-174.924500,-21.289700
-174.918594,-21.290300
-174.915802,-21.291901
-174.912506,-21.295601
-174.910797,-21.300600
-174.911407,-21.306101
-174.913300,-21.310801
-174.915497,-21.317499
-174.915298,-21.323601
-174.912796,-21.327200
-174.910294,-21.332199
-174.906906,-21.335300
-174.904205,-21.338301
-174.902206,-21.341101
-174.901093,-21.344700
-174.901703,-21.350800
-174.905807,-21.355301
-174.909393,-21.360300
-174.912201,-21.366400
-174.913101,-21.374399
-174.911896,-21.379999
-174.911102,-21.384199
-174.910599,-21.388300
-174.911697,-21.391100
-174.911896,-21.395000
-174.913895,-21.398300
-174.914993,-21.403099
-174.914200,-21.410000
-174.913605,-21.416901
-174.912506,-21.421700
-174.910797,-21.426701
-174.910599,-21.431700
-174.909393,-21.435801
-174.909195,-21.439199
-174.908600,-21.443300
-174.908295,-21.446100
-174.911697,-21.451401
-174.914993,-21.453899
-174.917206,-21.454201
# Triangles
13,12,16
12,11,8
62,17,12
14,13,15
17,16,12
25,18,56
13,16,15
10,9,11
4,3,2
4,2,69
5,4,68
9,8,11
7,63,12
7,6,65
8,7,12
18,17,56
5,65,6
21,20,22
19,22,20
22,19,23
23,19,24
26,55,27
19,18,24
25,24,18
25,55,26
28,27,54
33,32,43
31,44,32
29,45,30
35,34,43
36,38,37
33,43,34
36,35,42
31,30,45
28,47,29
70,2,1
68,67,5
65,5,66
75,74,73
65,64,7
63,7,64
17,60,57
60,62,61
17,62,60
17,57,56
63,62,12
4,69,68
70,69,2
70,1,71
71,73,72
60,58,57
58,60,59
66,5,67
1,73,71
54,27,55
31,45,44
29,46,45
39,36,40
38,36,39
42,41,36
35,43,42
44,43,32
29,47,46
56,55,25
47,54,53
53,51,50
51,53,52
49,53,50
41,40,36
53,48,47
48,53,49
28,54,47
1,75,73
