# Tonga region 7
125 122
# Outer Vertices
-173.994705,-18.705601
-173.995300,-18.704700
-173.996094,-18.704700
-173.999496,-18.703899
-174.003098,-18.701401
-174.006104,-18.696400
-174.007797,-18.691401
-174.007507,-18.686701
-174.005600,-18.682501
-174.006104,-18.680599
-174.008102,-18.678301
-174.010803,-18.676701
-174.011398,-18.675800
-174.010803,-18.675301
-174.011902,-18.673901
-174.013306,-18.671101
-174.013107,-18.669701
-174.011703,-18.668301
-174.009995,-18.667200
-174.004700,-18.666100
-173.998596,-18.663300
-173.994202,-18.660299
-173.994400,-18.657499
-173.998093,-18.655800
-174.000000,-18.652800
-174.000305,-18.650000
-174.001099,-18.643101
-174.004395,-18.639999
-174.004395,-18.639400
-174.006699,-18.638599
-174.011398,-18.634701
-174.017807,-18.634701
-174.020798,-18.635799
-174.023300,-18.637800
-174.023102,-18.643299
-174.023300,-18.646700
-174.022202,-18.651699
-174.020798,-18.658100
-174.023300,-18.663900
-174.029404,-18.666100
-174.036697,-18.664200
-174.041702,-18.663099
-174.045593,-18.667500
-174.051697,-18.669701
-174.054398,-18.669701
-174.057205,-18.666700
-174.057800,-18.666700
-174.061996,-18.662201
-174.064194,-18.656401
-174.065796,-18.650000
-174.067505,-18.645000
-174.070007,-18.639400
-174.070602,-18.632500
-174.068100,-18.626400
-174.062500,-18.623600
-174.057205,-18.621099
-174.049500,-18.621099
-174.041397,-18.621099
-174.033295,-18.621099
-174.027206,-18.618900
-174.023300,-18.614401
-174.019699,-18.608299
-174.017197,-18.603100
-174.014999,-18.596399
-174.013107,-18.589701
-174.008896,-18.584400
-174.005600,-18.580000
-174.000793,-18.576401
-173.995605,-18.573299
-173.989395,-18.571100
-173.982193,-18.570299
-173.974701,-18.569401
-173.967499,-18.568100
-173.960297,-18.569401
-173.951706,-18.570000
-173.945801,-18.569201
-173.939194,-18.568899
-173.935593,-18.570801
-173.931702,-18.575300
-173.930298,-18.581400
-173.927505,-18.585800
-173.922806,-18.589701
-173.918106,-18.592199
-173.914703,-18.595800
-173.916702,-18.599701
-173.917801,-18.605801
-173.913895,-18.610300
-173.910797,-18.615601
-173.907501,-18.620600
-173.906097,-18.626900
-173.907196,-18.633101
-173.910599,-18.638100
-173.915802,-18.639700
-173.921402,-18.638100
-173.925598,-18.633600
-173.929398,-18.629200
-173.932495,-18.623899
-173.937195,-18.619400
-173.939697,-18.615801
-173.941895,-18.616400
-173.943100,-18.618299
-173.945007,-18.623600
-173.950806,-18.625799
-173.956894,-18.628099
-173.957504,-18.635000
-173.953598,-18.639400
-173.948105,-18.642799
-173.947205,-18.648899
-173.950500,-18.653601
-173.957199,-18.654400
-173.960007,-18.660299
-173.961700,-18.664200
-173.968002,-18.663099
-173.973099,-18.661900
-173.976105,-18.663099
-173.979401,-18.666901
-173.982193,-18.672800
-173.983307,-18.677500
-173.985001,-18.680300
-173.987000,-18.684200
-173.986694,-18.688900
-173.987793,-18.693899
-173.988297,-18.699200
-173.990295,-18.704399
-173.994705,-18.705601
# Triangles
43,45,44
16,15,17
15,14,17
45,43,42
45,41,47
45,42,41
48,47,41
48,41,49
45,47,46
36,40,39
38,37,39
41,40,35
36,39,37
8,7,120
6,121,7
6,5,121
118,20,9
119,9,8
121,5,4
10,9,19
12,11,13
14,18,17
14,13,18
10,13,11
19,18,13
25,24,22
10,19,13
9,20,19
3,121,4
54,52,51
50,54,51
34,57,41
41,35,34
33,32,58
57,56,41
50,49,56
34,33,57
53,52,54
56,55,54
56,54,50
49,41,56
31,60,59
59,58,32
33,58,57
30,60,31
31,59,32
103,28,26
28,27,26
103,62,28
30,29,28
62,61,30
64,63,65
30,28,62
63,62,103
65,70,67
67,66,65
65,63,103
60,30,61
22,26,25
40,36,35
1,0,123
2,1,122
121,3,122
7,121,120
1,123,122
8,120,119
114,22,21
113,26,22
118,117,20
119,118,9
116,21,20
116,115,21
20,117,116
114,21,115
122,3,2
109,113,112
112,111,110
113,104,26
110,109,112
108,107,109
104,113,109
105,109,107
106,105,107
105,104,109
93,92,90
91,90,92
93,90,94
94,90,89
113,22,114
104,103,26
70,68,67
65,103,70
100,103,102
101,100,102
73,103,99
100,99,103
79,74,99
69,68,70
72,71,73
103,71,70
71,103,73
79,75,74
75,77,76
74,73,99
98,80,99
85,96,86
85,81,98
85,97,96
96,95,87
87,95,94
86,96,87
88,87,94
94,89,88
79,99,80
77,75,78
75,79,78
84,83,82
82,81,84
80,98,81
85,84,81
85,98,97
23,22,24
