# Tonga region 5
33 30
# Outer Vertices
-174.279205,-19.753599
-174.286407,-19.752501
-174.292801,-19.751101
-174.299194,-19.748600
-174.304703,-19.744699
-174.307205,-19.740801
-174.305298,-19.736900
-174.303101,-19.735300
-174.300003,-19.734699
-174.296997,-19.733601
-174.290802,-19.731400
-174.286102,-19.727501
-174.281403,-19.723900
-174.276703,-19.719400
-174.272797,-19.715000
-174.269699,-19.709200
-174.267807,-19.702499
-174.265793,-19.695601
-174.261703,-19.691099
-174.256104,-19.688101
-174.250793,-19.692200
-174.247498,-19.697201
-174.247803,-19.700600
-174.249207,-19.707199
-174.252808,-19.711901
-174.254700,-19.718599
-174.257507,-19.725300
-174.259705,-19.731899
-174.261093,-19.738600
-174.263107,-19.744699
-174.266403,-19.750000
-174.272507,-19.752800
-174.279205,-19.753599
# Triangles
6,4,7
6,5,4
8,4,3
1,32,10
10,2,1
2,9,3
31,11,32
8,7,4
9,8,3
2,10,9
11,10,32
26,14,13
13,12,27
11,28,12
31,29,11
29,28,11
27,26,13
12,28,27
31,30,29
25,14,26
24,15,25
15,14,25
15,24,16
18,17,22
20,19,18
22,17,16
22,20,18
21,20,22
22,16,23
16,24,23
