# Italy region 1
76 73
# Outer Vertices
8.855555,38.877491
8.729166,38.934711
8.622776,38.891651
8.518610,39.078320
8.468054,39.056099
8.398611,38.976101
8.349722,39.090549
8.424444,39.107769
8.463333,39.061649
8.486109,39.077770
8.367777,39.218319
8.432777,39.285259
8.383333,39.458599
8.467499,39.593040
8.442778,39.756649
8.533054,39.702770
8.521109,39.749439
8.556944,39.857491
8.518055,39.904991
8.458887,39.895260
8.398611,39.896648
8.374722,40.031940
8.472776,40.064430
8.489166,40.093601
8.461388,40.223881
8.481386,40.280819
8.384443,40.342491
8.371666,40.482491
8.301109,40.589161
8.159441,40.562771
8.143608,40.621658
8.198610,40.684711
8.132500,40.729988
8.221666,40.879711
8.177776,40.929710
8.202776,40.970539
8.278055,40.864429
8.457499,40.821930
8.579721,40.839989
8.889442,41.025829
9.152222,41.156101
9.215832,41.254162
9.256388,41.243320
9.314720,41.192211
9.421387,41.176102
9.441666,41.090260
9.513332,41.150269
9.565554,41.104710
9.508610,41.014431
9.652498,41.003319
9.564442,40.939991
9.503611,40.918049
9.651110,40.878040
9.689444,40.811939
9.667776,40.797489
9.746944,40.682491
9.806389,40.538052
9.825554,40.521648
9.771942,40.394711
9.657221,40.308319
9.624166,40.208321
9.692499,40.106930
9.729166,40.084431
9.670277,39.770260
9.624166,39.412209
9.600275,39.332760
9.633333,39.298599
9.591663,39.277210
9.519444,39.099430
9.235554,39.223598
9.183887,39.217770
9.150276,39.183319
9.083611,39.216648
9.017500,39.141930
9.022221,38.989712
8.855555,38.877491
# Triangles
6,8,7
8,6,5
11,13,12
20,19,21
11,10,9
8,4,9
4,8,5
4,3,9
11,9,3
13,72,15
73,13,11
16,15,17
3,73,11
15,72,17
14,13,15
60,23,17
30,29,31
31,28,36
28,31,29
35,33,36
33,35,34
33,32,31
31,36,33
28,37,36
22,18,23
22,21,19
18,17,23
19,18,22
24,23,25
27,26,25
27,38,37
38,27,25
25,23,60
27,37,28
25,39,38
2,1,3
1,75,74
1,74,73
72,13,73
72,70,63
71,70,72
63,70,69
68,67,69
63,17,72
69,65,64
65,67,66
63,69,64
60,17,63
25,60,39
62,61,63
60,63,61
59,58,56
65,69,67
39,60,59
40,51,45
51,40,39
51,48,45
48,51,50
59,51,39
41,40,42
43,42,40
43,40,45
45,44,43
45,48,47
54,53,52
54,51,59
59,56,55
51,54,52
45,47,46
48,50,49
55,54,59
58,57,56
3,1,73
