# Italy region 0
61 58
# Outer Vertices
15.090000,36.650829
14.900830,36.724991
14.706110,36.713329
14.461390,36.813881
14.397780,36.936649
14.268890,37.048038
14.109720,37.108879
13.894720,37.097759
13.561940,37.279148
13.431660,37.300819
13.121390,37.490822
13.019720,37.493881
12.973890,37.550541
12.825280,37.578880
12.674440,37.554150
12.468330,37.699162
12.460830,37.834991
12.551390,38.054440
12.713330,38.114712
12.719160,38.181099
12.786390,38.138050
12.856110,38.050541
12.896670,38.023319
13.048610,38.071659
13.073330,38.093601
13.078610,38.171379
13.311390,38.218040
13.375270,38.153881
13.363610,38.124710
13.437500,38.095268
13.536110,38.109440
13.537780,38.061100
13.711390,37.976650
13.882500,37.997211
14.024720,38.045551
14.289440,38.012760
14.628610,38.071381
14.740000,38.165539
15.131390,38.138882
15.200000,38.175541
15.228330,38.265541
15.249720,38.208881
15.366390,38.221371
15.523610,38.295269
15.623890,38.256378
15.572500,38.233879
15.443050,38.016651
15.215000,37.758881
15.178050,37.575550
15.091390,37.489990
15.091940,37.349709
15.156670,37.295269
15.261390,37.246101
15.188890,37.218601
15.203890,37.157490
15.303330,37.102211
15.338610,37.011929
15.158890,36.920551
15.095550,36.783600
15.136390,36.681381
15.090000,36.650829
# Triangles
23,22,12
15,14,16
16,13,21
22,13,12
14,13,16
21,13,22
12,11,10
33,8,7
34,33,35
33,7,6
31,10,9
32,31,9
32,9,8
8,33,32
23,12,10
35,33,6
18,17,21
21,17,16
19,18,20
20,18,21
23,28,24
30,29,31
10,31,29
10,28,23
25,24,26
28,27,26
28,26,24
10,29,28
6,5,35
1,60,58
2,1,50
3,2,4
57,1,58
50,4,2
1,57,50
50,49,5
60,59,58
50,57,54
56,55,57
57,55,54
51,53,52
50,53,51
54,53,50
36,35,49
35,5,49
47,36,49
38,37,47
46,39,38
47,37,36
48,47,49
41,40,39
39,46,41
42,46,45
46,42,41
45,44,43
42,45,43
38,47,46
5,4,50
