# Italy region 2
411 409
# Outer Vertices
10.463570,46.869350
10.560830,46.848591
10.672780,46.874981
10.764440,46.834148
10.735550,46.798599
11.014720,46.772480
11.164440,46.962200
11.339160,46.995541
11.411660,46.972481
11.615270,47.013050
11.755830,46.977482
12.211110,47.090542
12.204440,47.039150
12.131110,47.016380
12.144440,46.915821
12.295000,46.863602
12.283610,46.791370
12.355830,46.777481
12.433610,46.695259
12.895830,46.612759
13.412220,46.574429
13.718960,46.525539
13.692220,46.450260
13.481110,46.369431
13.383050,46.297211
13.443330,46.230259
13.550550,46.218040
13.664440,46.183041
13.645830,46.142490
13.479440,46.013321
13.542500,45.967480
13.590000,45.993320
13.635000,45.988590
13.623610,45.922211
13.577780,45.854160
13.598050,45.810810
13.821940,45.726929
13.919160,45.637489
13.859440,45.587490
13.717510,45.597660
13.804440,45.609989
13.632220,45.769161
13.550000,45.787209
13.523050,45.746658
13.433610,45.678322
13.341670,45.740261
13.131110,45.771931
13.070000,45.714710
13.075550,45.693321
13.150000,45.695541
13.086110,45.635540
12.868610,45.596661
12.456390,45.446381
12.414720,45.431931
12.453050,45.493320
12.564720,45.528599
12.480000,45.565819
12.450000,45.509430
12.260280,45.456661
12.218330,45.308880
12.158330,45.313881
12.161110,45.263882
12.199170,45.267769
12.230280,45.199989
12.284170,45.205818
12.326110,45.108051
12.293610,45.091381
12.434720,45.021648
12.510000,44.919159
12.449170,44.818321
12.440550,44.894989
12.391390,44.872761
12.425280,44.818050
12.387500,44.786930
12.279170,44.816929
12.245550,44.715820
12.318050,44.353600
12.503050,44.121658
12.574740,44.082039
12.678050,43.993320
13.075000,43.821930
13.421940,43.624439
13.599440,43.569988
13.759720,43.261379
13.891390,42.926659
14.058330,42.619709
14.303050,42.414989
14.624160,42.199989
14.715560,42.171940
14.722780,42.100552
14.888890,42.021648
15.346660,41.910259
15.831390,41.923321
16.018049,41.947208
16.176661,41.888599
16.191111,41.784988
15.889720,41.571098
15.920000,41.493599
16.033051,41.418880
16.439989,41.266651
16.866940,41.130260
17.282770,40.973049
17.475269,40.827770
17.894720,40.682491
17.952749,40.644588
18.011669,40.644428
18.039709,40.553600
18.359440,40.342209
18.510830,40.138882
18.481670,40.048870
18.419720,39.995819
18.390829,39.814430
18.349440,39.791931
18.052490,39.926102
17.994720,39.994160
18.022221,40.013599
17.894440,40.260269
17.684719,40.303322
17.398331,40.329708
17.204439,40.407211
17.229441,40.474152
17.269440,40.485538
17.089720,40.520821
16.947220,40.470829
16.758610,40.262211
16.695271,40.152760
16.612221,40.093040
16.607491,40.005260
16.633051,39.962769
16.498051,39.820820
16.490549,39.749149
16.543051,39.650269
16.933880,39.511929
17.161381,39.400829
17.109440,39.267490
17.145269,39.195271
17.134991,39.068050
17.204161,39.028049
17.103609,38.895260
17.061390,38.920269
16.836941,38.917488
16.621111,38.821930
16.538879,38.722488
16.576660,38.471661
16.571390,38.431381
16.490549,38.358051
16.326941,38.296101
16.165550,38.139149
16.116659,37.979710
16.062490,37.924160
16.000000,37.918049
15.775830,37.916931
15.675280,37.952209
15.632500,38.008041
15.628890,38.228600
15.793050,38.280540
15.901110,38.462212
15.925280,38.541370
15.828330,38.620541
15.853050,38.660259
15.994160,38.722759
16.129160,38.715549
16.181110,38.747490
16.219990,38.843040
16.221100,38.922489
16.106110,39.014431
16.023331,39.362770
15.906660,39.531380
15.839720,39.626930
15.739440,39.934429
15.630550,40.070271
15.519720,40.073318
15.416940,39.990261
15.265830,40.027489
15.274440,40.061378
15.121660,40.169708
14.966110,40.219990
14.909110,40.237709
14.989720,40.358318
14.990550,40.399151
14.779720,40.669708
14.597780,40.632210
14.531110,40.607769
14.448330,40.618320
14.331660,40.572769
14.339440,40.619160
14.470000,40.695541
14.458050,40.742771
14.285550,40.836929
14.083890,40.782211
14.044170,40.794991
14.037780,40.881649
13.826110,41.162491
13.713050,41.251381
13.620830,41.257771
13.562220,41.234711
13.503890,41.221100
13.323060,41.292759
13.211110,41.282490
13.094440,41.220539
13.039440,41.225819
12.951940,41.353039
12.855000,41.409988
12.624720,41.446381
12.360000,41.689159
12.227220,41.739990
12.175830,41.871101
11.926390,42.029991
11.777220,42.089432
11.635270,42.292488
11.374720,42.404991
11.211390,42.414711
11.150280,42.363880
11.085830,42.421940
11.168330,42.447491
11.189720,42.506378
11.080270,42.632210
10.750280,42.807491
10.779440,42.887489
10.761110,42.914711
10.673610,42.948318
10.499170,42.932209
10.480280,42.983601
10.525000,43.025269
10.542500,43.154430
10.519440,43.256100
10.296670,43.536930
10.214170,43.906101
10.090830,44.018600
9.840277,44.108601
9.839167,44.072491
9.839998,44.035820
9.496666,44.219440
9.233610,44.346371
9.213331,44.300541
8.871944,44.409431
8.761108,44.429440
8.468332,44.300819
8.399443,44.178322
8.284166,44.147770
8.158054,43.994431
8.121111,43.927761
7.828610,43.819439
7.534765,43.783451
7.492221,43.869431
7.704166,44.072208
7.672776,44.182758
7.279444,44.156651
6.935832,44.323318
6.886110,44.415821
6.934999,44.443039
6.857222,44.507771
6.852777,44.540821
6.960278,44.628868
6.950832,44.664700
7.000833,44.699150
7.068889,44.689152
7.009999,44.848591
6.743332,44.947762
6.746666,45.020260
6.620172,45.110661
6.760833,45.168320
6.850277,45.136101
7.122776,45.301929
7.133054,45.355549
7.181388,45.411652
6.999443,45.518318
6.990832,45.639980
6.824166,45.714989
6.799166,45.780819
6.808887,45.831379
7.038747,45.931721
7.099443,45.883598
7.393332,45.916088
7.578887,45.983318
7.677344,45.961239
7.852777,45.919979
7.902498,45.991100
7.998055,46.002209
8.158888,46.176651
8.090275,46.260540
8.401108,46.456089
8.451664,46.459980
8.459164,46.338322
8.444443,46.248600
8.691942,46.101379
8.711609,46.101421
8.761568,46.101528
8.813053,46.101650
8.850552,46.072491
8.785276,45.989979
8.895554,45.955818
8.897268,45.952751
8.907169,45.935101
8.907776,45.932770
8.917242,45.917160
8.963053,45.835541
9.031666,45.823879
9.085552,45.899151
8.996664,45.973309
9.006247,45.989651
9.019529,46.012299
9.083332,46.121090
9.291941,46.323040
9.272221,46.484150
9.360830,46.508598
9.401943,46.473309
9.454443,46.509430
9.512499,46.331928
9.619442,46.293049
9.708332,46.298321
9.737495,46.357208
9.949999,46.379150
9.996386,46.318321
10.063050,46.222759
10.159440,46.247761
10.177220,46.272480
10.110000,46.326382
10.163050,46.411930
10.050000,46.479710
10.068330,46.554989
10.105280,46.611370
10.233330,46.639980
10.301660,46.555820
10.449720,46.539150
10.485280,46.590542
10.473890,46.633320
10.405280,46.644428
10.385280,46.689419
10.447500,46.763050
10.463570,46.869350
12.407696,43.913788
12.408300,43.912201
12.410000,43.909199
12.412200,43.906101
12.416400,43.904701
12.421700,43.905300
12.425600,43.906898
12.430300,43.908100
12.434200,43.909698
12.439200,43.909401
12.442800,43.907501
12.445300,43.904701
12.447500,43.901901
12.450300,43.899399
12.454200,43.897499
12.459200,43.896099
12.464700,43.895599
12.469700,43.896099
12.474400,43.897202
12.477800,43.899399
12.481100,43.901699
12.484400,43.903900
12.487800,43.905800
12.490600,43.908600
12.492800,43.911701
12.495000,43.914700
12.496100,43.918900
12.496400,43.923302
12.495600,43.927200
12.496700,43.931099
12.499400,43.933899
12.503300,43.935600
12.507200,43.937199
12.510600,43.939201
12.511700,43.943298
12.510800,43.946899
12.509700,43.950802
12.508900,43.954399
12.507800,43.958099
12.506900,43.961899
12.506700,43.966099
12.507200,43.970600
12.507500,43.975300
12.508600,43.979198
12.510300,43.982800
12.510000,43.986900
12.505600,43.988602
12.499200,43.988899
12.492800,43.989201
12.487200,43.988899
12.481900,43.988300
12.476700,43.987499
12.471700,43.986900
12.466900,43.985802
12.462500,43.984699
12.458100,43.983299
12.453900,43.981701
12.450600,43.979698
12.447800,43.976898
12.445600,43.973900
12.443900,43.970299
12.441100,43.967800
12.437800,43.965599
12.434400,43.963299
12.430600,43.961700
12.425800,43.960602
12.421400,43.959400
12.416700,43.958302
12.412800,43.956699
12.408900,43.955002
12.406700,43.951900
12.405000,43.948299
12.404700,43.943600
12.405000,43.939400
12.403900,43.935600
12.403600,43.930801
12.403900,43.926701
12.404700,43.923100
12.405800,43.919399
12.407696,43.913788
# Triangles
223,221,220
223,222,221
226,225,227
243,242,245
243,245,244
241,245,242
61,228,227
240,245,241
227,225,76
213,212,214
214,212,211
216,210,334
214,211,215
215,211,210
223,220,224
224,220,219
216,215,210
216,218,217
219,218,216
216,332,219
408,225,219
225,224,219
210,209,334
251,253,252
250,248,247
248,250,249
253,251,250
256,250,247
259,258,257
253,256,255
256,253,250
263,257,256
255,254,253
262,259,257
256,247,246
245,240,246
240,239,246
237,239,238
232,231,230
232,230,229
265,246,237
246,239,237
256,246,263
297,236,235
233,235,234
233,232,297
236,276,237
229,314,232
233,297,235
314,229,228
335,209,346
216,333,332
347,209,207
206,348,207
204,206,205
332,410,219
406,225,407
225,406,76
408,219,409
409,219,410
225,408,407
76,406,405
337,336,343
344,336,335
338,343,342
344,343,336
345,344,335
335,346,345
333,216,334
338,341,340
338,337,343
340,339,338
341,338,342
334,209,335
206,204,84
402,405,403
402,76,405
77,76,400
401,400,76
402,401,76
75,227,76
61,227,75
73,71,74
72,71,73
397,389,398
399,398,388
400,399,77
75,74,61
403,405,404
393,396,395
393,395,394
390,393,392
396,393,390
391,390,392
389,396,390
389,388,398
69,68,70
388,77,399
67,70,68
397,396,389
74,71,66
387,77,388
207,209,208
70,67,71
259,261,260
259,262,261
264,263,265
267,266,265
257,263,262
269,268,270
270,268,267
267,272,271
265,272,267
267,271,270
265,263,246
265,275,273
276,236,278
265,273,272
237,276,265
310,298,314
278,236,296
276,275,265
295,294,290
290,292,291
294,293,292
290,294,292
295,290,296
298,300,299
296,236,297
274,273,275
277,276,278
285,290,286
290,285,278
286,290,287
278,296,290
279,278,285
280,279,281
281,279,284
284,279,285
282,281,283
283,281,284
290,288,287
289,288,290
298,302,301
301,300,298
298,309,308
298,308,303
305,304,306
306,304,303
303,302,298
307,306,308
308,306,303
298,310,309
298,297,314
313,312,310
310,314,313
311,310,312
324,316,60
317,316,318
228,315,314
320,319,318
318,324,323
324,318,316
320,318,321
321,318,323
316,315,60
62,61,63
61,74,63
64,63,66
66,63,74
66,65,64
297,232,314
60,59,58
56,58,57
54,53,52
5,60,58
324,60,5
61,60,315
228,61,315
56,18,58
321,323,322
326,325,4
327,326,328
328,326,329
329,1,0
329,326,1
1,326,4
3,2,4
4,2,1
325,5,4
324,5,325
58,10,5
8,6,5
14,16,15
10,16,14
18,17,16
10,58,16
8,7,6
9,8,10
10,13,11
13,10,14
12,11,13
5,10,8
18,16,58
67,66,71
155,154,153
151,153,152
150,155,151
151,155,153
173,172,174
174,172,171
170,169,126
171,170,179
174,171,175
146,157,156
156,155,147
157,159,158
148,147,150
148,150,149
161,157,146
169,168,129
160,159,157
166,165,164
157,161,160
130,168,167
146,156,147
155,150,147
130,167,166
192,191,188
189,188,191
189,191,190
192,87,193
199,201,200
198,197,201
201,199,198
195,194,197
197,194,85
195,197,196
193,85,194
188,89,192
178,177,176
178,175,179
175,178,176
179,175,171
185,184,183
186,185,183
182,181,186
181,187,186
187,181,180
182,186,183
188,187,90
97,180,179
90,187,180
98,179,170
162,146,145
146,162,161
162,145,143
162,143,142
143,145,144
162,142,163
131,130,166
164,163,142
130,129,168
131,164,141
131,141,140
142,141,164
126,169,129
164,131,166
139,138,136
140,139,136
137,136,138
140,136,134
134,136,135
134,132,140
133,132,134
110,112,111
112,110,113
132,131,140
129,128,127
126,125,124
99,170,126
119,118,121
126,124,99
99,123,100
123,99,124
100,123,122
121,120,119
122,101,100
101,122,121
101,121,102
121,118,102
126,129,127
114,113,115
107,116,115
110,109,108
115,110,107
113,110,115
108,107,110
102,117,103
117,102,118
103,117,104
104,116,106
105,104,106
104,117,116
116,107,106
170,99,98
346,209,347
347,207,348
80,79,353
351,350,353
349,348,80
353,352,351
79,354,353
79,356,355
79,355,354
350,80,353
361,359,358
361,358,362
359,361,360
363,358,357
364,356,79
357,356,364
80,348,206
363,362,358
79,365,364
368,367,375
365,375,366
363,357,364
375,367,366
350,349,80
202,204,203
385,384,77
386,385,77
77,383,382
77,382,381
384,383,77
77,381,380
55,54,52
378,377,77
379,77,380
77,379,378
78,77,377
387,386,77
372,371,369
369,371,370
372,374,373
375,374,372
372,369,368
79,376,375
377,376,78
79,78,376
55,51,56
51,55,52
368,375,372
365,79,375
56,51,19
84,204,202
81,83,82
84,83,206
80,206,81
83,81,206
84,202,85
85,202,197
39,38,40
40,36,41
37,40,38
36,40,37
50,48,51
91,97,96
91,90,180
92,91,96
96,95,93
188,90,89
94,93,95
193,86,85
88,87,89
93,92,96
192,89,87
87,86,193
91,180,97
179,98,97
47,51,48
47,46,19
44,43,45
46,45,29
48,50,49
45,42,29
19,24,20
19,46,24
20,24,23
25,29,26
42,30,29
29,25,24
46,29,24
20,23,22
45,43,42
19,51,47
42,35,34
35,42,41
33,30,34
36,35,41
33,31,30
26,29,28
32,31,33
21,20,22
27,26,28
30,42,34
202,201,197
56,19,18
