# Swaziland region 0
23 20
# Outer Vertices
31.967739,-25.958179
32.089981,-26.009451
32.103039,-26.162220
32.061100,-26.261391
32.072208,-26.393339
32.129150,-26.505840
32.134220,-26.840570
32.006939,-26.808620
31.958599,-27.112780
31.983601,-27.316669
31.517490,-27.313061
31.161659,-27.203051
30.983049,-27.029449
30.899441,-26.771950
30.818880,-26.810560
30.803600,-26.702499
30.802219,-26.462219
31.063881,-26.091391
31.128330,-25.913891
31.320551,-25.755280
31.421659,-25.728340
31.878050,-25.995560
31.967739,-25.958179
# Triangles
14,13,15
13,11,7
11,13,12
17,13,7
15,13,16
13,17,16
17,19,18
19,17,20
17,21,20
10,7,11
9,8,10
7,6,5
7,5,4
4,17,7
0,21,2
3,21,4
2,21,3
2,1,0
17,4,21
7,10,8
