# Ethiopia region 0
769 766
# Outer Vertices
42.455828,12.528875
42.339420,12.396940
41.948589,11.816670
41.829430,11.741940
41.759708,11.505280
41.808830,11.266370
41.812481,11.248610
41.797970,11.097250
41.787209,10.984990
41.825821,10.970830
42.264431,10.992490
42.634430,11.098050
42.751930,11.076660
42.772758,11.016390
42.814152,10.987770
42.943279,11.003910
42.665531,10.621380
42.712200,10.531940
42.786098,10.455550
42.816929,10.313880
43.091648,9.918329
43.216091,9.881384
43.278042,9.641386
43.341091,9.608051
43.430820,9.426107
43.583050,9.336107
43.627201,9.354441
44.010540,9.007219
45.343319,8.564163
47.011929,8.001110
47.989429,8.003052
46.418591,6.473331
44.950821,4.902498
43.981930,4.963054
43.623600,4.869164
43.163872,4.670832
42.971371,4.508610
42.914150,4.356109
42.831661,4.295276
42.514149,4.233609
42.195820,4.208887
42.075821,4.175277
41.955818,4.085276
41.930538,4.009722
41.913639,3.998662
41.836929,3.947777
41.771370,3.986110
41.319149,3.944443
41.129150,3.962777
40.783428,4.287619
40.388599,4.098887
39.866650,3.869443
39.782761,3.678332
39.560261,3.406666
39.504990,3.418055
39.498039,3.455277
39.196930,3.478611
39.055538,3.527221
38.913601,3.513888
38.528870,3.653888
38.448040,3.599443
38.121090,3.611666
37.998039,3.728610
36.973309,4.396666
36.647480,4.446665
36.197239,4.446665
36.045818,4.446665
35.951260,4.520975
35.940319,4.622081
35.774429,4.798609
35.773869,5.075276
35.830818,5.153887
35.795269,5.237498
35.836929,5.313053
35.689701,5.389998
35.604988,5.373054
35.533329,5.425276
35.458038,5.432498
35.361099,5.352221
35.319439,5.360554
35.271099,5.435554
35.289989,5.507776
35.103870,5.632498
35.105820,5.692776
34.975540,5.949719
34.981369,6.061109
34.870541,6.237498
34.759991,6.609721
34.687481,6.694998
34.507488,6.800276
34.476089,6.911387
34.206650,7.049165
34.185539,7.164721
34.029430,7.239164
34.026932,7.386665
33.655540,7.683053
33.498322,7.722220
33.441368,7.745831
33.337490,7.712499
33.169979,7.796387
33.059711,7.789998
33.013599,7.846943
32.989429,7.925553
33.104988,8.093052
33.184711,8.128883
33.164700,8.391388
33.204430,8.433886
33.639980,8.464163
33.701649,8.380550
33.774971,8.365889
33.823040,8.414164
33.974701,8.438885
34.111931,8.565273
34.134991,8.955275
34.085819,9.553051
34.231369,10.030280
34.336369,10.182220
34.348869,10.245000
34.286098,10.554160
34.439701,10.784440
34.594429,10.887780
34.766380,10.753050
34.773319,10.686940
34.975262,10.864440
34.933319,10.956660
35.005550,11.174440
34.980541,11.222220
34.963871,11.256940
35.087490,11.535830
35.058590,11.740000
35.096931,11.826940
35.339710,12.024720
35.386101,12.170000
35.432491,12.200550
35.438030,12.250560
35.699421,12.665830
36.069149,12.724440
36.141602,12.706860
36.155258,13.024440
36.248600,13.368050
36.397480,13.567780
36.486931,13.839440
36.446369,13.956940
36.544708,14.260830
36.544374,14.263775
36.559719,14.290830
36.564720,14.292780
36.570549,14.293890
36.577499,14.293610
36.596661,14.295280
36.608059,14.297500
36.613049,14.299440
36.633331,14.314170
36.638329,14.316110
36.644169,14.317220
36.668049,14.312500
36.681389,14.311390
36.691940,14.309170
36.699169,14.308890
36.709721,14.311940
36.718330,14.317220
36.726391,14.323330
36.736382,14.327220
36.749722,14.326110
36.773048,14.320550
36.786896,14.319188
36.792770,14.318610
36.799160,14.319170
36.818600,14.327500
36.825001,14.328050
36.830551,14.326670
36.835270,14.324440
36.839439,14.321390
36.851662,14.323330
36.869160,14.319170
36.874161,14.321110
36.886108,14.320280
36.891109,14.318050
36.903610,14.309440
36.908611,14.307220
36.921101,14.305560
36.926670,14.303890
36.945000,14.300830
36.950001,14.298610
36.954159,14.295560
36.953609,14.281940
36.961391,14.275550
36.990551,14.262500
36.996380,14.260830
37.003330,14.260830
37.008888,14.261940
37.019169,14.265830
37.036942,14.275550
37.042770,14.276670
37.056110,14.276940
37.066940,14.280280
37.071110,14.282780
37.078609,14.289440
37.084438,14.297500
37.088879,14.306940
37.092220,14.317780
37.092026,14.331873
37.091942,14.337780
37.089722,14.355550
37.090832,14.368610
37.092499,14.373890
37.101391,14.393050
37.104439,14.396940
37.111938,14.410550
37.123600,14.426670
37.127220,14.430000
37.136108,14.435280
37.146660,14.438330
37.153049,14.438890
37.158611,14.437220
37.171391,14.435560
37.180828,14.440000
37.183609,14.444170
37.191669,14.450000
37.196659,14.451940
37.202499,14.453050
37.215832,14.452220
37.228611,14.450280
37.245281,14.445830
37.252491,14.445550
37.262501,14.449440
37.266659,14.451940
37.272499,14.453330
37.278881,14.453610
37.291660,14.451940
37.301941,14.448330
37.306110,14.445280
37.309719,14.441940
37.312489,14.437500
37.320000,14.431110
37.331940,14.428890
37.336941,14.426670
37.342220,14.418330
37.346111,14.408610
37.348881,14.404440
37.351940,14.393890
37.359440,14.380830
37.367771,14.375000
37.372768,14.372780
37.384991,14.364170
37.388611,14.360550
37.393879,14.352220
37.395000,14.340000
37.393879,14.305560
37.395828,14.300830
37.399441,14.297220
37.415829,14.285830
37.422779,14.278610
37.425549,14.274440
37.429722,14.271670
37.433048,14.268050
37.438049,14.265830
37.456108,14.262780
37.458889,14.258330
37.460270,14.253050
37.461391,14.220830
37.462490,14.215280
37.465271,14.211110
37.467220,14.206110
37.470551,14.202500
37.478882,14.196940
37.498329,14.188060
37.513050,14.184170
37.517220,14.181390
37.520000,14.177220
37.519718,14.170280
37.517220,14.158610
37.518051,14.139440
37.521938,14.122780
37.524441,14.118610
37.528610,14.115830
37.532875,14.111920
37.541939,14.107780
37.572208,14.102250
37.684441,14.360000
37.742489,14.495550
37.757771,14.529170
37.768494,14.554003
37.801670,14.630830
37.816940,14.664440
37.838329,14.715280
37.860329,14.765135
37.890549,14.833610
37.895061,14.844441
37.911381,14.883610
37.923050,14.874440
37.929989,14.867500
37.935268,14.858890
37.937222,14.854170
37.944160,14.846940
37.952499,14.841390
37.955830,14.837780
37.957771,14.832780
37.959999,14.815000
37.962780,14.810830
37.967770,14.810000
37.974159,14.810560
37.977489,14.806940
37.979160,14.795280
37.978050,14.782220
37.979439,14.776670
37.981941,14.772500
37.999722,14.768610
38.009991,14.764720
38.013611,14.761390
38.012211,14.742780
38.018330,14.735000
38.035549,14.724160
38.045559,14.719720
38.096111,14.705830
38.115551,14.696940
38.128052,14.688330
38.137772,14.683890
38.149719,14.682780
38.174721,14.685560
38.179722,14.687500
38.184170,14.690000
38.187771,14.693330
38.192768,14.695280
38.196911,14.695113
38.199711,14.695000
38.204720,14.692780
38.216660,14.690280
38.223049,14.690830
38.236382,14.689720
38.253330,14.685000
38.261669,14.679440
38.264999,14.675830
38.267490,14.664720
38.267220,14.638050
38.268879,14.626390
38.271111,14.621390
38.273609,14.617220
38.286110,14.608610
38.295830,14.604170
38.303600,14.597780
38.306938,14.594170
38.314991,14.581670
38.316109,14.576110
38.320000,14.566390
38.327499,14.533330
38.331379,14.522780
38.334160,14.518610
38.340832,14.511670
38.349159,14.505830
38.373600,14.494720
38.379169,14.493330
38.387501,14.487500
38.394718,14.474160
38.398331,14.470550
38.411659,14.469440
38.416660,14.467220
38.419998,14.463610
38.422489,14.459440
38.436390,14.425550
38.439720,14.421940
38.443890,14.419170
38.449440,14.417500
38.462780,14.416390
38.468048,14.418330
38.476662,14.423610
38.482220,14.424720
38.488609,14.423050
38.501942,14.416390
38.507500,14.415000
38.513889,14.415280
38.521938,14.421390
38.533329,14.423610
38.552502,14.425000
38.570271,14.428050
38.585270,14.433610
38.593891,14.438890
38.606110,14.440550
38.626659,14.440550
38.638050,14.442780
38.646660,14.448060
38.650280,14.451390
38.668331,14.461110
38.673328,14.463050
38.686390,14.470830
38.698608,14.472500
38.705551,14.472220
38.731380,14.462220
38.737221,14.460830
38.743610,14.461110
38.747219,14.464440
38.757771,14.467500
38.775551,14.469170
38.783062,14.469377
38.795559,14.469720
38.805828,14.480280
38.823608,14.483330
38.828049,14.485830
38.830830,14.490000
38.834438,14.493060
38.839722,14.495000
38.846111,14.495550
38.866390,14.494170
38.872768,14.494440
38.893051,14.500830
38.895931,14.502690
38.905270,14.509160
38.908878,14.512500
38.911942,14.516670
38.916382,14.526110
38.919441,14.530000
38.921661,14.534720
38.926109,14.537220
38.955280,14.542500
38.965549,14.546110
38.988049,14.566110
38.991100,14.570000
38.998329,14.576670
39.002220,14.580000
39.007221,14.581940
39.010830,14.585280
39.013889,14.589170
39.017780,14.599440
39.014439,14.629720
39.014721,14.636390
39.017250,14.647840
39.020279,14.651990
39.024021,14.655160
39.029789,14.655160
39.036381,14.648050
39.040550,14.645280
39.046101,14.643610
39.056110,14.644720
39.061100,14.646670
39.066940,14.647780
39.086658,14.646940
39.101391,14.640280
39.113880,14.631670
39.118740,14.629390
39.135281,14.617780
39.152222,14.600000
39.169720,14.576110
39.173328,14.572780
39.183880,14.555830
39.185829,14.550830
39.188610,14.546670
39.190552,14.541940
39.191669,14.536390
39.194439,14.512220
39.198879,14.503330
39.205830,14.496110
39.209721,14.485550
39.212490,14.468330
39.220551,14.455000
39.227009,14.434300
39.232498,14.433330
39.243328,14.436390
39.247501,14.439170
39.255001,14.446390
39.257221,14.451110
39.260551,14.461940
39.262142,14.469376
39.263325,14.473960
39.266109,14.477500
39.269718,14.480830
39.278332,14.486110
39.297218,14.493610
39.302769,14.494720
39.316940,14.494170
39.329720,14.492500
39.363331,14.483060
39.370281,14.482780
39.381660,14.485000
39.396938,14.490830
39.406109,14.495280
39.421391,14.500830
39.426941,14.501940
39.434067,14.505159
39.447220,14.508050
39.452770,14.508050
39.458328,14.506390
39.465549,14.506110
39.477489,14.507780
39.481941,14.510280
39.485550,14.513610
39.500549,14.533610
39.505550,14.535550
39.517490,14.537220
39.521938,14.539720
39.525551,14.543050
39.527222,14.548330
39.527500,14.555280
39.531391,14.565550
39.534439,14.569440
39.543049,14.574720
39.550282,14.574440
39.555828,14.572780
39.576660,14.558330
39.587490,14.548330
39.599998,14.538890
39.606670,14.531940
39.611938,14.523330
39.613880,14.518610
39.613880,14.510330
39.626942,14.509160
39.639721,14.510000
39.653332,14.508890
39.672779,14.500000
39.683331,14.496110
39.688889,14.494440
39.701389,14.492780
39.705509,14.493078
39.720551,14.494170
39.731380,14.497220
39.746380,14.502780
39.764721,14.512500
39.776112,14.514720
39.789440,14.513610
39.793156,14.511909
39.799160,14.509160
39.803329,14.506110
39.806110,14.501940
39.816109,14.491110
39.821110,14.488890
39.826660,14.488890
39.830280,14.490830
39.836658,14.491110
39.841660,14.488890
39.853329,14.479720
39.855831,14.475280
39.883049,14.446940
39.890419,14.439268
39.892715,14.439036
39.898891,14.434720
39.908611,14.430280
39.920559,14.427780
39.929127,14.427442
39.934719,14.427220
39.940552,14.428330
39.950550,14.431940
39.954990,14.434720
39.969719,14.447780
39.972500,14.451940
39.984161,14.460830
39.991261,14.465100
40.013329,14.460550
40.018879,14.458890
40.044170,14.455280
40.051380,14.455000
40.064159,14.455830
40.075550,14.458330
40.080551,14.460000
40.093609,14.467780
40.105000,14.470000
40.111382,14.470550
40.125549,14.470000
40.128330,14.469170
40.151676,14.465503
40.156658,14.464720
40.228062,14.443510
40.271111,14.424720
40.292500,14.410830
40.301380,14.405830
40.304989,14.405000
40.307499,14.400830
40.311100,14.396940
40.322781,14.387780
40.349720,14.359170
40.353882,14.356390
40.378330,14.331940
40.382500,14.329170
40.392780,14.318610
40.408611,14.306110
40.429440,14.285550
40.437771,14.279720
40.442768,14.277500
40.446941,14.274440
40.458118,14.271070
40.461334,14.266713
40.468891,14.261390
40.488331,14.252220
40.502220,14.247780
40.521660,14.238610
40.529999,14.232780
40.548611,14.223330
40.552769,14.220280
40.568890,14.214720
40.583611,14.208050
40.587490,14.205280
40.592499,14.203050
40.614170,14.195830
40.620548,14.195000
40.637211,14.190280
40.649990,14.188330
40.658836,14.187593
40.663330,14.187220
40.693600,14.182500
40.748890,14.172780
40.778618,14.163959
40.791660,14.158050
40.797218,14.156390
40.801941,14.154170
40.814442,14.145280
40.823425,14.135791
40.830551,14.126940
40.838612,14.114170
40.845280,14.107220
40.849442,14.104170
40.856110,14.096940
40.864441,14.091390
40.867771,14.087780
40.884159,14.076110
40.895271,14.065830
40.906658,14.056670
40.909439,14.052220
40.929161,14.032220
40.931660,14.028060
40.938610,14.021110
40.949711,14.004720
40.956669,13.997500
40.959160,13.993330
40.962490,13.989720
40.966660,13.986940
40.983601,13.969170
40.987782,13.966110
41.008049,13.944720
41.010551,13.940550
41.017490,13.933330
41.020000,13.929160
41.047218,13.900000
41.052502,13.891390
41.059170,13.884440
41.061661,13.880000
41.068600,13.872780
41.077221,13.860280
41.097771,13.827220
41.103050,13.818610
41.104721,13.813890
41.115551,13.796940
41.119999,13.787780
41.125271,13.779440
41.127220,13.774440
41.132500,13.766110
41.139999,13.746390
41.169170,13.700000
41.173050,13.690280
41.178329,13.681670
41.181938,13.671940
41.189991,13.659170
41.191940,13.654440
41.195271,13.650830
41.203049,13.638050
41.212219,13.619720
41.214813,13.616733
41.224998,13.605000
41.232498,13.598330
41.240551,13.592500
41.258610,13.582220
41.273609,13.571940
41.278610,13.569720
41.290829,13.561110
41.304722,13.553610
41.322491,13.542500
41.341942,13.533610
41.355000,13.525280
41.368889,13.517780
41.417221,13.482220
41.428051,13.472220
41.444439,13.460550
41.449440,13.458050
41.452221,13.455280
41.476662,13.437780
41.499439,13.425280
41.523609,13.413890
41.527771,13.410830
41.532490,13.408610
41.549721,13.397780
41.561939,13.388890
41.566940,13.386670
41.587490,13.371940
41.594158,13.367500
41.599159,13.365280
41.615551,13.353610
41.618889,13.350000
41.623051,13.347220
41.629711,13.340000
41.641392,13.330550
41.648048,13.323330
41.652222,13.320550
41.678051,13.297500
41.756939,13.236390
41.781391,13.211940
41.786659,13.203330
41.798611,13.187780
41.814159,13.162220
41.818890,13.153330
41.822491,13.143330
41.832218,13.125830
41.834160,13.120830
41.842220,13.108330
41.843891,13.103330
41.843861,13.098540
41.846661,13.099160
41.849998,13.095550
41.860550,13.078610
41.865002,13.069440
41.868050,13.058890
41.871941,13.049170
41.873051,13.043610
41.875549,13.039440
41.876659,13.033890
41.882500,13.019170
41.893330,12.996110
41.896111,12.991940
41.897770,12.986940
41.900551,12.982780
41.912498,12.953330
41.915279,12.949170
41.916939,12.944170
41.922218,12.935830
41.924160,12.930830
41.929440,12.922500
41.932781,12.918890
41.951111,12.889170
41.957218,12.881390
41.970551,12.866940
41.978050,12.859720
41.986111,12.853890
42.000000,12.846390
42.010281,12.842500
42.024158,12.838610
42.028881,12.836110
42.040279,12.833050
42.044998,12.830830
42.056110,12.827500
42.065830,12.823060
42.076939,12.819720
42.097771,12.811940
42.112221,12.805000
42.116100,12.802220
42.125832,12.797500
42.138050,12.788890
42.143051,12.786660
42.146938,12.782780
42.159161,12.774170
42.162769,12.770550
42.174999,12.761670
42.178329,12.758050
42.190552,12.749440
42.198051,12.742780
42.208050,12.731940
42.211391,12.729720
42.217499,12.721940
42.233059,12.696660
42.241390,12.677780
42.249161,12.665000
42.255829,12.657780
42.258610,12.653610
42.262772,12.650550
42.265270,12.646390
42.271938,12.639170
42.378361,12.444450
42.380276,12.446667
42.393890,12.463333
42.399723,12.469722
42.415279,12.486389
42.430836,12.502778
42.446388,12.519166
42.455828,12.528875
# Triangles
95,94,111
108,97,96
99,98,97
96,95,108
90,89,88
92,112,94
92,91,90
93,92,94
94,112,111
90,112,92
102,101,99
99,101,100
102,99,103
104,103,99
105,104,106
97,104,99
107,104,108
110,109,111
107,106,104
95,109,108
97,108,104
95,111,109
112,90,88
70,69,71
71,69,68
80,79,78
71,73,72
66,65,68
64,73,71
68,65,71
68,67,66
65,64,71
87,8,123
83,82,81
84,83,85
87,86,85
87,85,74
83,76,85
76,75,74
74,85,76
80,77,81
80,78,77
81,77,76
83,81,76
87,74,73
87,112,88
8,87,73
116,113,122
114,113,116
116,115,114
112,87,113
118,122,119
117,116,122
119,122,121
121,120,119
113,123,122
122,118,117
123,137,125
124,123,125
126,125,128
128,127,126
129,128,130
125,131,128
131,130,128
132,131,133
134,136,135
137,131,125
137,133,131
133,137,134
87,123,113
137,136,134
138,137,140
140,139,138
158,141,166
148,143,149
144,143,146
158,143,142
144,146,145
146,143,148
146,148,147
158,142,141
276,141,140
149,143,150
152,154,153
155,152,151
150,157,151
157,156,155
157,150,143
155,154,152
159,158,166
157,155,151
158,157,143
278,140,137
137,123,8
63,73,64
190,189,274
274,194,190
188,187,141
190,194,191
188,141,189
141,187,186
259,256,260
256,259,258
256,255,260
257,256,258
274,195,194
277,276,140
255,261,260
192,191,193
196,195,263
194,193,191
186,166,141
253,252,251
261,197,196
197,261,250
253,250,261
250,253,251
261,255,253
255,254,253
179,186,185
276,274,141
140,278,277
273,195,274
275,274,276
189,141,274
59,58,57
62,61,59
59,61,60
59,51,63
370,278,4
273,263,195
279,278,360
265,264,272
266,265,271
261,263,262
261,196,263
263,273,264
270,266,271
270,267,266
270,268,267
268,270,269
271,265,272
273,272,264
62,59,63
167,166,186
172,186,179
174,178,177
165,164,159
186,172,167
174,172,179
177,176,174
159,164,160
185,183,182
185,182,181
179,178,174
179,185,180
181,180,185
166,165,159
160,163,161
163,160,164
161,163,162
170,169,168
168,167,172
174,173,172
170,168,171
171,168,172
176,175,174
199,198,249
201,215,202
205,203,202
248,200,199
248,199,249
242,248,247
248,241,200
200,215,201
198,197,249
250,249,197
247,246,245
205,207,206
205,204,203
240,224,241
205,202,207
238,240,239
202,215,207
243,247,244
241,223,200
242,247,243
241,248,242
245,244,247
184,183,185
4,278,137
73,63,8
209,211,210
211,209,214
211,214,212
213,212,214
209,208,214
215,214,208
223,216,215
217,216,218
223,215,200
229,225,233
224,223,241
225,224,233
215,208,207
222,221,216
222,216,223
221,220,216
216,219,218
216,220,219
226,225,227
229,233,231
225,228,227
228,225,229
230,229,231
235,237,236
237,235,234
233,232,231
233,224,234
237,234,238
346,317,280
280,317,281
345,337,317
282,281,317
338,344,343
240,234,224
337,336,318
313,283,282
284,283,312
334,319,335
319,336,335
329,334,333
343,341,340
343,340,338
338,345,344
339,338,340
345,338,337
341,343,342
240,238,234
299,286,304
306,286,285
300,299,303
302,300,303
301,300,302
286,299,298
307,310,308
306,310,307
305,304,286
304,303,299
306,305,286
306,285,310
288,293,292
294,288,287
288,292,291
288,290,289
290,288,291
297,294,298
295,297,296
293,288,294
295,294,297
294,287,298
287,286,298
318,317,337
318,336,319
326,321,320
334,320,319
312,283,313
333,331,330
330,329,333
334,328,327
334,329,328
326,320,327
320,334,327
332,331,333
311,284,312
313,316,314
311,310,285
310,309,308
311,285,284
322,321,324
324,321,326
324,326,325
323,322,324
316,315,314
282,316,313
282,317,316
361,278,362
364,363,368
359,279,360
364,367,365
278,361,360
369,368,363
370,369,278
372,371,370
365,367,366
370,373,372
368,367,364
278,363,362
355,357,356
358,357,355
353,352,350
359,354,349
358,355,354
375,374,378
373,370,374
359,358,354
354,353,349
379,374,454
347,279,348
375,377,376
377,375,378
380,379,388
381,380,382
374,379,378
382,380,387
387,380,388
389,388,379
386,383,387
387,383,382
389,391,390
454,389,379
389,392,391
389,393,392
383,385,384
383,386,385
394,396,395
396,394,403
398,400,399
400,398,397
396,402,397
389,394,393
374,370,454
389,454,394
351,350,352
348,279,349
397,401,400
350,349,353
403,402,396
454,403,394
448,415,414
407,406,414
454,414,406
402,401,397
347,346,280
410,409,408
408,413,410
346,345,317
410,412,411
412,410,413
448,419,415
416,415,417
408,407,413
407,414,413
454,406,405
347,280,279
417,419,418
417,415,419
440,421,441
421,420,441
439,437,421
439,421,440
421,437,422
423,430,424
437,439,438
437,436,422
422,431,423
420,419,448
424,429,425
424,430,429
425,429,426
426,428,427
428,426,429
422,432,431
432,422,436
432,436,434
432,434,433
434,436,435
423,431,430
454,405,404
403,454,404
359,349,279
278,369,363
59,57,51
55,54,53
55,53,52
56,52,51
52,56,55
4,137,8
49,48,47
42,49,47
50,49,63
8,63,49
50,63,51
655,4,3
455,370,4
685,684,683
686,685,687
681,683,682
685,683,680
687,685,679
690,692,691
696,692,690
687,689,688
711,701,689
689,687,711
689,696,690
49,22,8
683,681,680
9,8,20
7,5,4
6,5,7
671,3,718
708,710,709
712,672,671
45,44,46
710,708,701
708,706,701
707,706,708
46,42,47
705,704,706
696,698,697
701,698,696
696,694,693
694,696,695
696,693,692
701,704,703
704,701,706
701,703,702
700,699,701
701,699,698
701,696,689
8,7,4
649,648,647
650,649,651
645,647,646
647,645,643
585,652,649
655,654,4
656,655,3
652,651,649
654,653,455
654,455,4
653,652,455
637,636,635
638,637,639
634,632,635
635,632,637
643,637,628
643,642,641
644,643,645
639,641,640
641,639,643
643,639,637
643,589,647
649,647,588
672,674,673
674,672,677
670,669,668
671,670,668
687,672,711
679,678,677
677,672,687
674,676,675
676,674,677
687,679,677
680,679,685
660,662,661
660,3,662
658,657,656
659,658,660
3,660,658
667,666,664
662,3,667
663,662,664
665,664,666
664,662,667
667,3,668
658,656,3
668,3,671
633,632,634
44,43,42
19,17,9
42,41,49
40,49,41
726,3,2
17,16,9
13,11,16
9,16,10
16,11,10
12,11,13
36,40,39
49,40,35
0,766,1
1,761,760
1,759,757
760,759,1
2,1,728
762,764,763
762,765,764
765,762,766
762,761,1
762,1,766
767,766,0
758,757,759
38,37,36
36,35,40
34,33,27
35,34,27
35,24,49
33,31,28
29,31,30
28,31,29
27,33,28
33,32,31
27,25,35
18,17,19
20,19,9
13,16,14
14,16,15
25,24,35
26,25,27
22,21,20
23,22,24
49,24,22
20,8,22
38,36,39
725,3,726
726,2,727
723,722,721
723,3,724
724,3,725
731,733,732
733,731,755
728,1,729
730,729,731
731,729,755
2,728,727
714,713,712
715,714,716
710,701,711
672,712,711
714,712,716
720,719,718
720,3,721
716,718,717
716,671,718
718,3,720
716,712,671
721,3,723
750,749,747
751,750,752
745,754,747
748,747,749
750,747,754
755,757,756
735,733,755
750,753,752
753,750,754
735,755,754
747,746,745
737,739,738
739,737,736
733,735,734
736,735,739
739,735,741
743,745,744
745,743,741
740,739,741
742,741,743
741,735,745
754,745,735
1,755,729
755,1,757
44,42,46
370,455,454
456,455,534
453,452,454
456,471,457
452,414,454
459,458,469
465,461,460
461,463,462
464,463,461
460,459,468
457,470,458
466,465,460
468,467,466
464,461,465
452,451,449
469,458,470
472,471,456
468,466,460
473,472,481
459,469,468
457,471,470
456,509,472
449,451,450
529,528,524
530,529,523
524,523,529
527,524,528
524,527,526
531,530,512
509,456,534
574,536,535
531,533,532
533,531,510
534,533,509
530,523,512
509,482,472
533,510,509
503,509,508
476,474,473
476,475,474
507,504,508
511,510,531
526,525,524
513,522,514
511,531,512
512,523,513
513,523,522
534,455,535
455,652,535
480,478,477
480,479,478
477,476,480
448,414,449
481,480,476
481,472,482
503,487,484
485,484,486
482,503,483
473,481,476
444,446,445
447,446,444
441,443,442
443,441,444
444,441,448
487,486,484
489,488,498
490,489,497
488,487,503
448,447,444
484,483,503
441,420,448
506,505,507
508,504,503
507,505,504
514,521,515
482,509,503
519,521,520
521,519,518
516,518,517
518,516,521
521,516,515
492,495,493
496,492,491
493,495,494
495,492,496
490,496,491
503,501,500
503,500,499
490,497,496
498,503,499
498,497,489
501,503,502
498,488,503
522,521,514
414,452,449
601,599,602
599,601,600
598,605,599
602,599,603
597,605,598
606,608,607
596,608,606
599,604,603
604,599,605
596,606,605
596,605,597
589,588,647
620,592,590
588,586,585
586,588,587
588,585,649
594,596,595
594,593,608
592,591,590
593,592,608
594,608,596
592,610,608
590,589,643
624,626,625
626,624,623
621,623,622
626,623,628
628,623,621
630,632,631
630,628,637
628,627,626
629,628,630
621,590,643
590,621,620
612,614,613
614,612,610
610,609,608
611,610,612
614,610,616
618,620,619
618,610,592
616,615,614
617,616,618
618,616,610
620,618,592
628,621,643
580,579,652
538,569,539
549,539,567
546,541,540
543,542,541
539,547,540
548,539,549
548,547,539
559,561,560
550,549,559
547,546,540
559,558,550
559,549,567
538,537,573
545,543,541
545,544,543
551,553,552
545,541,546
551,557,556
556,554,551
554,553,551
554,556,555
551,550,557
550,558,557
576,578,577
578,576,579
574,573,537
575,574,576
537,536,574
583,582,581
583,580,585
535,579,576
581,580,583
579,535,652
576,574,535
565,564,562
567,566,565
562,561,565
563,562,564
565,561,559
571,570,569
572,571,573
567,569,568
565,559,567
567,539,569
538,571,569
573,571,538
584,583,585
585,580,652
637,632,630
57,56,51
