# Nepal region 0
158 155
# Outer Vertices
80.858582,30.174709
80.904137,30.216930
80.936363,30.181379
81.027397,30.204700
81.109703,30.024719
81.223587,30.010269
81.301910,30.083599
81.290802,30.130550
81.356628,30.145281
81.396362,30.283051
81.411362,30.380831
81.541924,30.330549
81.615517,30.419710
82.100517,30.342220
82.165802,30.079720
82.557739,29.942770
82.855240,29.668880
82.992188,29.672501
83.085251,29.585270
83.164978,29.633051
83.257477,29.580000
83.284409,29.474430
83.346077,29.496660
83.602463,29.165831
83.677193,29.161940
83.720520,29.228880
84.023590,29.279160
84.176361,29.213881
84.199692,29.062771
84.256088,29.042219
84.231354,28.929440
84.823303,28.551941
84.939682,28.540001
85.059967,28.641100
85.189957,28.603319
85.181923,28.530001
85.101913,28.446659
85.103302,28.316380
85.283859,28.272221
85.538300,28.289440
85.619957,28.251110
85.705811,28.340549
85.780807,28.206100
85.916367,28.096939
85.918854,28.033331
85.978027,27.989710
85.973022,27.915819
86.014420,27.882771
86.131638,27.926109
86.092468,28.078051
86.183578,28.163879
86.215263,28.118330
86.219704,28.016109
86.444962,27.908051
86.534973,27.954990
86.571907,28.105829
86.704147,28.111099
86.758034,28.080271
86.764137,28.026661
86.874130,28.017780
86.933029,27.950550
87.030258,27.965269
87.192734,27.823050
87.404137,27.860550
87.393593,27.809160
87.546082,27.845831
87.720520,27.804991
87.797203,27.837219
87.853851,27.914721
88.142357,27.868090
88.195801,27.841379
88.045807,27.485270
88.066650,27.436939
88.013031,27.212210
87.996918,27.102489
88.149139,26.920271
88.192734,26.731380
88.089417,26.431110
88.003311,26.367210
87.921913,26.448601
87.593033,26.379440
87.476913,26.435551
87.390533,26.414709
87.328033,26.347771
87.133591,26.413330
87.053848,26.587219
86.994423,26.528879
86.948517,26.532650
86.725800,26.421379
86.325813,26.614161
86.206627,26.585550
86.029419,26.663050
85.855530,26.570271
85.807190,26.602489
85.728577,26.673050
85.726067,26.801661
85.623291,26.866940
85.334412,26.735821
85.211639,26.766939
85.186630,26.794991
85.194412,26.854441
85.167191,26.870831
85.036362,26.850550
84.933296,26.967489
84.750259,27.007500
84.644127,27.056660
84.681084,27.140829
84.679138,27.235270
84.594971,27.341940
84.297737,27.388330
84.192459,27.476379
84.098862,27.516109
84.040253,27.444710
83.923683,27.452971
83.832748,27.427490
83.878304,27.368610
83.858307,27.352221
83.607742,27.469160
83.386368,27.472771
83.389969,27.396660
83.330544,27.337490
83.275803,27.343330
83.176361,27.448879
82.764420,27.505270
82.701080,27.711109
82.424133,27.679440
82.170807,27.857220
81.999687,27.922211
81.880249,27.857220
81.476067,28.083330
81.470253,28.123600
81.388313,28.174440
81.319977,28.129999
81.188858,28.369160
80.910522,28.457220
80.831093,28.505270
80.569977,28.684719
80.505539,28.658331
80.508591,28.566940
80.440247,28.628880
80.357742,28.629440
80.313019,28.697210
80.055801,28.836109
80.062180,28.936380
80.124680,28.984159
80.149696,29.112490
80.259140,29.149441
80.239960,29.214710
80.287750,29.205549
80.306923,29.310551
80.275803,29.322491
80.241348,29.439989
80.409973,29.606380
80.374130,29.744160
80.420242,29.789160
80.479973,29.796659
80.875519,30.143049
80.858582,30.174709
# Triangles
133,132,131
135,134,133
135,5,136
128,127,130
130,129,128
133,130,16
133,131,130
135,133,5
142,141,144
144,143,142
146,145,144
146,144,141
139,138,137
137,136,141
141,139,137
141,140,139
136,146,141
127,16,130
121,120,119
119,118,121
121,118,122
116,115,114
113,112,111
114,113,117
116,114,117
117,113,111
122,124,123
124,122,118
126,125,124
18,126,124
124,118,23
30,111,31
30,117,111
28,30,29
24,117,30
31,111,110
23,118,117
127,126,16
28,24,30
151,150,149
147,146,148
152,151,149
149,136,152
154,153,155
155,153,152
148,136,149
152,136,5
2,156,4
157,2,1
2,157,156
156,155,4
4,155,152
7,6,8
5,14,6
4,3,2
152,5,4
146,136,148
22,21,23
18,20,19
20,18,21
18,124,21
23,21,124
24,26,25
24,28,26
28,27,26
16,126,18
9,8,11
11,10,9
12,11,13
8,14,11
17,16,18
14,13,11
15,14,16
14,8,6
14,5,133
14,133,16
117,24,23
99,98,100
100,98,97
93,92,91
94,93,95
95,93,91
47,96,95
106,105,104
38,108,107
108,37,110
106,103,107
100,96,101
96,100,97
102,101,103
38,103,101
103,38,107
106,104,103
101,96,46
47,95,91
84,83,82
82,85,84
80,79,81
79,78,77
79,77,76
85,82,81
74,81,79
89,88,87
85,53,89
85,89,87
85,81,74
89,53,91
86,85,87
85,74,64
73,72,71
64,74,73
74,79,75
75,79,76
89,91,90
71,66,73
46,44,40
44,42,40
42,44,43
41,40,42
44,46,45
46,40,38
48,47,53
51,50,49
49,48,52
101,46,38
37,36,32
32,31,37
33,32,36
36,35,33
31,110,37
39,38,40
35,34,33
108,38,37
46,96,47
62,64,63
85,62,60
85,60,53
64,66,65
53,47,91
66,71,67
67,69,68
67,71,69
70,69,71
64,73,66
56,55,54
54,58,56
52,51,49
61,60,62
58,57,56
59,58,60
60,58,54
54,53,60
53,52,48
85,64,62
108,110,109
