# Spain region 8
322 319
# Outer Vertices
1.435247,42.597149
1.446388,42.572208
1.448333,42.450821
1.533333,42.436100
1.710967,42.473499
1.787500,42.490261
1.953055,42.437199
1.976666,42.374699
2.086944,42.363319
2.254167,42.434711
2.476666,42.351650
2.671111,42.338322
2.678333,42.401649
3.038333,42.474979
3.150833,42.433319
3.176962,42.437611
3.187500,42.348598
3.317222,42.324989
3.222222,42.234989
3.158611,42.262489
3.110833,42.196659
3.133889,42.118320
3.202500,42.078880
3.179444,41.874149
2.819444,41.685822
2.495277,41.548599
2.249722,41.448040
2.126944,41.295551
1.666667,41.199711
1.213333,41.104710
1.088889,41.063042
0.993056,41.048038
0.704167,40.813042
0.723055,40.775829
0.895000,40.728321
0.851667,40.676102
0.635556,40.623878
0.546389,40.573601
0.261389,40.208321
0.186389,40.165272
0.131944,40.070820
0.048889,40.036098
-0.061944,39.863319
-0.179445,39.736099
-0.337500,39.440540
-0.275000,39.271099
-0.108333,38.945820
0.008889,38.862209
0.188889,38.808601
0.236111,38.744431
0.033611,38.629429
-0.050556,38.595539
-0.065278,38.545818
-0.399167,38.408600
-0.476389,38.338039
-0.517500,38.294430
-0.509167,38.211651
-0.612222,38.178879
-0.658056,38.051929
-0.683889,37.968880
-0.759444,37.861931
-0.747222,37.790272
-0.787500,37.813320
-0.860000,37.716648
-0.740833,37.630260
-0.751111,37.776932
-0.690556,37.631378
-0.816667,37.573318
-1.269167,37.555271
-1.384444,37.525829
-1.769167,37.245270
-1.821360,37.267750
-1.786686,37.246948
-1.897222,36.946098
-1.998889,36.884159
-2.025000,36.828880
-2.174445,36.720268
-2.298889,36.829430
-2.555556,36.814709
-2.696945,36.681099
-2.859723,36.695271
-2.928889,36.749710
-3.529445,36.715820
-3.713889,36.731659
-3.906111,36.741650
-4.398334,36.722210
-4.677222,36.501659
-5.165556,36.415272
-5.311389,36.233601
-5.344723,36.149990
-5.381667,36.178322
-5.432778,36.174160
-5.422223,36.075821
-5.605556,35.999710
-5.773334,36.077209
-6.151668,36.296940
-6.263056,36.481659
-6.233334,36.461380
-6.172778,36.512211
-6.250278,36.508320
-6.230834,36.574989
-6.392501,36.626381
-6.443890,36.718880
-6.355556,36.787491
-6.339723,36.889431
-6.358056,36.794708
-6.420556,36.856659
-6.573890,37.015820
-6.904723,37.165539
-6.937500,37.193878
-6.972222,37.285259
-6.953889,37.172211
-7.174723,37.227489
-7.384167,37.169708
-7.418165,37.173370
-7.514167,37.573318
-7.297500,37.848042
-7.254723,37.987492
-7.146111,38.005260
-7.006945,38.028042
-6.944166,38.162762
-6.948055,38.218319
-7.087778,38.174431
-7.144167,38.270260
-7.307071,38.425598
-7.329722,38.447201
-7.301111,38.524990
-7.292252,38.570660
-7.265556,38.708321
-7.155833,38.790272
-6.953889,39.026932
-6.961111,39.056648
-7.040556,39.122761
-7.115833,39.104160
-7.154167,39.122761
-7.140000,39.173321
-7.243055,39.213039
-7.235000,39.276371
-7.313611,39.344700
-7.293612,39.467758
-7.442499,39.551090
-7.533333,39.668880
-7.407778,39.648319
-7.017222,39.674992
-6.863889,40.015541
-7.014445,40.146648
-7.006111,40.230808
-6.960834,40.240261
-6.787500,40.341648
-6.848333,40.443310
-6.791111,40.518040
-6.839167,40.574989
-6.797778,40.657761
-6.829445,40.755260
-6.799722,40.856091
-6.891667,40.974701
-6.924444,41.031368
-6.808611,41.040539
-6.681389,41.215542
-6.598333,41.244148
-6.433888,41.322491
-6.318611,41.387211
-6.329445,41.415260
-6.217778,41.529430
-6.194444,41.593040
-6.355833,41.677761
-6.497778,41.657490
-6.539444,41.679428
-6.562778,41.745258
-6.508612,41.873871
-6.568611,41.887211
-6.545000,41.937199
-6.581667,41.967480
-6.628056,41.941090
-6.809444,41.990261
-6.837778,41.947201
-7.152223,41.988590
-7.200556,41.883598
-7.427222,41.812481
-7.456944,41.864429
-7.524445,41.840542
-7.611944,41.834980
-7.591667,41.879711
-7.706111,41.904430
-7.880000,41.852772
-7.886111,41.923321
-7.912222,41.889709
-7.981944,41.866379
-8.140835,41.809151
-8.218889,41.913601
-8.082777,42.025261
-8.090000,42.068878
-8.185833,42.064701
-8.201389,42.152210
-8.621111,42.053600
-8.812395,41.904530
-8.871946,41.875820
-8.898613,42.108051
-8.778334,42.207760
-8.612780,42.315540
-8.625278,42.353600
-8.683889,42.279709
-8.857500,42.247761
-8.853889,42.307770
-8.813612,42.279991
-8.830833,42.342770
-8.767223,42.340260
-8.656389,42.427761
-8.841112,42.391380
-8.942223,42.466930
-8.871946,42.500820
-8.869722,42.453602
-8.807501,42.504711
-8.827778,42.574711
-8.730835,42.661098
-8.825001,42.665821
-8.856112,42.607769
-8.886391,42.639992
-9.017223,42.521381
-9.035278,42.568050
-9.085001,42.576382
-8.933613,42.772770
-8.856112,42.819439
-8.903891,42.828320
-8.953890,42.775829
-9.068611,42.754711
-9.135834,42.791100
-9.101667,42.823318
-9.141945,42.861660
-9.185001,42.952492
-9.181391,42.915539
-9.245279,42.921940
-9.293335,42.922489
-9.274168,43.024712
-9.145557,43.193050
-9.025278,43.213039
-8.934723,43.229710
-8.981945,43.276100
-8.837502,43.345268
-8.724445,43.291100
-8.539446,43.309711
-8.405834,43.384708
-8.386112,43.339432
-8.335556,43.373322
-8.329723,43.403881
-8.215834,43.330540
-8.216667,43.398041
-8.285278,43.432770
-8.241112,43.490261
-8.339724,43.456928
-8.319445,43.562210
-8.253613,43.558041
-8.089445,43.661930
-7.865834,43.772209
-7.850834,43.714710
-7.899167,43.670269
-7.854445,43.668320
-7.790833,43.734150
-7.685834,43.774429
-7.693612,43.730820
-7.605556,43.713329
-7.570556,43.711651
-7.484167,43.727772
-7.248889,43.579151
-7.038889,43.557491
-7.045279,43.489990
-6.943611,43.577770
-6.349723,43.558601
-6.163611,43.572208
-5.954722,43.580540
-5.851945,43.652760
-5.529167,43.548599
-5.398056,43.552490
-5.381390,43.526100
-5.288889,43.533871
-5.214723,43.479710
-4.692223,43.417488
-4.216945,43.393879
-4.051390,43.442490
-3.823611,43.448879
-3.797223,43.412209
-3.654167,43.491650
-3.515556,43.490822
-3.430556,43.464432
-3.460556,43.442211
-3.429722,43.411098
-3.231389,43.398319
-3.118611,43.350819
-3.009167,43.381100
-2.941667,43.435551
-2.728333,43.425819
-2.295556,43.296101
-1.880000,43.344990
-1.810488,43.385891
-1.655833,43.309429
-1.620000,43.256378
-1.409167,43.273041
-1.381945,43.196651
-1.472778,43.091091
-1.440556,43.048321
-1.360278,43.031651
-1.288333,43.106091
-1.300556,43.071659
-0.818889,42.946091
-0.746944,42.965542
-0.656111,42.863602
-0.519167,42.790821
-0.500833,42.822208
-0.392222,42.796379
-0.306667,42.849152
-0.187778,42.785820
-0.123889,42.757488
-0.057500,42.694149
0.261944,42.717480
0.291111,42.675819
0.412500,42.695259
0.676111,42.689152
0.668055,42.748039
0.667778,42.839149
0.815833,42.841091
1.383611,42.689701
1.435247,42.597149
# Triangles
115,114,113
116,118,117
113,112,115
115,112,116
125,124,126
123,127,126
124,123,126
127,129,128
129,123,121
123,129,127
110,116,112
137,136,135
134,133,135
135,143,137
139,137,143
121,123,122
119,118,116
190,189,188
185,184,183
183,191,185
188,187,190
186,185,187
185,190,187
196,195,197
141,140,142
140,139,142
139,138,137
182,180,179
182,181,180
179,178,177
182,179,176
183,182,176
143,142,139
176,179,177
135,133,132
107,119,110
110,119,116
130,129,121
143,131,144
110,112,111
132,131,143
145,147,146
144,147,145
143,135,132
144,131,130
103,102,101
120,107,104
106,104,107
121,120,85
120,119,107
85,144,130
110,108,107
109,108,110
121,85,130
144,84,148
147,144,148
151,150,152
150,149,148
161,152,150
154,152,160
156,155,157
154,157,155
154,153,152
157,154,159
160,152,161
159,158,157
166,165,168
159,154,160
170,169,171
168,167,166
168,165,169
164,171,169
172,171,269
161,150,148
106,105,104
211,210,209
209,208,211
217,221,219
215,217,216
218,217,219
221,220,219
203,202,204
201,206,204
199,198,194
208,207,212
204,202,201
205,204,206
213,212,214
212,207,214
211,208,212
222,214,240
198,197,194
226,225,227
227,223,228
223,229,228
233,232,231
229,234,233
229,231,230
235,234,229
229,233,231
227,225,224
222,221,215
215,214,222
223,222,236
223,235,229
236,239,238
239,236,222
236,238,237
235,223,236
222,240,239
223,227,224
215,221,217
201,200,206
214,242,240
207,206,200
193,207,200
199,193,200
242,214,245
207,193,214
242,241,240
245,244,243
245,243,242
199,194,193
176,175,174
176,263,183
174,173,172
265,176,174
183,263,245
245,193,191
245,214,193
185,191,190
192,191,193
183,245,191
255,246,245
267,265,174
250,249,248
248,251,250
247,246,248
251,248,252
252,255,253
248,246,252
255,254,253
255,252,246
255,245,256
262,261,263
260,256,263
267,266,265
265,264,263
263,261,260
257,259,258
257,256,259
260,259,256
245,263,256
176,265,263
172,267,174
197,195,194
164,169,165
98,95,94
93,92,91
93,91,94
98,94,91
98,100,99
98,97,95
98,104,100
96,95,97
101,100,103
98,91,87
90,89,88
87,86,85
87,91,88
88,91,90
78,80,79
104,98,87
104,87,85
103,100,104
161,148,84
71,163,83
71,82,81
81,80,78
84,83,163
83,82,71
104,85,120
84,163,161
84,144,85
71,78,77
161,163,162
81,78,71
74,71,77
74,73,71
71,73,72
163,71,44
71,70,69
68,67,63
63,67,64
69,68,57
44,71,69
74,77,75
76,75,77
63,62,68
66,65,64
66,64,67
62,61,60
60,59,58
57,56,55
44,57,55
57,68,58
68,60,58
57,44,69
53,52,51
53,51,46
45,54,53
46,51,47
50,49,48
50,48,47
51,50,47
55,54,45
53,46,45
45,44,55
43,42,41
299,44,43
163,44,287
40,39,41
37,36,32
38,37,39
306,41,39
37,306,39
33,32,36
34,33,35
33,36,35
37,32,312
30,29,31
28,27,26
29,28,2
31,29,2
314,32,31
300,43,41
68,62,60
28,26,7
163,287,164
298,292,291
292,295,294
298,295,292
292,294,293
44,291,287
285,287,286
164,287,280
291,288,287
290,288,291
280,277,164
164,277,276
44,299,291
303,305,304
305,303,300
300,303,302
300,306,305
298,296,295
296,298,297
302,301,300
299,298,291
43,300,299
272,271,273
271,164,273
275,274,273
273,164,275
171,271,269
268,267,172
271,270,269
172,269,268
275,164,276
281,285,284
285,281,280
289,288,290
280,287,285
279,278,280
284,282,281
283,282,284
277,280,278
271,171,164
8,10,9
10,8,25
24,11,10
13,12,11
24,10,25
7,26,8
5,7,6
7,4,3
28,7,3
11,24,21
3,2,28
20,11,21
23,22,21
24,23,21
14,19,16
20,19,13
16,15,14
16,19,18
18,17,16
14,13,19
13,11,20
312,311,310
314,313,312
314,31,315
314,312,32
307,306,308
308,310,309
308,306,312
312,310,308
306,37,312
2,1,321
7,5,4
319,318,317
319,317,316
316,320,319
316,2,320
2,321,320
315,31,316
316,31,2
300,41,306
26,25,8
