# Spain region 1
24 21
# Outer Vertices
3.063611,39.263599
2.902222,39.359711
2.793056,39.362492
2.729167,39.467770
2.722500,39.529991
2.618889,39.550270
2.523611,39.453041
2.358055,39.557491
2.373055,39.610821
2.660833,39.762760
2.815833,39.861660
3.130833,39.917488
3.091944,39.901371
3.111944,39.866379
3.205277,39.867489
3.154444,39.834709
3.123888,39.822491
3.147222,39.779430
3.247777,39.734711
3.452777,39.749989
3.463611,39.661381
3.291944,39.472488
3.241944,39.364429
3.063611,39.263599
# Triangles
3,1,4
2,1,3
1,17,4
6,8,7
6,5,8
8,5,9
9,4,10
4,9,5
17,10,4
1,23,22
18,17,21
17,16,10
17,1,21
20,19,18
20,18,21
10,13,12
10,16,13
13,16,15
14,13,15
12,11,10
22,21,1
