# Tajikistan region 0
343 340
# Outer Vertices
70.982162,40.244663
70.996399,40.215302
70.974403,40.181099
70.918098,40.168900
70.861397,40.179699
70.833603,40.159698
70.819702,40.171398
70.775597,40.134998
70.661102,40.103600
70.661697,40.036900
70.643600,39.989399
70.603104,39.958302
70.528297,39.950298
70.498100,39.906898
70.467201,39.936401
70.492500,39.973598
70.552200,40.009399
70.560303,40.026402
70.542198,40.046101
70.348602,40.083099
70.286102,40.132801
70.172798,40.141899
70.024200,40.216400
69.605797,40.111900
69.572197,40.107201
69.540802,40.131401
69.483902,40.036098
69.500298,39.968601
69.526100,39.931900
69.425003,39.901901
69.398102,39.951900
69.338303,39.996399
69.264999,39.860298
69.249199,39.754398
69.311401,39.681702
69.306099,39.539398
69.340599,39.516899
69.362503,39.534401
69.384399,39.559200
69.445801,39.530800
69.543602,39.546101
69.589699,39.578899
69.708099,39.587799
69.772797,39.576401
69.842796,39.537498
69.943100,39.558601
70.002502,39.533901
70.052498,39.580002
70.163101,39.553902
70.227501,39.624699
70.234703,39.526100
70.269203,39.529202
70.356102,39.582199
70.407204,39.577499
70.417198,39.591900
70.491898,39.608299
70.548897,39.582199
70.633904,39.580799
70.673897,39.507500
70.724403,39.476700
70.720596,39.419201
70.747803,39.398602
70.801102,39.388901
70.848602,39.411098
70.889702,39.401901
70.921898,39.435299
70.952499,39.410301
70.997803,39.401100
71.032799,39.411900
71.097198,39.510601
71.203003,39.533600
71.275299,39.516899
71.316101,39.564701
71.406403,39.606400
71.444397,39.602501
71.479698,39.620300
71.553101,39.567200
71.514999,39.498901
71.542503,39.461102
71.605003,39.448601
71.756699,39.462200
71.774399,39.391102
71.731400,39.337502
71.773102,39.278099
71.857201,39.286701
71.979202,39.351898
72.076698,39.374699
72.101700,39.341400
72.109200,39.288101
72.229698,39.245300
72.248596,39.191898
72.306396,39.257198
72.342201,39.336399
72.385803,39.335800
72.415802,39.358601
72.497498,39.351700
72.538597,39.381901
72.593102,39.363899
72.664200,39.401901
72.858299,39.362499
72.948898,39.366402
73.028297,39.351700
73.098602,39.382500
73.153900,39.353298
73.343903,39.394699
73.360298,39.401402
73.369698,39.441898
73.491402,39.470001
73.672440,39.458954
73.671631,39.458881
73.654694,39.438030
73.623863,39.220539
73.851357,38.976089
73.844131,38.945259
73.723297,38.912479
73.705254,38.864151
73.795212,38.661221
73.847198,38.588039
73.974136,38.533600
74.083038,38.547489
74.074417,38.609989
74.354691,38.674431
74.553017,38.600540
74.856628,38.470539
74.862747,38.384159
74.794418,38.306091
74.820534,38.068600
74.913589,38.017761
74.920517,37.938869
74.902763,37.847210
74.990250,37.778591
74.902763,37.647209
74.949402,37.563042
75.187469,37.406651
75.111076,37.383598
75.096626,37.321930
74.898827,37.240299
74.699692,37.391930
74.400803,37.399429
74.363861,37.428600
73.792473,37.229420
73.634407,37.239979
73.619957,37.262760
73.649406,37.304428
73.752762,37.331379
73.776642,37.434429
73.314407,37.463322
73.150528,37.400822
73.081360,37.320541
72.798859,37.229980
72.663589,37.026089
72.346626,36.989979
72.011368,36.812199
71.842743,36.692478
71.695236,36.672211
71.568314,36.741371
71.432190,37.058590
71.446907,37.207760
71.490250,37.284161
71.528847,37.764431
71.588577,37.816090
71.591919,37.903042
71.546356,37.942478
71.374680,37.905819
71.264137,37.918049
71.284698,38.019981
71.363861,38.188030
71.363022,38.248871
71.101913,38.406090
70.880524,38.453041
70.672203,38.414429
70.685516,38.375259
70.596359,38.334148
70.584412,38.278591
70.491913,38.167210
70.378304,38.057758
70.203857,37.920540
70.170242,37.941650
70.165527,37.872211
70.276917,37.741371
70.255539,37.621090
70.134979,37.529148
69.958588,37.564991
69.918030,37.611931
69.515808,37.580818
69.382736,37.455818
69.381348,37.344151
69.451370,37.229980
69.333038,37.124981
69.246628,37.094151
68.999687,37.307758
68.891647,37.317490
68.924408,37.284710
68.904968,37.272209
68.850250,37.324711
68.809402,37.322491
68.825813,37.247761
68.654694,37.246929
68.524979,37.161930
68.412193,37.148041
68.413017,37.104431
68.301643,37.111099
68.278313,37.086929
68.283310,37.019981
68.035522,36.924709
67.910522,37.014431
67.885529,37.061371
67.791641,37.088322
67.777153,37.185799
67.838097,37.261902
67.843903,37.330601
67.817497,37.446098
67.856400,37.535301
67.917198,37.617199
68.073097,37.765301
68.150597,37.928101
68.273903,37.954399
68.296402,38.018101
68.368599,38.112202
68.384201,38.195599
68.331398,38.273300
68.215599,38.332199
68.169403,38.395000
68.127197,38.424400
68.111099,38.498299
68.071899,38.541401
68.080597,38.609200
68.057800,38.696899
68.100800,38.739201
68.083099,38.794399
68.154999,38.808601
68.196404,38.854401
68.183899,38.900799
68.113297,38.997501
68.036903,38.984200
67.968903,39.008900
67.863297,38.976700
67.709396,38.996700
67.687202,39.049400
67.694702,39.134701
67.653900,39.139999
67.617500,39.171902
67.517799,39.167801
67.381897,39.209702
67.367500,39.225300
67.366699,39.294201
67.410599,39.299198
67.442497,39.485600
67.513603,39.495602
67.509697,39.554699
67.604698,39.566399
67.709702,39.625801
67.827499,39.621399
68.082497,39.567200
68.353302,39.536701
68.473297,39.537498
68.540298,39.554699
68.536697,39.587200
68.592499,39.613602
68.629997,39.656101
68.639702,39.855801
68.673897,39.849998
68.722198,39.871399
68.760803,39.827499
68.779404,39.838902
68.774399,39.861900
68.812500,39.878300
68.815598,39.900299
68.775299,39.986900
68.805801,39.971699
68.853302,39.874199
68.909203,39.891399
68.815300,39.993900
68.808296,40.043301
68.785301,40.070599
68.808601,40.083099
68.838600,40.040798
68.900597,40.077499
68.997498,40.070000
69.009399,40.101101
68.987198,40.149200
68.863602,40.141701
68.705803,40.116901
68.601402,40.162800
68.600800,40.178299
68.644440,40.183277
68.768303,40.208099
68.835800,40.194698
68.876099,40.218601
69.032204,40.238602
69.097801,40.224400
69.235298,40.189701
69.321404,40.211899
69.231697,40.281700
69.239998,40.311699
69.307503,40.286400
69.339203,40.327801
69.259697,40.502800
69.210602,40.558899
69.251404,40.589699
69.332199,40.602200
69.334999,40.738098
69.351700,40.768902
69.400299,40.800301
69.459198,40.811100
69.489197,40.785599
69.534401,40.782200
69.680298,40.646702
69.732498,40.638599
69.823097,40.715599
70.050301,40.770000
70.122200,40.826698
70.248100,40.855801
70.316704,40.894199
70.374702,40.958302
70.381699,41.027802
70.430496,41.050301
70.471901,41.037201
70.544197,40.981098
70.728104,40.813900
70.728897,40.800598
70.701103,40.798100
70.667198,40.827499
70.645798,40.822498
70.649399,40.786098
70.692200,40.772202
70.776703,40.755600
70.795456,40.725510
70.579697,40.574699
70.514999,40.549702
70.485001,40.506699
70.350800,40.461700
70.346397,40.429699
70.378304,40.402199
70.375000,40.376701
70.456703,40.351101
70.515800,40.360298
70.558098,40.342499
70.589401,40.255299
70.625801,40.210300
70.716103,40.203899
70.870598,40.242802
70.982162,40.244663
# Triangles
208,207,206
202,206,205
208,206,209
202,209,206
210,213,212
202,210,209
210,212,211
213,210,201
205,204,202
215,214,216
197,216,214
210,202,201
220,222,221
201,214,213
226,225,224
222,231,224
224,223,222
226,224,230
227,226,228
220,231,222
204,203,202
246,243,242
250,248,241
246,242,241
245,244,246
246,248,247
248,246,241
244,243,246
241,240,239
229,228,230
230,228,226
255,232,256
224,231,230
238,236,239
236,238,237
239,236,235
235,234,233
253,239,235
250,241,239
232,255,233
233,253,235
199,214,201
200,199,201
199,198,197
199,197,214
197,195,216
195,197,196
194,193,191
218,194,191
218,195,194
195,218,216
193,192,191
186,189,188
186,188,187
190,186,185
186,190,189
218,191,185
182,181,178
191,190,185
184,218,185
231,220,36
36,177,39
219,184,36
219,36,220
218,184,219
35,231,36
232,231,256
254,233,255
35,256,231
38,37,39
177,40,39
39,37,36
216,218,217
177,183,178
183,182,178
179,178,180
175,177,176
181,180,178
45,44,46
172,46,44
48,46,50
40,44,42
50,170,51
172,44,177
48,50,49
46,172,50
40,177,44
184,177,36
177,184,183
47,46,48
233,254,253
249,248,250
239,253,252
257,256,258
239,252,250
252,251,250
35,264,259
260,259,261
258,35,259
262,261,263
263,259,264
265,264,266
261,259,263
269,268,267
270,267,266
270,264,35
270,269,267
266,264,270
33,271,270
256,35,258
274,273,275
273,276,275
276,273,272
272,271,276
286,281,287
284,283,285
285,283,282
281,286,282
282,286,285
291,279,31
280,279,290
271,277,276
281,280,288
280,289,288
280,290,289
279,291,290
31,279,278
281,288,287
271,278,277
278,271,32
31,278,32
35,33,270
34,33,35
31,30,26
27,26,30
27,30,29
29,28,27
292,31,26
292,291,31
41,40,42
42,44,43
25,24,23
307,25,23
332,21,334
292,26,25
297,299,298
295,292,296
295,294,293
307,300,296
292,295,293
297,296,300
300,299,297
305,303,301
301,303,302
304,303,305
305,301,300
292,25,296
296,25,307
310,309,22
22,309,308
332,22,21
331,310,22
300,307,306
305,300,306
331,311,310
329,313,312
311,331,312
22,332,331
308,307,23
22,308,23
21,20,334
32,271,33
165,164,163
157,156,158
163,162,165
166,165,162
172,175,174
162,167,166
172,174,173
155,154,153
152,158,156
153,152,155
158,152,151
160,159,158
161,160,149
160,158,151
161,90,167
160,151,149
161,167,162
152,156,155
147,90,161
60,51,170
170,172,171
67,169,168
62,170,169
168,83,68
85,87,86
84,88,85
83,167,84
83,168,167
83,82,78
89,88,90
91,95,93
95,91,90
88,84,90
93,92,91
95,97,96
97,95,90
93,95,94
90,84,167
88,87,85
90,99,97
151,150,149
170,50,172
141,140,143
143,140,144
141,143,142
148,147,149
145,144,140
117,146,145
147,146,116
140,139,145
147,99,90
139,138,137
136,135,134
137,136,132
134,132,136
139,131,129
139,137,131
129,131,130
145,139,118
131,137,132
134,133,132
129,126,139
115,114,111
116,99,147
115,99,116
114,113,112
99,101,100
99,115,101
98,97,99
115,111,103
103,101,115
103,111,104
111,114,112
102,101,103
116,146,117
126,125,119
127,126,128
139,126,119
125,124,123
139,119,118
120,119,121
119,122,121
119,125,122
123,122,125
118,117,145
128,126,129
147,161,149
52,51,53
55,54,53
53,56,55
12,15,14
12,16,15
14,13,12
338,19,18
57,56,58
58,60,59
60,58,56
56,53,60
16,11,17
16,12,11
17,11,10
9,8,17
7,340,8
9,17,10
17,8,18
53,51,60
339,18,8
332,334,333
336,335,338
335,334,20
314,316,315
316,314,317
317,314,318
329,324,313
313,324,323
331,330,329
329,312,331
324,329,328
335,19,338
340,339,8
337,336,338
325,328,327
314,323,318
313,323,314
318,323,322
318,322,319
324,328,325
319,322,321
18,339,338
20,19,335
62,61,170
64,67,66
64,62,169
63,62,64
67,64,169
65,64,66
82,79,78
83,78,68
71,68,78
67,168,68
104,111,105
81,80,82
106,105,107
109,108,107
110,109,107
107,105,111
110,107,111
80,79,82
6,341,340
4,3,341
5,4,6
6,4,341
319,321,320
325,327,326
3,0,341
2,0,3
6,340,7
69,68,70
71,77,72
70,68,71
72,77,73
78,77,71
0,2,1
77,75,74
74,73,77
76,75,77
170,61,60
177,175,172
