# Sri Lanka region 0
90 87
# Outer Vertices
79.793442,7.599532
79.755539,7.865832
79.698303,8.197496
79.779137,8.343052
79.730118,8.020807
79.751648,7.988054
79.816933,7.985554
79.830261,8.012775
79.799423,8.051941
79.831650,8.311108
79.942749,8.642498
79.917213,8.937775
80.050262,9.026386
80.122757,9.254164
80.062759,9.331387
80.053589,9.396942
80.194977,9.470274
80.176651,9.500275
80.073029,9.571386
80.089417,9.589720
80.276642,9.499720
80.261917,9.459997
80.309982,9.452774
80.403313,9.497774
80.181091,9.649164
80.181091,9.616941
80.184692,9.582220
79.950813,9.686108
79.919983,9.769720
80.118591,9.818331
80.356087,9.616941
80.443588,9.576385
80.336639,9.658607
80.140259,9.816385
80.206917,9.826109
80.368027,9.653887
80.512756,9.541941
80.801933,9.288609
80.734970,9.302498
80.780258,9.263611
80.804703,9.254164
80.892471,9.111385
80.955811,9.000830
80.873871,9.031664
80.935257,8.930275
80.979713,8.973608
81.083313,8.859997
81.251923,8.559443
81.243591,8.536942
81.208313,8.570831
81.217194,8.511942
81.179138,8.525831
81.130539,8.499998
81.219704,8.462774
81.283310,8.463331
81.289703,8.501942
81.334702,8.516108
81.414642,8.251102
81.443314,8.166941
81.422203,8.134996
81.393860,8.178608
81.428864,8.088053
81.472473,8.100830
81.596649,7.835554
81.638031,7.826110
81.713028,7.717499
81.681923,7.703054
81.619141,7.763887
81.593307,7.727221
81.665527,7.714443
81.714142,7.623610
81.771927,7.450276
81.827477,7.473054
81.858307,7.394165
81.890533,7.000554
81.777763,6.615277
81.661087,6.439999
81.504433,6.336665
81.118874,6.112498
80.634140,5.943609
80.333588,5.973331
80.155258,6.067777
79.994141,6.386388
79.847198,6.879998
79.861359,6.993054
79.807480,7.192221
79.848587,7.123055
79.859703,7.167221
79.826370,7.198888
79.793442,7.599532
# Triangles
1,89,6
89,7,6
89,61,7
4,2,1
1,6,5
5,4,1
3,2,4
9,8,7
89,88,87
84,86,85
84,83,82
82,81,80
84,82,78
87,84,68
52,9,7
87,86,84
9,52,10
11,10,12
44,12,10
13,12,38
68,89,87
14,16,15
16,14,13
18,17,19
29,28,27
30,29,24
27,26,25
24,27,25
27,24,29
17,20,19
16,21,20
21,16,13
38,23,22
21,13,22
32,34,33
30,24,23
35,32,31
32,35,34
30,23,31
20,17,16
38,22,13
80,79,82
77,84,78
71,68,77
68,67,63
68,84,77
68,61,89
61,52,7
60,59,58
63,62,61
61,68,63
60,58,57
67,64,63
52,61,60
70,68,71
77,75,71
74,73,71
74,71,75
71,73,72
66,65,67
67,65,64
68,70,69
76,75,77
43,41,39
41,43,42
45,44,46
43,12,44
23,36,31
23,38,36
36,38,37
31,36,35
40,39,41
38,43,39
12,43,38
52,60,53
55,54,56
57,54,53
56,54,57
60,57,53
52,49,46
49,52,51
51,50,49
46,49,47
48,47,49
52,46,44
44,10,52
82,79,78
