# Yugoslavia region 0
260 257
# Outer Vertices
19.038191,45.967602
19.083891,46.019428
19.123880,46.023602
19.155270,45.987209
19.249710,45.993320
19.570551,46.173599
19.710819,46.174992
19.807220,46.128040
20.118320,46.166931
20.261141,46.115330
20.378050,45.978031
20.591660,45.894150
20.721661,45.740540
20.795830,45.769150
20.804720,45.744148
20.767220,45.605820
20.823879,45.537209
20.783051,45.484711
20.986660,45.345821
21.094990,45.308319
21.485270,45.180820
21.512770,45.123310
21.377399,44.994968
21.551390,44.928040
21.552771,44.890820
21.366100,44.864429
21.360979,44.822609
21.400270,44.780819
21.565550,44.771648
21.600269,44.753601
21.622770,44.672211
21.988880,44.636929
22.084440,44.503040
22.146379,44.479149
22.206659,44.524990
22.313610,44.664150
22.436380,44.714432
22.753599,44.569149
22.763611,44.547489
22.699440,44.522480
22.609440,44.552212
22.459990,44.482201
22.536940,44.336369
22.691931,44.243061
22.616659,44.172760
22.622499,44.070820
22.416929,44.006939
22.359440,43.816929
22.488600,43.623310
22.546391,43.470261
22.769711,43.383598
22.849720,43.282200
23.006941,43.199989
22.993330,43.145260
22.733330,42.889709
22.585831,42.892761
22.440830,42.818600
22.461941,42.793880
22.438601,42.574711
22.484989,42.555820
22.558050,42.479149
22.519440,42.399151
22.369419,42.322933
22.324400,42.361401
22.246401,42.339699
22.221901,42.341702
22.195000,42.315300
22.124701,42.319698
22.083300,42.300598
21.995800,42.325600
21.926399,42.306702
21.850300,42.330799
21.804399,42.300800
21.788601,42.263302
21.738300,42.237499
21.609776,42.253181
21.557199,42.243599
21.510000,42.264702
21.459999,42.262501
21.439400,42.229698
21.348101,42.195599
21.306101,42.151402
21.328600,42.108101
21.313101,42.093601
21.248301,42.099701
21.215300,42.150002
21.141899,42.198101
21.104700,42.198898
21.033600,42.151100
20.792801,42.082500
20.759199,41.993301
20.777201,41.925598
20.733101,41.863899
20.702499,41.856098
20.670000,41.871899
20.631701,41.855801
20.589647,41.884552
20.620831,41.949711
20.526100,42.211651
20.351660,42.324429
20.252220,42.324429
20.168600,42.506939
20.072723,42.558441
20.064159,42.563042
19.830271,42.469700
19.746660,42.543049
19.755831,42.639709
19.717489,42.661369
19.635830,42.606091
19.469709,42.399990
19.397320,42.317070
19.282490,42.185539
19.398331,42.108318
19.395090,42.087891
19.381100,41.999432
19.368460,41.849319
19.140270,41.993599
19.138611,42.043320
18.891661,42.262760
18.793329,42.281380
18.692490,42.350819
18.684160,42.382771
18.565830,42.402760
18.556110,42.431381
18.702499,42.393318
18.688881,42.478321
18.613050,42.437771
18.508610,42.454708
18.510256,42.449402
18.460300,42.486900
18.455290,42.564522
18.553900,42.621101
18.577499,42.654999
18.560301,42.712200
18.515800,42.731098
18.454700,42.828602
18.490801,42.861698
18.483900,42.971901
18.535601,43.017200
18.650000,43.044201
18.659201,43.080299
18.643900,43.139198
18.707500,43.214401
18.697800,43.252499
18.855801,43.332802
18.847500,43.348900
18.919399,43.356899
18.960300,43.322800
18.954201,43.293301
18.981400,43.284199
19.016701,43.239201
19.048100,43.232498
19.072201,43.248100
19.091101,43.316399
19.020599,43.391899
19.023100,43.435600
18.956699,43.454399
18.949400,43.509399
18.986900,43.522202
19.011700,43.556099
19.053900,43.535599
19.070000,43.508598
19.176701,43.529400
19.229200,43.513302
19.287500,43.544201
19.315800,43.593300
19.371700,43.616402
19.408600,43.584400
19.511101,43.573299
19.491699,43.590801
19.510799,43.679699
19.487499,43.763302
19.250601,43.962200
19.238600,44.013599
19.373600,43.965599
19.508101,43.958099
19.619200,44.018600
19.619699,44.051899
19.595800,44.067799
19.567801,44.051399
19.558300,44.070301
19.503901,44.089401
19.469700,44.128101
19.476700,44.151901
19.442499,44.142200
19.358299,44.184399
19.318899,44.272499
19.239401,44.264702
19.201900,44.292500
19.165300,44.284401
19.104200,44.355801
19.110001,44.399200
19.138901,44.413898
19.146700,44.438301
19.125299,44.518299
19.190800,44.548302
19.186100,44.576401
19.217199,44.590000
19.270300,44.680000
19.313601,44.704399
19.345800,44.769199
19.335300,44.779701
19.360800,44.831402
19.355301,44.852798
19.382200,44.862801
19.354586,44.893497
19.250299,44.915798
19.208599,44.901402
19.176701,44.923302
19.038099,44.860600
19.004700,44.900299
19.013599,44.916698
19.036699,44.932499
19.076099,44.909401
19.145300,44.951099
19.142799,44.982201
19.105301,44.983898
19.115299,45.036098
19.104200,45.096699
19.081699,45.126099
19.138100,45.129200
19.160601,45.145802
19.180799,45.173599
19.163601,45.212200
19.223101,45.208599
19.261700,45.180302
19.298599,45.203602
19.318899,45.199699
19.328600,45.175800
19.411100,45.174999
19.423901,45.184399
19.417801,45.235600
19.260300,45.247200
19.253901,45.273899
19.195000,45.268600
19.128901,45.290600
19.100800,45.308102
19.085300,45.347801
19.038601,45.348598
18.982500,45.375801
18.981400,45.396400
19.035801,45.410301
18.994400,45.451698
18.999701,45.490799
19.083099,45.487801
19.100599,45.512199
19.034401,45.542198
19.024401,45.560799
18.948299,45.537800
18.901899,45.570301
18.908100,45.616699
18.968901,45.667198
18.909201,45.713299
18.956100,45.736099
18.958599,45.778099
18.933300,45.782501
18.924400,45.811901
18.859200,45.847198
18.828100,45.896675
19.038191,45.967602
# Triangles
128,127,129
127,126,131
129,127,130
127,131,130
123,122,121
124,121,120
121,124,123
124,120,119
124,119,118
131,125,132
125,131,126
125,124,118
139,132,125
139,133,132
125,151,139
137,136,138
134,136,135
136,134,133
150,142,140
138,136,139
141,140,142
139,136,133
143,142,144
144,148,146
148,144,142
148,142,150
146,145,144
157,156,158
146,148,147
140,139,150
151,125,109
150,139,151
148,150,149
155,158,156
155,161,158
153,161,155
153,155,154
160,158,161
111,117,114
109,125,118
152,168,153
117,116,114
151,108,152
163,153,164
163,162,153
168,164,153
153,162,161
110,118,111
111,118,117
160,159,158
192,190,188
188,193,192
191,190,192
195,194,193
188,190,189
167,165,164
174,173,172
188,187,186
183,199,186
188,186,193
195,193,186
183,186,185
213,212,211
211,210,209
241,239,238
244,242,241
242,244,243
240,239,241
237,241,238
241,237,244
244,237,245
233,245,237
237,236,235
211,209,213
250,249,248
0,258,257
256,255,254
0,257,256
247,250,248
251,247,245
247,251,250
246,245,247
254,251,3
253,251,254
0,254,3
0,3,1
254,0,256
245,3,251
251,253,252
220,219,218
196,195,197
186,197,195
208,213,209
216,215,217
214,208,215
208,214,213
206,215,208
208,207,206
199,198,197
201,200,202
200,199,183
215,206,225
228,205,229
202,200,204
186,199,197
228,206,205
220,217,221
225,222,221
217,215,221
1,3,2
235,234,237
4,3,245
223,222,224
217,220,218
226,225,228
233,232,231
228,227,226
215,225,221
4,245,231
231,245,233
237,234,233
225,224,222
206,228,225
204,203,202
116,115,114
97,96,95
97,94,90
97,95,94
112,111,113
94,93,92
91,94,92
94,91,90
90,89,97
85,84,81
81,84,83
98,97,89
98,89,88
108,151,109
105,104,106
168,152,107
107,106,168
104,103,106
103,168,106
108,107,152
99,98,87
98,88,87
86,78,87
85,80,86
87,30,101
101,176,102
100,99,101
101,99,87
102,168,103
81,80,85
83,82,81
109,118,110
80,79,78
77,47,78
76,75,77
71,77,75
74,72,75
30,87,78
73,72,74
58,69,67
69,68,67
67,66,65
72,71,75
69,71,70
71,69,56
65,58,67
64,63,65
58,65,63
56,69,58
56,58,57
59,58,61
58,63,61
47,71,56
55,54,51
55,49,56
49,55,50
51,53,52
50,55,51
54,53,51
59,61,60
62,61,63
77,71,47
78,86,80
48,56,49
166,165,167
175,174,171
171,174,172
183,185,184
183,182,181
171,176,175
171,170,176
168,176,170
27,177,176
169,168,170
180,179,178
178,177,204
183,181,180
177,18,17
164,168,167
178,183,180
204,229,205
229,204,230
17,231,230
204,17,230
183,178,200
7,4,231
4,7,5
7,6,5
7,231,10
200,178,204
13,12,14
17,15,10
12,15,14
16,15,17
15,12,10
9,8,10
11,10,12
7,10,8
10,231,17
177,17,204
168,102,176
46,32,47
32,46,33
42,33,46
27,101,30
41,33,42
47,32,30
33,41,34
41,35,34
30,32,31
42,44,43
42,46,44
46,45,44
40,39,37
38,37,39
40,36,41
36,40,37
19,26,25
25,23,22
26,177,27
19,25,22
19,18,26
19,22,20
18,177,26
30,29,28
36,35,41
20,22,21
23,25,24
30,28,27
101,27,176
78,47,30
56,48,47
111,114,113
