# Botswana region 0
145 142
# Outer Vertices
20.995440,-18.317410
21.462490,-18.304449
23.291451,-17.998150
23.461941,-18.226391
23.548880,-18.317230
23.570829,-18.467220
23.615549,-18.485279
23.823330,-18.322510
23.988880,-18.164450
24.381941,-17.946671
24.464161,-18.008060
24.496099,-18.059450
24.601940,-18.020559
24.823330,-17.840561
25.265751,-17.797661
25.236660,-17.894449
25.309160,-18.065840
25.393330,-18.122511
25.659439,-18.531120
25.797489,-18.681669
25.808331,-18.776951
25.973320,-18.945560
25.961941,-19.100281
26.191940,-19.544729
26.348049,-19.597231
26.325821,-19.654449
26.404440,-19.675831
26.441099,-19.731110
26.588600,-19.799170
26.610821,-19.854450
26.969709,-20.009729
27.026661,-20.000280
27.219990,-20.091669
27.297211,-20.302509
27.287491,-20.494720
27.357220,-20.465000
27.713970,-20.509859
27.724710,-20.567499
27.700821,-20.606670
27.719440,-20.811951
27.685270,-21.063620
27.739429,-21.145559
27.908600,-21.313890
28.012770,-21.561951
28.202770,-21.596670
28.357220,-21.603060
28.491940,-21.660830
28.568050,-21.631109
29.080830,-21.820841
29.083340,-21.825121
29.037769,-21.894730
29.037220,-21.974171
29.073879,-22.037781
29.156660,-22.076950
29.258150,-22.066521
29.370529,-22.191380
29.087490,-22.224171
28.960550,-22.313339
28.965820,-22.386391
28.917770,-22.458340
28.634439,-22.563339
28.439711,-22.573620
28.184160,-22.684731
28.149160,-22.780001
28.042770,-22.841110
28.052219,-22.881390
28.024441,-22.924450
27.938601,-22.955561
27.928329,-23.058060
27.817490,-23.109171
27.786110,-23.165279
27.736931,-23.230000
27.601379,-23.220280
27.572769,-23.289450
27.520550,-23.383610
27.395821,-23.390841
27.102770,-23.576670
27.067209,-23.660830
27.032490,-23.654720
26.999161,-23.648609
26.959431,-23.753620
26.845270,-24.264450
26.554991,-24.436939
26.464710,-24.580561
26.402880,-24.630440
26.359989,-24.618891
25.865950,-24.738661
25.832211,-25.028061
25.587090,-25.621040
25.386379,-25.746389
25.152210,-25.762220
25.036940,-25.728609
24.807770,-25.830839
24.504440,-25.763060
24.446100,-25.735559
24.393330,-25.762779
24.266109,-25.696671
24.150270,-25.621670
24.000271,-25.658890
24.007219,-25.622511
23.844160,-25.574169
23.734440,-25.462219
23.496380,-25.333891
23.458321,-25.278339
23.104710,-25.300280
22.926380,-25.383890
22.813049,-25.563890
22.818880,-25.668060
22.730270,-25.788891
22.769159,-25.823059
22.722490,-25.937229
22.712770,-25.999161
22.461941,-26.215000
22.179440,-26.427780
22.067209,-26.614731
21.898880,-26.668329
21.791380,-26.671671
21.759991,-26.691950
21.778610,-26.770840
21.693050,-26.853050
21.523609,-26.853340
21.348600,-26.827499
21.144159,-26.866671
20.897209,-26.794729
20.692341,-26.894680
20.636940,-26.812780
20.611380,-26.449169
20.693331,-26.386120
20.860821,-26.133610
20.756660,-25.781950
20.679710,-25.679449
20.687771,-25.578890
20.631941,-25.518890
20.673321,-25.459160
20.555550,-25.379999
20.389990,-25.036949
20.174990,-24.892229
20.001410,-24.763630
19.998880,-23.426670
19.996660,-22.073891
19.995819,-22.001400
20.991940,-21.996950
20.993320,-20.647221
20.993601,-19.299721
20.995440,-18.317410
# Triangles
126,125,123
123,125,124
123,122,128
120,119,117
120,117,121
117,119,118
128,122,121
117,128,121
126,123,127
129,131,130
113,116,115
113,129,128
116,113,128
133,131,129
128,127,123
116,128,117
113,115,114
129,112,108
111,110,112
108,112,110
92,91,93
109,108,110
133,129,108
97,99,98
106,108,107
91,90,88
97,94,86
94,93,91
94,97,96
101,97,86
94,96,95
91,86,94
129,113,112
101,99,97
135,134,133
136,138,137
138,136,135
131,133,132
133,108,106
135,105,138
105,133,106
105,135,133
105,104,141
139,138,141
141,140,139
138,105,141
5,1,143
1,144,143
3,2,1
5,143,142
6,142,141
141,104,103
3,1,5
5,4,3
103,102,101
6,141,23
101,86,103
142,6,5
20,11,7
100,99,101
103,86,141
8,11,9
8,7,11
10,9,11
12,16,13
18,16,12
13,15,14
15,13,16
12,11,18
6,20,7
88,90,89
87,86,91
86,85,82
141,86,23
83,82,85
82,81,80
80,86,82
85,84,83
86,80,79
78,77,76
76,40,79
76,79,78
75,74,73
72,71,70
73,72,75
76,75,41
75,72,41
86,79,25
70,69,72
68,67,69
69,67,72
66,65,64
64,63,62
67,64,43
66,64,67
67,43,72
46,61,60
59,57,60
57,59,58
57,46,60
57,56,52
56,54,53
54,56,55
62,61,44
56,53,52
64,62,43
29,28,27
27,26,25
34,29,79
34,33,30
30,32,31
32,30,33
34,30,29
27,25,79
20,19,18
18,11,20
18,17,16
25,24,23
22,20,6
22,21,20
27,79,29
23,22,6
25,23,86
47,46,51
45,44,46
44,61,46
51,46,57
50,49,48
50,48,47
51,50,47
43,62,44
35,39,38
36,38,37
36,35,38
35,34,39
39,34,40
43,42,41
79,40,34
41,40,76
52,51,57
43,41,72
91,88,87
