# Turkey region 1
428 425
# Outer Vertices
41.531200,41.523479
41.833321,41.428322
41.954990,41.516380
42.366928,41.460270
42.506649,41.441929
42.588039,41.576382
42.726372,41.591091
42.831928,41.583321
42.786381,41.510269
42.847210,41.473042
42.888599,41.508041
43.160809,41.312759
43.207760,41.306931
43.123600,41.255260
43.199421,41.255260
43.233040,41.178322
43.375259,41.202209
43.473042,41.143040
43.473240,41.106213
43.473591,41.041931
43.554150,40.998039
43.606380,40.988319
43.735821,40.782490
43.753529,40.675930
43.592758,40.440262
43.618038,40.395538
43.594429,40.337490
43.721088,40.167210
43.652760,40.134159
43.657761,40.108601
44.016930,40.008598
44.280270,40.046650
44.540272,39.919979
44.625259,39.814991
44.778584,39.706650
44.789989,39.698589
44.810490,39.642731
44.794651,39.650650
44.605820,39.780540
44.471088,39.698872
44.416088,39.425259
44.307758,39.386929
44.070271,39.411652
44.034161,39.379711
44.080818,39.306931
44.216648,39.129150
44.159420,39.002209
44.210819,38.891102
44.291100,38.859711
44.304989,38.815540
44.260818,38.721649
44.317211,38.613041
44.303600,38.430538
44.325260,38.378040
44.440819,38.393318
44.477760,38.323040
44.222210,37.906368
44.245541,37.883869
44.344990,37.880260
44.419151,37.817760
44.538040,37.780540
44.618870,37.716091
44.558041,37.648041
44.592758,37.436932
44.801651,37.321659
44.821930,37.271099
44.773319,37.227482
44.794430,37.163872
44.786671,37.148151
44.638039,37.187481
44.529148,37.120258
44.351101,37.048321
44.317211,36.970539
44.255260,36.986649
44.197762,37.111099
44.267761,37.167488
44.261662,37.241928
44.231091,37.276371
44.116379,37.316380
44.003880,37.314991
43.903591,37.221649
43.623039,37.229980
43.345821,37.331928
43.306370,37.309978
43.144428,37.378040
42.950539,37.322491
42.786098,37.384430
42.726650,37.355549
42.601101,37.186649
42.366089,37.110180
42.345261,37.238590
42.249710,37.278870
42.207870,37.322182
42.063599,37.196651
41.840260,37.129978
41.400539,37.076931
41.141102,37.094429
40.775539,37.118320
40.400261,36.990261
40.048321,36.835541
39.809978,36.751381
39.439232,36.698841
39.205818,36.665531
38.860538,36.697762
38.726372,36.702209
38.390820,36.896648
38.181099,36.905819
37.818600,36.760818
37.505550,36.659710
37.442478,36.639980
37.127480,36.659149
37.076931,36.621651
37.024429,36.658039
37.043049,36.714432
36.955540,36.771099
36.660259,36.833599
36.553600,36.498600
36.580818,36.400539
36.618591,36.357491
36.690262,36.286381
36.692211,36.239151
36.554989,36.223042
36.493599,36.230808
36.440819,36.206379
36.382511,36.222858
36.373890,36.013210
36.219151,35.960270
36.174160,35.821659
36.017200,35.878319
36.005821,35.930538
35.923241,35.926769
35.980259,35.995541
35.833321,36.245270
35.783329,36.296379
35.818878,36.354988
36.110271,36.564709
36.211102,36.640820
36.205818,36.770821
36.071381,36.908039
36.016930,36.926380
35.797771,36.767490
35.576382,36.710270
35.631649,36.694149
35.691380,36.719151
35.635818,36.626099
35.609711,36.593319
35.556660,36.579151
35.498878,36.611931
35.496380,36.587769
35.339989,36.539150
34.990822,36.716648
34.777210,36.808601
34.603870,36.785549
34.289711,36.591648
34.080540,36.408600
34.076931,36.319439
34.005550,36.289989
33.964710,36.215260
33.941101,36.262211
33.883041,36.312481
33.705269,36.179440
33.689991,36.133598
33.654430,36.187481
33.606380,36.181099
33.542759,36.131649
33.456379,36.155270
33.094151,36.074711
32.938881,36.097210
32.805538,36.021099
32.428600,36.143040
32.270821,36.295818
32.023880,36.539440
31.657770,36.655819
31.310829,36.811649
30.838329,36.849709
30.682770,36.885269
30.585270,36.802490
30.553600,36.615822
30.586380,36.571098
30.477489,36.404991
30.484440,36.287209
30.406940,36.203602
30.357220,36.266380
30.221380,36.303600
30.145830,36.289711
30.095831,36.236931
29.893330,36.203041
29.670549,36.131378
29.618610,36.199989
29.415550,36.228600
29.394720,36.263321
29.320271,36.246380
29.124439,36.414440
29.104441,36.548870
29.019991,36.541370
29.074711,36.639431
29.116100,36.628319
29.046379,36.685261
28.929159,36.752491
28.876390,36.639149
28.868330,36.600819
28.835270,36.591381
28.794991,36.669159
28.639160,36.719151
28.622351,36.698780
28.562771,36.823040
28.466379,36.810822
28.458611,36.880260
28.376381,36.847210
28.418051,36.815540
28.398609,36.781651
28.303881,36.828602
28.267490,36.847488
28.234159,36.800270
28.284439,36.722759
28.223330,36.695541
28.116659,36.613041
27.988050,36.554150
27.958879,36.596931
28.050831,36.597759
28.086660,36.638321
28.044720,36.687771
27.981661,36.685822
28.121941,36.719440
28.104441,36.765820
28.123329,36.794991
28.076660,36.788319
27.964439,36.746380
27.731939,36.756939
27.674440,36.699429
27.671940,36.658329
27.511940,36.674431
27.405830,36.661652
27.358601,36.703320
27.672770,36.794991
27.759159,36.781101
27.898880,36.809429
28.050270,36.799992
28.020269,36.855820
28.042770,36.889149
28.041660,36.933319
28.184160,36.937481
28.267220,37.014431
28.327499,37.025539
28.323601,37.044991
27.933331,37.024990
27.558880,36.990261
27.338329,36.995270
27.272221,36.955818
27.225550,37.051929
27.325830,37.154148
27.468880,37.078320
27.543610,37.164440
27.563881,37.204708
27.613609,37.263321
27.563881,37.273602
27.468611,37.248878
27.496380,37.324989
27.417219,37.300819
27.385550,37.339432
27.434441,37.389992
27.414440,37.410549
27.324711,37.369431
27.201941,37.348881
27.202221,37.473598
27.194719,37.601650
27.005831,37.655270
27.043051,37.683601
27.213600,37.708050
27.248600,37.739990
27.269440,37.947491
27.211670,37.984989
27.078051,38.010540
26.985270,38.065269
26.871111,38.030819
26.772221,38.208881
26.643330,38.202770
26.610830,38.103321
26.514160,38.158039
26.301941,38.248878
26.233330,38.267208
26.319719,38.342209
26.369440,38.306099
26.473890,38.365822
26.510830,38.428051
26.429159,38.470268
26.369160,38.547489
26.347219,38.629990
26.407770,38.673321
26.524990,38.644161
26.634159,38.505550
26.605000,38.465820
26.644440,38.337490
26.682220,38.307491
26.679991,38.407490
26.738609,38.416660
26.789160,38.354988
27.161940,38.443878
26.908600,38.460819
26.917770,38.472210
26.834160,38.551380
26.846939,38.595268
26.723330,38.648880
26.732220,38.730259
26.931940,38.753880
26.898880,38.814159
27.059719,38.868881
27.055830,38.926659
26.802771,38.954430
26.797489,39.024151
26.885830,39.069439
26.820551,39.151100
26.731380,39.203602
26.726110,39.249989
26.613050,39.268040
26.636101,39.298870
26.689440,39.309429
26.858601,39.470539
26.936661,39.482491
26.951660,39.552761
26.928610,39.581100
26.489719,39.523880
26.133881,39.453041
26.073050,39.470268
26.101379,39.581661
26.154989,39.632210
26.169720,39.969440
26.200279,40.005821
26.316940,40.016380
26.403891,40.154430
26.408609,40.193321
26.510830,40.214161
26.789709,40.398880
27.026661,40.391102
27.084721,40.446930
27.277220,40.472488
27.326941,40.412209
27.305269,40.386379
27.508881,40.305820
27.777491,40.313881
27.879999,40.373322
27.688890,40.482208
27.720831,40.521648
27.778330,40.527489
28.014999,40.491650
28.030830,40.467491
27.898331,40.395821
27.917500,40.366940
28.388050,40.392769
28.747219,40.388599
29.040279,40.363880
29.146660,40.429440
29.084440,40.476379
28.794720,40.516651
28.795271,40.551380
28.986380,40.641930
29.412220,40.686939
29.510550,40.732769
29.551109,40.686100
29.923050,40.761379
29.466940,40.774151
29.356110,40.758881
29.330549,40.813599
29.072220,40.962490
29.017771,41.007210
29.124161,41.203602
29.245831,41.235821
29.720270,41.158871
30.198050,41.153599
30.280550,41.211929
30.730829,41.099152
30.879709,41.076931
31.276939,41.108318
31.402769,41.196659
31.395830,41.306099
31.779989,41.456100
32.149429,41.604710
32.282211,41.722759
32.656101,41.832489
33.070541,41.938599
33.517769,42.006939
34.056381,41.977489
34.474709,41.962212
34.715549,41.942490
34.832489,41.968319
35.022869,42.088188
35.066380,42.029148
35.211380,42.020550
35.101650,41.972759
35.093319,41.923038
35.265270,41.725819
35.576649,41.627209
35.944439,41.710270
35.973049,41.732208
36.130821,41.599152
36.116940,41.489429
36.273602,41.338871
36.429150,41.242771
36.485271,41.244431
36.612492,41.347488
36.781380,41.356930
36.918880,41.321098
37.023319,41.267490
37.040821,41.178051
37.232208,41.141651
37.472488,41.067211
37.531101,41.028881
37.638599,41.085270
37.683041,41.136101
37.804150,41.039150
38.071930,40.965260
38.489429,40.918320
38.865822,41.013882
39.163052,41.082489
39.263050,41.049160
39.421101,41.109440
39.816662,40.984711
39.854431,40.957500
39.996349,40.974312
40.110538,40.916660
40.187481,40.931931
40.398319,41.020550
40.543320,41.029148
40.779148,41.168320
40.931099,41.187481
41.101379,41.274712
41.391930,41.376381
41.531200,41.523479
# Triangles
231,230,229
233,232,231
234,231,229
233,231,234
234,229,228
236,235,227
237,236,227
228,235,234
228,227,235
221,223,222
219,217,216
220,216,223
216,220,219
223,216,215
220,223,221
239,238,237
241,240,239
227,226,237
226,239,237
239,226,225
224,223,225
241,239,225
223,213,225
218,217,219
264,263,262
261,265,264
250,249,247
269,265,261
266,265,267
269,268,265
297,271,270
270,269,261
265,268,267
272,271,297
262,261,264
251,247,246
246,245,253
253,252,246
245,254,253
246,252,251
260,259,258
255,254,257
257,256,255
260,257,254
257,260,258
270,260,254
260,270,261
254,244,270
250,247,251
249,248,247
245,244,254
188,190,189
188,186,196
187,186,188
196,186,184
201,200,199
192,190,193
190,192,191
194,193,195
196,193,190
190,188,196
196,195,193
186,185,184
182,181,180
182,180,179
169,168,167
169,167,170
177,184,183
183,182,179
177,183,179
171,170,167
178,177,179
196,184,176
376,171,152
176,184,177
215,214,213
213,241,225
208,211,210
208,210,209
241,212,242
212,241,213
242,212,243
208,207,243
244,243,207
207,205,244
208,243,212
212,211,208
213,223,215
198,203,202
204,203,205
202,199,198
197,196,176
205,203,198
244,198,350
206,205,207
175,197,176
371,175,174
175,350,198
175,198,197
198,244,205
173,172,372
199,202,201
270,244,297
172,171,372
173,371,174
280,279,281
281,279,282
283,282,278
278,282,279
278,292,283
286,288,287
289,286,285
284,289,285
291,284,292
289,291,290
291,289,284
292,284,283
288,286,289
278,277,276
276,293,292
293,276,275
296,273,297
275,273,296
275,296,293
295,293,296
295,294,293
297,299,298
301,300,299
303,301,304
273,275,274
292,278,276
323,322,324
325,324,322
320,328,321
325,322,321
326,328,327
328,326,325
329,328,331
331,330,329
325,321,328
328,320,331
303,302,301
310,308,307
317,311,318
318,311,310
310,309,308
315,313,316
315,314,313
316,313,317
311,317,313
332,320,333
331,320,332
313,312,311
304,301,299
310,307,318
304,299,297
305,304,306
348,307,306
297,306,304
318,307,319
272,297,273
307,339,319
333,337,334
333,320,337
319,338,320
337,320,338
336,335,337
337,335,334
338,319,339
348,306,297
340,339,347
346,340,347
340,343,341
339,348,347
349,348,297
339,307,348
297,350,349
341,343,342
343,340,346
344,343,346
353,352,355
352,356,355
346,345,344
350,175,351
244,350,297
354,353,355
356,358,357
356,352,351
351,358,356
364,363,365
365,363,366
361,360,362
367,366,362
362,366,363
367,362,360
367,359,368
367,360,359
368,359,370
371,370,359
372,171,373
359,175,371
368,370,369
359,351,175
374,373,375
377,376,378
152,379,378
375,373,376
373,171,376
372,371,173
358,351,359
376,152,378
171,167,165
165,164,163
165,159,171
162,161,160
165,163,159
160,159,162
159,158,156
162,159,163
159,156,154
133,132,134
157,156,158
171,159,153
130,129,131
131,129,126
128,127,126
128,126,129
131,126,124
124,123,122
125,124,126
118,122,121
120,119,121
124,122,117
135,132,124
131,124,132
121,119,118
154,153,159
155,154,156
147,149,148
151,150,141
152,151,390
146,141,147
141,146,145
144,142,141
141,145,144
141,150,149
147,141,149
151,141,139
152,171,153
134,132,135
124,116,136
136,116,137
135,124,136
117,116,124
140,139,141
116,115,137
138,115,139
115,138,137
115,114,406
403,139,115
144,143,142
118,117,122
397,151,139
152,381,379
113,112,111
113,111,110
113,109,108
110,109,113
107,106,114
108,107,114
114,113,108
103,101,105
101,103,102
105,104,103
101,99,105
411,106,105
105,99,417
99,101,100
73,72,71
74,73,71
96,422,97
92,96,95
94,92,95
75,71,70
75,74,71
417,99,98
98,97,419
92,91,90
87,90,88
89,88,90
81,56,82
92,87,86
92,90,87
29,92,86
82,56,84
82,84,83
85,84,86
46,86,84
79,81,80
93,92,94
75,70,76
63,77,76
68,66,69
70,69,63
69,66,64
76,70,63
67,66,68
65,64,66
57,79,78
77,62,59
56,81,79
62,77,63
62,61,60
77,59,78
64,63,69
422,96,92
114,106,406
60,59,62
406,405,404
409,406,410
409,407,406
410,106,411
411,105,412
106,410,406
398,397,403
403,400,398
402,401,403
408,407,409
397,139,403
403,406,404
115,406,403
417,416,414
418,417,419
419,97,420
421,420,422
414,412,417
414,413,412
414,416,415
423,422,424
425,424,1
1,424,29
422,92,424
105,417,412
419,417,98
383,382,390
390,384,383
389,384,390
391,390,151
392,391,395
390,382,381
379,381,380
388,387,386
385,384,386
384,389,386
389,388,386
152,390,381
399,398,400
427,426,1
1,426,425
3,1,26
401,400,403
4,3,26
392,394,393
394,392,395
3,2,1
4,8,5
396,395,391
391,151,396
420,97,422
396,151,397
84,52,50
56,52,84
53,52,56
50,46,84
47,50,49
47,49,48
44,43,46
43,42,30
47,46,50
45,44,46
86,46,43
42,41,39
51,50,52
424,92,29
53,56,55
55,54,53
58,57,59
32,39,38
33,38,34
42,39,30
37,36,35
35,34,37
37,34,38
40,39,41
57,78,59
33,32,38
13,15,14
15,13,24
16,18,17
19,18,16
16,15,19
6,8,7
5,8,6
11,13,12
9,13,10
10,13,11
4,13,9
9,8,4
26,29,28
4,26,13
26,28,27
39,31,30
31,39,32
29,43,30
19,24,20
19,15,24
20,24,22
23,22,24
21,20,22
24,26,25
24,13,26
26,1,29
29,86,43
56,79,57
167,166,165
