# Turkey region 0
66 63
# Outer Vertices
26.361879,41.701550
26.332769,41.753040
26.377489,41.821930
26.544991,41.830818
26.625271,41.983318
26.843330,41.972210
27.070271,42.089981
27.201660,42.060539
27.243601,42.107208
27.566660,41.907761
27.579720,41.937481
27.821659,41.966648
27.834721,42.001930
28.013050,41.982201
28.012489,41.980549
28.047489,41.889431
27.983879,41.891380
27.963329,41.856659
28.051109,41.710270
28.199711,41.528881
28.635550,41.354988
29.103609,41.237770
29.073050,41.176659
29.038330,41.156940
29.056660,41.086102
28.905830,40.979710
28.642771,40.960541
28.597500,40.969151
28.571381,41.064430
28.524990,41.079151
28.567770,41.023041
28.543051,40.987209
28.178600,41.076382
28.010830,41.035549
27.958050,40.971931
27.509720,40.983601
27.273609,40.691662
26.904720,40.543598
26.622490,40.392490
26.550831,40.306381
26.351379,40.205818
26.321939,40.108601
26.181110,40.045269
26.157221,40.055271
26.270830,40.246380
26.208330,40.320271
26.550831,40.484711
26.824440,40.584148
26.805269,40.637489
26.779160,40.659431
26.350550,40.607208
26.138330,40.592770
26.083050,40.606659
26.033310,40.734890
26.124710,40.749989
26.134159,40.781368
26.199989,40.828869
26.203600,40.862759
26.327221,40.941929
26.320829,41.184711
26.449440,41.285259
26.617769,41.336929
26.637211,41.378590
26.593611,41.611099
26.495819,41.664429
26.361879,41.701550
# Triangles
43,42,44
44,41,40
41,44,42
54,53,52
51,54,52
45,44,46
39,46,44
46,38,47
38,46,39
38,37,47
54,51,50
36,49,48
36,61,49
44,40,39
58,50,49
55,54,56
57,56,58
50,56,54
1,65,2
59,58,60
50,58,56
35,62,61
60,58,61
5,3,63
2,64,3
2,65,64
3,64,63
3,5,4
5,63,62
58,49,61
37,48,47
36,35,61
35,34,33
9,62,35
35,33,18
29,31,30
31,29,32
19,32,29
19,33,32
27,26,28
28,26,25
23,20,25
20,28,25
25,24,23
28,20,29
22,21,23
62,7,5
9,7,62
11,10,9
9,17,11
7,6,5
8,7,9
11,16,12
18,9,35
21,20,23
19,18,33
16,14,12
15,14,16
13,12,14
11,17,16
18,17,9
29,20,19
36,48,37
