# Fiji region 2
47 44
# Outer Vertices
178.761902,-17.005280
178.700195,-17.002510
178.600494,-16.786119
178.518005,-16.816120
178.478897,-16.781670
178.528305,-16.706671
178.566101,-16.701670
178.587708,-16.652781
178.547699,-16.666950
178.534393,-16.634171
178.634399,-16.642229
178.701904,-16.675011
178.777496,-16.599171
178.818802,-16.594730
178.981903,-16.469730
179.347198,-16.393061
179.400497,-16.413059
179.431305,-16.318340
179.614105,-16.243900
179.765793,-16.183340
179.772705,-16.230560
179.989502,-16.152691
179.812698,-16.356670
179.631607,-16.522791
179.574402,-16.595840
179.480194,-16.754450
179.559692,-16.763620
179.941895,-16.464451
179.919403,-16.560011
179.847397,-16.666950
179.887207,-16.670839
179.951904,-16.741949
179.870499,-16.773340
179.800507,-16.723339
179.642502,-16.748341
179.579697,-16.806120
179.294693,-16.813620
179.355804,-16.739450
179.272202,-16.691389
179.131104,-16.750839
179.120499,-16.795280
179.052994,-16.800560
179.016403,-16.895281
178.958801,-16.906389
178.887695,-16.860559
178.810196,-16.908060
178.761902,-17.005280
# Triangles
2,1,45
5,4,3
2,5,3
1,0,45
41,43,42
43,41,44
13,44,41
11,45,44
2,45,11
40,39,41
5,2,6
9,7,10
7,9,8
10,7,6
6,11,10
11,44,13
11,6,2
14,39,38
13,12,11
13,41,14
38,15,14
41,39,14
36,35,25
25,24,37
25,37,36
26,25,35
35,34,26
16,38,37
30,32,31
32,29,33
29,32,30
34,29,28
33,29,34
34,28,27
16,24,23
15,38,16
16,23,17
17,23,18
23,22,18
16,37,24
20,19,18
21,20,22
22,20,18
34,27,26
