# Fiji region 1
35 32
# Outer Vertices
178.000198,-18.263889
177.746597,-18.221951
177.302704,-18.080839
177.256302,-17.879730
177.369400,-17.830561
177.364395,-17.752230
177.425201,-17.764170
177.423798,-17.690840
177.386093,-17.657511
177.467194,-17.555840
177.644394,-17.436119
177.807495,-17.387501
177.828598,-17.426670
177.926895,-17.401119
177.959396,-17.409170
178.192993,-17.301121
178.273804,-17.369730
178.280807,-17.403061
178.246094,-17.477230
178.296906,-17.431669
178.372498,-17.475010
178.440506,-17.554171
178.591095,-17.635839
178.598602,-17.682510
178.564697,-17.754730
178.619400,-17.888340
178.585800,-17.899170
178.668594,-18.012230
178.697403,-18.047230
178.586105,-18.138060
178.532196,-18.092230
178.461899,-18.153620
178.348801,-18.116119
178.049103,-18.261950
178.000198,-18.263889
# Triangles
3,2,4
5,4,6
2,1,4
12,1,34
12,6,1
1,6,4
34,33,14
8,7,9
10,9,7
6,10,7
12,14,13
10,6,12
34,14,12
12,11,10
14,18,15
14,33,18
32,31,30
30,26,32
26,30,27
32,26,24
29,28,27
27,30,29
26,25,24
19,18,20
17,16,18
18,16,15
24,23,22
20,18,21
22,21,24
18,32,21
32,24,21
32,18,33
