# Lesotho region 0
39 36
# Outer Vertices
27.014721,-29.641729
27.349991,-29.481951
27.456659,-29.291109
27.731380,-28.941111
27.879990,-28.912500
27.929991,-28.853340
27.980551,-28.883060
28.146379,-28.723049
28.651100,-28.569450
28.700411,-28.613670
28.976101,-28.887220
29.073879,-28.966669
29.333050,-29.092501
29.455549,-29.353340
29.418051,-29.433331
29.357220,-29.450560
29.293329,-29.504999
29.312210,-29.576111
29.166929,-29.672501
29.124710,-29.832230
29.157490,-29.851669
29.161100,-29.921120
28.785271,-30.103609
28.544720,-30.114450
28.241659,-30.263060
28.217489,-30.301121
28.257500,-30.326670
28.144711,-30.454170
28.159990,-30.498329
28.091940,-30.603340
28.097771,-30.658890
27.738041,-30.597780
27.690830,-30.548611
27.564131,-30.403410
27.459709,-30.311951
27.380989,-30.316010
27.395269,-30.128330
27.328051,-30.139450
27.014721,-29.641729
# Triangles
33,32,27
35,34,36
34,33,36
30,29,31
29,27,31
27,29,28
27,25,33
31,27,32
25,36,33
37,36,1
1,0,37
24,1,36
24,2,1
4,3,2
6,5,4
23,4,2
6,4,23
6,10,7
26,25,27
10,6,23
23,2,24
22,21,19
20,19,21
19,18,22
22,18,23
10,23,18
11,16,12
11,10,18
18,16,11
10,9,7
8,7,9
15,12,16
15,13,12
13,15,14
17,16,18
24,36,25
