# Bulgaria region 0
132 129
# Outer Vertices
27.275551,44.133041
27.290550,44.088039
27.399990,44.021931
27.656099,44.042488
27.721661,43.964710
27.820271,43.965820
27.918880,44.005550
27.951660,43.978870
27.997210,43.859150
28.224991,43.773041
28.583839,43.747761
28.582911,43.744831
28.572769,43.600819
28.606380,43.543880
28.561380,43.458321
28.471380,43.366379
28.381941,43.413319
28.157221,43.405540
28.088051,43.363602
28.015829,43.225819
27.906940,43.195820
27.945000,43.167210
27.895269,42.921379
27.898331,42.707211
27.732771,42.711380
27.713881,42.676659
27.632500,42.631649
27.652220,42.556660
27.530830,42.561939
27.450550,42.480820
27.501940,42.433319
27.637211,42.451931
27.653330,42.414150
27.716940,42.380821
27.730000,42.334709
27.785830,42.311378
27.748051,42.259708
28.003599,42.023880
28.013050,41.982201
27.834721,42.001930
27.821659,41.966648
27.579720,41.937481
27.566660,41.907761
27.243601,42.107208
27.201660,42.060539
27.070271,42.089981
26.843330,41.972210
26.625271,41.983318
26.544991,41.830818
26.377489,41.821930
26.332769,41.753040
26.361879,41.701550
26.222771,41.744431
26.074440,41.711929
26.067490,41.678871
26.099720,41.636650
26.198050,41.439419
26.135269,41.353870
25.805830,41.333870
25.653049,41.317760
25.388050,41.263050
25.239429,41.254429
25.209990,41.293880
24.894711,41.410542
24.798880,41.354710
24.725269,41.418049
24.658600,41.421101
24.526100,41.572208
24.363880,41.523602
24.304710,41.548599
24.245541,41.567760
24.184719,41.516651
24.157221,41.541100
24.078609,41.537209
24.074989,41.467201
23.956100,41.446091
23.891100,41.452770
23.668051,41.405819
23.281111,41.403309
23.175819,41.322762
22.935949,41.343300
22.964991,41.394428
22.985550,41.661369
23.031389,41.720539
23.012770,41.765270
22.947491,41.802479
22.803329,42.047771
22.609440,42.103321
22.407770,42.279430
22.363609,42.319981
22.369419,42.322933
22.519440,42.399151
22.558050,42.479149
22.484989,42.555820
22.438601,42.574711
22.461941,42.793880
22.440830,42.818600
22.585831,42.892761
22.733330,42.889709
22.993330,43.145260
23.006941,43.199989
22.849720,43.282200
22.769711,43.383598
22.546391,43.470261
22.488600,43.623310
22.359440,43.816929
22.416929,44.006939
22.622499,44.070820
22.616659,44.172760
22.691931,44.243061
22.882771,44.128868
23.037220,44.084431
23.042770,44.056648
22.995819,44.014149
22.906940,43.998871
22.843330,43.904980
22.857491,43.853321
23.063610,43.802212
23.413050,43.855820
23.890551,43.756378
24.337219,43.694431
24.501659,43.761379
25.001381,43.723591
25.080549,43.691090
25.224710,43.687481
25.363050,43.624699
25.572929,43.648281
25.862770,43.766380
26.111660,43.968319
26.478600,44.049431
26.923321,44.136650
27.275551,44.133041
# Triangles
81,80,79
82,81,78
78,83,82
83,77,84
77,83,78
78,81,79
99,86,84
89,88,90
91,90,88
88,87,91
85,84,86
91,86,92
86,91,87
92,86,98
76,84,77
67,66,65
73,76,75
53,63,62
64,63,65
63,125,67
67,65,63
73,72,70
71,70,72
74,73,75
69,68,67
70,99,73
67,70,69
99,84,73
70,67,120
76,73,84
63,53,125
94,93,95
96,95,97
93,97,95
98,97,93
116,104,102
92,98,93
107,105,104
107,106,105
103,102,104
109,107,110
115,107,104
109,108,107
107,115,114
104,116,115
102,101,117
117,101,100
100,99,119
120,119,99
86,99,98
100,119,118
125,124,123
123,122,120
123,120,67
99,70,120
121,120,122
114,110,107
110,113,111
113,110,114
100,118,117
111,113,112
102,117,116
125,123,67
62,61,60
62,59,53
58,54,59
54,58,55
53,59,54
57,56,55
57,55,58
53,52,49
50,49,52
51,50,52
126,53,49
47,45,29
45,47,46
48,47,49
47,126,49
53,126,125
42,41,43
43,29,45
43,41,30
36,41,39
37,39,38
40,39,41
36,39,37
31,30,32
30,29,43
36,35,34
32,34,33
34,32,36
36,32,30
30,41,36
43,45,44
127,47,29
127,29,129
126,47,127
20,2,28
29,28,129
28,26,20
22,24,23
5,4,8
20,26,24
24,26,25
28,27,26
2,20,4
130,129,28
1,131,130
128,127,129
4,3,2
28,2,130
2,1,130
22,20,24
21,20,22
20,19,18
8,4,20
17,16,9
15,14,16
18,17,8
20,18,8
8,17,9
6,5,7
5,8,7
14,13,12
11,10,9
11,9,12
9,16,12
14,12,16
62,60,59
