# Rwanda region 0
61 58
# Outer Vertices
30.482309,-1.061622
30.522770,-1.227500
30.631660,-1.373056
30.739161,-1.436945
30.840269,-1.670556
30.808331,-1.929445
30.876381,-2.046945
30.829161,-2.357779
30.782021,-2.380750
30.573750,-2.399401
30.381100,-2.299445
30.356150,-2.335677
30.352551,-2.335758
30.295980,-2.337023
30.224991,-2.338612
30.153601,-2.430556
30.132429,-2.425163
30.093611,-2.380556
30.035040,-2.350330
30.012510,-2.338699
30.007351,-2.339614
29.991100,-2.342500
29.946939,-2.321112
29.954710,-2.475000
29.899441,-2.705556
29.821939,-2.772778
29.571251,-2.800400
29.527491,-2.826667
29.443880,-2.795834
29.379440,-2.826111
29.349720,-2.808056
29.328880,-2.653612
29.140551,-2.589167
29.058880,-2.604722
29.024151,-2.744447
28.889160,-2.653889
28.853319,-2.513611
28.883881,-2.478611
28.872780,-2.441199
28.863609,-2.410278
28.889160,-2.367223
28.957769,-2.362223
28.993320,-2.285556
29.091940,-2.273056
29.123600,-2.229167
29.170549,-2.086389
29.123880,-1.904445
29.141100,-1.819722
29.232780,-1.692744
29.236320,-1.687701
29.361099,-1.510278
29.597469,-1.385249
29.829161,-1.319167
29.883329,-1.367778
29.901939,-1.455833
29.974991,-1.464444
30.170549,-1.339722
30.184719,-1.275000
30.279720,-1.214445
30.356100,-1.065000
30.482309,-1.061622
# Triangles
35,34,33
35,33,37
38,37,41
37,36,35
37,33,41
33,32,41
28,30,29
28,27,26
28,26,31
28,31,30
26,23,31
26,25,23
43,32,31
31,22,44
38,40,39
40,38,41
43,42,41
31,44,43
41,32,43
46,48,47
48,46,45
49,48,45
54,50,49
51,50,54
54,53,52
52,51,54
45,44,22
45,22,49
25,24,23
17,16,15
21,20,22
14,19,18
20,19,22
18,17,14
9,8,6
19,14,55
13,12,10
14,13,10
6,8,7
15,14,17
10,12,11
54,22,55
54,49,22
56,55,5
57,56,58
1,59,58
58,56,1
19,55,22
56,5,2
10,9,5
9,6,5
2,5,4
0,59,1
3,2,4
56,2,1
10,5,55
14,10,55
22,31,23
