# Western Sahara region 0
56 53
# Outer Vertices
-13.176930,27.665079
-9.933889,27.666660
-8.669294,27.668850
-8.669294,27.280199
-8.667223,26.000271
-8.767223,25.999710
-12.000560,23.454439
-12.596390,23.276430
-12.998610,23.024719
-13.105550,22.893049
-13.150280,22.757500
-13.079170,22.510550
-13.000000,21.338051
-13.395550,21.340269
-15.170280,21.336941
-16.953051,21.338329
-17.054350,20.917931
-17.054350,20.770069
-17.073610,20.804159
-17.026110,21.301661
-16.956949,21.833330
-16.850830,22.075550
-16.668890,22.296379
-16.621950,22.274719
-16.496950,22.325830
-16.452499,22.438049
-16.287220,22.900551
-16.205561,22.928600
-16.158609,23.000549
-16.151951,23.068880
-16.216391,23.083879
-16.027229,23.375271
-15.763060,23.791380
-15.781670,23.910000
-15.975000,23.663330
-15.901390,23.832769
-15.675270,24.000469
-15.413610,24.241659
-15.226670,24.443331
-15.031390,24.541660
-14.893060,24.708330
-14.831950,25.056391
-14.822780,25.319441
-14.711670,25.525829
-14.682780,25.623880
-14.517220,25.930269
-14.486670,26.155550
-14.409170,26.259439
-14.291390,26.301941
-14.176950,26.427771
-14.080000,26.433880
-13.618060,26.687220
-13.545830,26.768881
-13.421950,27.088051
-13.328890,27.289160
-13.176930,27.665079
# Triangles
18,17,16
18,16,19
19,15,20
15,19,16
20,15,24
21,20,23
24,15,14
20,24,23
21,23,22
27,26,25
24,14,25
25,14,27
27,14,28
29,28,31
31,30,29
14,31,28
33,32,36
33,35,34
36,32,37
38,37,39
37,9,39
37,32,10
31,10,32
36,35,33
8,40,39
31,14,10
10,9,37
14,13,11
14,11,10
43,41,7
43,42,41
45,44,43
45,43,7
39,9,8
11,13,12
7,51,45
7,6,51
41,40,7
7,40,8
1,6,5
46,48,47
46,45,48
50,49,48
51,6,52
50,45,51
45,50,48
53,52,1
52,6,1
5,3,1
55,54,1
1,54,53
3,2,1
4,3,5
