# Jamaica region 0
33 30
# Outer Vertices
-77.168617,17.696659
-77.301392,17.791941
-77.412231,17.859720
-77.719727,17.847219
-77.835281,17.944441
-77.840843,18.002501
-78.016953,18.107220
-78.045013,18.186939
-78.181953,18.200279
-78.325287,18.214720
-78.372787,18.262770
-78.218063,18.447491
-77.956947,18.438330
-77.936401,18.496111
-77.871399,18.521940
-77.323624,18.458330
-76.835564,18.334440
-76.640289,18.223049
-76.341667,18.149719
-76.188606,17.914721
-76.306671,17.865549
-76.591400,17.860830
-76.688339,17.936100
-76.829727,17.987221
-76.890007,17.905830
-76.920837,17.843889
-77.032227,17.842770
-77.075844,17.901939
-77.136673,17.874720
-77.213058,17.771111
-77.133057,17.740271
-77.127228,17.718050
-77.168617,17.696659
# Triangles
5,4,3
7,6,5
7,5,12
2,1,28
32,29,1
3,2,5
5,2,15
28,15,2
9,8,11
11,10,9
7,11,8
5,14,12
11,7,12
14,13,12
15,14,5
28,1,29
32,31,30
30,29,32
24,26,25
18,21,20
27,24,23
27,26,24
16,23,17
23,16,27
16,15,27
21,18,22
18,17,22
22,17,23
18,20,19
27,15,28
