# Panama region 1
220 217
# Outer Vertices
-82.833214,9.498186
-82.875320,9.556334
-82.843338,9.608330
-82.727493,9.558886
-82.615547,9.489717
-82.565193,9.569786
-82.376953,9.411108
-82.340012,9.423885
-82.382233,9.339441
-82.341667,9.297497
-82.392502,9.268887
-82.339737,9.197220
-82.280838,9.191944
-82.249451,9.178608
-82.172791,9.194441
-82.170837,9.148886
-82.245293,9.170277
-82.275284,9.106110
-82.239731,9.083054
-82.258621,9.010553
-82.057510,8.931387
-81.849731,8.954166
-81.788071,8.925833
-81.767227,8.959999
-81.773064,8.994442
-81.932510,9.121664
-81.861954,9.133886
-81.820007,9.119997
-81.820007,9.053886
-81.715561,9.020830
-81.566963,8.837219
-81.428337,8.785275
-81.156403,8.787777
-80.905289,8.861942
-80.805283,8.903887
-80.644997,9.036386
-80.408340,9.132776
-80.148354,9.196941
-80.038391,9.274643
-79.968063,9.353052
-79.943336,9.357496
-79.940567,9.303053
-79.909302,9.328028
-79.900558,9.334997
-79.828018,9.374146
-79.698624,9.482496
-79.605293,9.597775
-79.533340,9.620277
-79.471123,9.567778
-79.277237,9.549442
-79.123611,9.538330
-78.979446,9.533607
-79.063339,9.498331
-79.059174,9.431664
-78.839737,9.422220
-78.613892,9.411386
-78.478897,9.406944
-78.268623,9.296108
-78.027237,9.220831
-77.865570,9.059719
-77.865837,9.104998
-77.734734,8.927776
-77.625000,8.823332
-77.531952,8.760275
-77.531403,8.703333
-77.445847,8.660830
-77.366127,8.676170
-77.478607,8.479717
-77.420273,8.470551
-77.373894,8.396385
-77.363892,8.286942
-77.221657,8.102219
-77.146667,7.945831
-77.291946,7.907776
-77.371933,7.786110
-77.325012,7.720832
-77.438599,7.622775
-77.573898,7.525276
-77.606377,7.549442
-77.662216,7.677775
-77.735283,7.724165
-77.754997,7.709998
-77.758621,7.625553
-77.720551,7.548054
-77.745003,7.487498
-77.811111,7.479999
-77.889130,7.227722
-78.008904,7.331110
-78.078339,7.434721
-78.172234,7.509999
-78.235001,7.646110
-78.287231,7.683611
-78.275009,7.735277
-78.400848,7.944165
-78.433060,8.051941
-78.413071,8.097775
-78.331947,8.058609
-78.259171,8.100275
-78.235001,8.155830
-78.271393,8.277496
-78.212509,8.264442
-78.143890,8.401665
-77.985001,8.232220
-77.861679,8.209719
-77.829422,8.165894
-77.738449,8.128935
-77.820892,8.177265
-77.862793,8.229441
-78.033073,8.313332
-78.091667,8.517220
-78.110573,8.483053
-78.089737,8.414442
-78.152237,8.469997
-78.218903,8.379719
-78.253616,8.392221
-78.204453,8.484442
-78.222778,8.538054
-78.259171,8.450552
-78.327507,8.447775
-78.370010,8.434719
-78.390007,8.435831
-78.359734,8.397776
-78.408890,8.343885
-78.495293,8.521942
-78.529167,8.569441
-78.503616,8.623608
-78.608612,8.664165
-78.614464,8.770275
-78.651672,8.699442
-78.797234,8.852776
-78.817230,8.803886
-78.851387,8.826387
-78.897507,8.906944
-79.073624,8.977497
-79.100220,9.078480
-79.111679,9.083885
-79.103073,9.024464
-79.112793,8.991943
-79.373901,9.013885
-79.519180,8.963331
-79.535187,8.930647
-79.603622,8.884996
-79.727226,8.840275
-79.759171,8.792498
-79.748901,8.685553
-79.830002,8.632498
-79.745010,8.592220
-79.946404,8.461388
-80.154167,8.332777
-80.363342,8.288887
-80.468903,8.218330
-80.481667,8.081665
-80.380371,8.000069
-80.328903,7.955276
-80.289169,7.873055
-80.118057,7.706943
-79.991119,7.521666
-80.000290,7.468610
-80.162231,7.412221
-80.305008,7.406943
-80.358063,7.381943
-80.396118,7.285276
-80.470291,7.251110
-80.737793,7.216109
-80.873611,7.205832
-80.917236,7.286943
-80.885010,7.338610
-80.945557,7.547499
-81.045288,7.663887
-81.001953,7.683888
-81.084457,7.764999
-81.073624,7.803610
-81.051392,7.891110
-81.093613,7.839998
-81.204727,7.868888
-81.171112,7.798054
-81.177231,7.746110
-81.241386,7.715554
-81.193336,7.657221
-81.212509,7.611943
-81.431953,7.677500
-81.528633,7.707499
-81.490570,7.744165
-81.538071,7.755832
-81.587784,7.792221
-81.593903,7.881109
-81.644447,7.959443
-81.686111,8.066664
-81.743057,8.188608
-81.770569,8.123886
-81.943069,8.180553
-82.075844,8.212774
-82.123611,8.202219
-82.212227,8.212498
-82.210281,8.326385
-82.249733,8.292219
-82.337784,8.329721
-82.406113,8.284719
-82.432510,8.350554
-82.454178,8.279720
-82.579453,8.294996
-82.714737,8.317219
-82.860001,8.244442
-82.868622,8.112219
-82.864182,8.022776
-82.896667,8.026709
-82.930832,8.254719
-82.966660,8.274721
-83.031677,8.336941
-82.830566,8.473885
-82.826950,8.575830
-82.915283,8.745274
-82.885010,8.784721
-82.748611,8.887218
-82.719162,8.940273
-82.855827,9.045830
-82.929466,9.062071
-82.934158,9.398331
-82.934723,9.471663
-82.833214,9.498186
# Triangles
185,184,183
187,186,174
203,205,204
186,185,174
182,181,180
177,180,179
182,174,185
177,174,182
175,174,177
182,180,177
182,185,183
177,179,178
187,174,188
206,203,202
207,206,209
202,209,206
200,199,198
206,205,203
190,189,188
191,190,194
194,193,192
191,194,192
188,22,190
188,174,31
165,164,166
166,164,163
169,168,167
166,160,167
166,162,160
160,162,161
160,154,167
159,158,155
159,154,160
166,163,162
158,156,155
170,169,171
173,172,174
172,171,169
169,151,172
175,177,176
154,153,152
152,167,154
151,150,172
169,152,151
172,150,32
169,167,152
159,155,154
174,172,32
150,149,34
208,207,209
212,211,210
217,216,215
198,210,200
197,196,198
198,19,213
210,209,200
210,213,212
210,198,213
215,214,10
19,214,213
214,17,11
198,196,19
200,209,201
202,201,209
17,12,11
219,218,217
217,215,4
219,217,4
2,1,219
219,3,2
3,219,4
4,215,10
10,9,8
4,6,5
4,8,6
7,6,8
8,4,10
214,11,10
194,22,20
194,190,22
20,22,21
20,19,196
24,23,29
24,28,25
22,30,23
19,17,214
31,30,188
174,32,31
150,33,32
30,29,23
33,150,34
35,34,149
22,188,30
195,194,196
28,24,29
18,17,19
13,16,14
13,12,16
15,14,16
16,12,17
28,27,26
142,38,37
149,36,35
36,145,37
28,26,25
148,147,36
196,194,20
36,149,148
157,156,158
96,93,92
94,96,95
96,94,93
82,90,89
90,81,92
92,97,96
97,92,104
98,97,102
100,102,101
102,100,98
90,92,91
100,99,98
122,121,120
120,123,122
119,118,120
118,123,120
114,113,115
112,115,113
111,110,112
118,117,116
112,110,109
88,82,89
36,147,145
87,86,85
85,82,88
81,90,82
84,83,85
83,82,85
81,80,104
104,92,81
78,77,76
79,76,74
76,79,78
75,74,76
79,74,80
80,74,105
104,80,105
106,105,107
102,104,103
107,109,108
105,67,107
97,104,102
73,72,71
73,71,70
68,67,69
70,69,67
105,70,67
70,105,73
73,105,74
85,88,87
64,107,67
146,145,147
145,144,143
42,142,141
142,41,38
142,37,143
140,139,141
135,138,137
135,137,136
135,134,53
139,138,45
42,141,139
42,44,43
42,41,142
39,41,40
44,139,45
44,42,139
38,41,39
49,53,50
50,53,52
135,53,49
50,52,51
47,46,48
48,138,49
45,48,46
45,138,48
138,135,49
134,133,132
145,143,37
124,123,125
123,118,125
128,127,129
127,126,125
127,125,57
115,112,116
125,118,116
112,109,116
59,116,109
109,64,62
67,65,64
109,107,64
66,65,67
57,125,116
62,64,63
132,131,129
131,130,129
132,129,55
53,134,54
132,55,54
127,55,129
54,134,132
60,59,61
56,127,57
59,58,116
127,56,55
57,116,58
61,59,109
62,61,109
