# Nicaragua region 0
153 150
# Outer Vertices
-85.736656,13.828610
-85.732773,13.957780
-85.524170,14.055280
-85.468338,14.108050
-85.388062,14.205550
-85.315002,14.281110
-85.179169,14.315280
-85.155838,14.340270
-85.175827,14.445000
-85.115280,14.566670
-85.086670,14.543330
-85.032784,14.573610
-85.025833,14.700550
-84.818619,14.827780
-84.682220,14.685550
-84.449158,14.627780
-84.325562,14.673610
-84.275284,14.665000
-84.267776,14.744720
-84.237213,14.763330
-84.196663,14.716380
-84.103333,14.728880
-84.118057,14.784160
-83.932503,14.752500
-83.921387,14.799440
-83.843887,14.785000
-83.718887,14.868330
-83.531113,14.949720
-83.506958,15.012780
-83.417503,14.991110
-83.390839,15.024720
-83.176941,14.989720
-83.130867,14.993290
-83.253342,14.880830
-83.292252,14.834280
-83.305557,14.903890
-83.335281,14.911390
-83.411957,14.808610
-83.347778,14.764720
-83.301964,14.780280
-83.232788,14.512500
-83.188057,14.353330
-83.203056,14.274170
-83.335564,14.067220
-83.428070,13.964170
-83.496948,13.695280
-83.517723,13.548000
-83.565292,13.262500
-83.520279,12.970000
-83.522232,12.796670
-83.539169,12.592220
-83.477226,12.448890
-83.486679,12.397220
-83.610001,12.369720
-83.633347,12.381110
-83.597778,12.418890
-83.630569,12.531940
-83.628891,12.570830
-83.578613,12.562220
-83.558060,12.610830
-83.538071,12.785000
-83.591667,12.818610
-83.642227,12.800830
-83.629997,12.603610
-83.756958,12.546110
-83.777237,12.480280
-83.734177,12.480000
-83.718903,12.333610
-83.671951,12.340830
-83.625000,12.357500
-83.614731,12.337220
-83.662514,12.256660
-83.679169,11.993610
-83.722778,12.068050
-83.694168,12.116390
-83.722778,12.170830
-83.776672,12.178050
-83.773354,12.150000
-83.733063,12.158330
-83.708618,12.124440
-83.732788,12.065280
-83.801964,12.055550
-83.753891,11.997500
-83.795013,11.900550
-83.831680,11.874720
-83.774170,11.800830
-83.738342,11.801390
-83.733063,11.860280
-83.698898,11.846390
-83.668327,11.598610
-83.757233,11.556390
-83.870010,11.342780
-83.807510,11.071390
-83.712509,10.924160
-83.645340,10.924260
-83.661667,10.879440
-83.677223,10.788890
-83.924438,10.709720
-83.982224,10.756110
-84.197769,10.785830
-84.224716,10.878050
-84.321671,10.926660
-84.355560,10.993330
-84.444443,10.959440
-84.674438,11.078050
-84.902786,10.940830
-84.940552,10.955270
-85.284157,11.091390
-85.614441,11.213610
-85.650284,11.151660
-85.711349,11.084280
-85.783890,11.110550
-85.928337,11.306390
-86.120010,11.455830
-86.315002,11.600830
-86.496948,11.759440
-86.633621,11.962780
-86.763062,12.173050
-86.843613,12.245280
-87.049728,12.379440
-87.099167,12.429720
-87.099167,12.431110
-87.224731,12.535280
-87.386124,12.672500
-87.489182,12.767500
-87.690292,12.907770
-87.658623,12.987220
-87.578339,13.083610
-87.424454,12.919720
-87.353058,12.925280
-87.300140,12.987410
-87.063606,13.000280
-86.952499,13.041670
-86.909729,13.241110
-86.827789,13.296670
-86.743057,13.260830
-86.696381,13.294720
-86.696663,13.356660
-86.732773,13.376660
-86.732773,13.522500
-86.763474,13.710840
-86.761124,13.752780
-86.530563,13.792500
-86.354172,13.758050
-86.313049,13.770830
-86.175827,13.970830
-86.088333,14.044440
-86.015839,14.065830
-86.022507,14.003050
-85.909157,13.906940
-85.853882,13.914160
-85.800827,13.839160
-85.736656,13.828610
# Triangles
124,123,129
125,124,128
129,123,122
118,117,135
120,119,121
132,121,119
121,131,122
119,118,132
129,128,124
128,127,126
129,131,130
128,126,125
132,131,121
133,135,134
135,133,132
132,118,135
129,122,131
117,136,135
106,105,104
107,106,104
91,102,100
102,101,100
103,102,104
104,81,107
65,152,108
152,116,114
116,115,114
117,152,136
152,117,116
152,114,113
110,109,111
111,108,112
108,111,109
112,108,113
107,81,108
152,113,108
104,102,91
139,138,137
142,141,140
140,139,142
143,142,139
137,136,143
144,143,136
144,136,151
136,152,151
143,139,137
145,149,148
145,144,149
146,148,147
148,146,145
151,150,149
47,6,3
152,2,1
144,151,149
2,152,64
5,4,6
2,47,3
10,9,8
10,7,11
7,14,11
15,14,7
7,6,15
10,8,7
4,3,6
12,14,13
12,11,14
15,17,16
21,20,17
20,19,18
21,23,22
20,18,17
15,6,46
45,17,15
17,44,21
100,99,98
100,92,91
84,104,91
84,91,90
92,98,93
104,84,81
90,85,84
89,86,85
88,87,86
89,85,90
98,97,93
83,82,81
81,77,76
80,77,81
65,81,76
83,81,84
79,77,80
67,65,76
71,76,75
79,78,77
81,65,108
67,66,65
73,72,74
74,71,75
86,89,88
94,93,95
93,96,95
93,97,96
67,71,68
67,76,71
70,69,68
68,71,70
55,52,51
52,55,53
53,55,54
74,72,71
58,55,51
62,64,63
2,64,62
58,57,56
59,50,60
50,59,58
60,50,49
58,51,50
56,55,58
43,25,23
2,62,47
25,24,23
25,37,26
47,46,6
61,49,48
46,45,15
47,62,48
37,27,26
62,61,48
60,49,61
152,65,64
44,23,21
23,44,43
25,43,40
37,40,38
43,42,40
39,38,40
41,40,42
40,37,25
37,36,29
28,27,29
30,29,36
36,35,30
27,37,29
34,33,35
33,31,35
31,33,32
35,31,30
17,45,44
98,92,100
