# Croatia region 3
313 310
# Outer Vertices
16.609236,46.475174
16.876381,46.318600
16.939159,46.246090
17.064159,46.206650
17.209721,46.118320
17.320551,45.974430
17.358610,45.949989
17.426100,45.954700
17.576660,45.940540
17.799440,45.808880
18.082491,45.766651
18.189159,45.784431
18.278971,45.760349
18.559441,45.801651
18.629160,45.876091
18.699160,45.921101
18.803049,45.886650
18.828100,45.896675
18.859200,45.847198
18.924400,45.811901
18.933300,45.782501
18.958599,45.778099
18.956100,45.736099
18.909201,45.713299
18.968901,45.667198
18.908100,45.616699
18.901899,45.570301
18.948299,45.537800
19.024401,45.560799
19.034401,45.542198
19.100599,45.512199
19.083099,45.487801
18.999701,45.490799
18.994400,45.451698
19.035801,45.410301
18.981400,45.396400
18.982500,45.375801
19.038601,45.348598
19.085300,45.347801
19.100800,45.308102
19.128901,45.290600
19.195000,45.268600
19.253901,45.273899
19.260300,45.247200
19.417801,45.235600
19.423901,45.184399
19.411100,45.174999
19.328600,45.175800
19.318899,45.199699
19.298599,45.203602
19.261700,45.180302
19.223101,45.208599
19.163601,45.212200
19.180799,45.173599
19.160601,45.145802
19.138100,45.129200
19.081699,45.126099
19.104200,45.096699
19.115299,45.036098
19.105301,44.983898
19.142799,44.982201
19.145300,44.951099
19.076099,44.909401
19.036699,44.932499
19.013599,44.916698
19.004700,44.900299
19.038099,44.860600
18.840799,44.863098
18.767799,44.915798
18.763300,44.944698
18.800800,44.949402
18.793900,44.996899
18.731100,44.999401
18.731400,45.021900
18.669201,45.061699
18.686899,45.077202
18.675600,45.094200
18.660000,45.087799
18.655300,45.057800
18.612200,45.062500
18.638599,45.094700
18.609699,45.084202
18.573099,45.094398
18.574699,45.068901
18.535000,45.095600
18.549400,45.076099
18.527201,45.047199
18.473900,45.064999
18.429701,45.106400
18.323099,45.103100
18.251699,45.138599
18.216400,45.129700
18.205299,45.084702
18.119400,45.083099
18.069401,45.104401
18.070000,45.139198
18.032200,45.128899
18.001699,45.152199
17.963900,45.112801
17.933901,45.108898
17.932800,45.080002
17.851700,45.049198
17.670300,45.136700
17.596100,45.108898
17.555799,45.110802
17.549700,45.131699
17.528099,45.111099
17.483299,45.110802
17.494400,45.136398
17.450800,45.128101
17.449400,45.159199
17.422800,45.141899
17.372200,45.140598
17.267200,45.186901
17.240299,45.148300
17.176901,45.148300
17.070601,45.188099
17.035601,45.226700
17.008301,45.216099
17.010599,45.239201
16.990299,45.226898
16.972200,45.249401
16.968599,45.233601
16.932199,45.234402
16.939699,45.265598
16.913601,45.273899
16.823900,45.187199
16.594999,45.230598
16.525801,45.224400
16.476101,45.185600
16.459400,45.144402
16.395000,45.118301
16.400000,45.090302
16.353600,45.005798
16.292500,45.000599
16.209700,45.034401
16.160000,45.085602
16.120600,45.095001
16.111900,45.128101
16.051901,45.159401
16.023100,45.215000
15.951700,45.215801
15.936700,45.228600
15.834200,45.211899
15.781100,45.161900
15.784400,45.120300
15.764700,45.073601
15.787500,44.995300
15.769700,44.919201
15.798300,44.855301
15.736400,44.816898
15.767500,44.776100
15.854700,44.714401
15.956900,44.700001
16.042500,44.553902
16.121401,44.504700
16.159201,44.393902
16.225000,44.335800
16.183901,44.305801
16.178301,44.214699
16.143101,44.199402
16.249399,44.196701
16.302200,44.157200
16.354700,44.081699
16.438900,44.031898
16.537201,44.013599
16.701401,43.850601
16.722799,43.786098
16.840799,43.719200
16.976400,43.586102
17.098301,43.513599
17.261700,43.459702
17.271900,43.444401
17.256100,43.414398
17.298100,43.280800
17.394400,43.230301
17.453300,43.161098
17.630301,43.076900
17.684200,42.982201
17.676701,42.963299
17.579556,42.944008
17.476940,42.985271
17.424721,43.059711
17.354160,43.087769
17.016661,43.291370
16.884439,43.403049
16.623051,43.447208
16.528049,43.508041
16.394159,43.510269
16.473049,43.531940
16.353609,43.551102
16.039440,43.481098
15.923610,43.588600
15.917220,43.630550
15.950830,43.647209
15.903610,43.695541
15.656670,43.824711
15.375000,43.997211
15.140550,44.238602
15.113330,44.260269
15.133050,44.282768
15.179440,44.245541
15.206110,44.258041
15.191940,44.299992
15.284160,44.246658
15.295830,44.294991
15.271390,44.330818
15.466390,44.260269
15.526110,44.269428
15.276660,44.364429
14.975830,44.596100
14.886110,44.771648
14.890830,44.881939
14.920830,44.962769
14.842500,45.111660
14.611670,45.225819
14.482780,45.311100
14.329440,45.354431
14.259160,45.242489
14.216670,45.123322
14.143330,45.055820
14.170560,44.988602
14.071110,44.944710
14.056110,45.025539
14.042500,44.931931
13.975000,44.825260
13.880000,44.811100
13.832220,44.869160
13.628330,45.098320
13.623330,45.127491
13.595280,45.239429
13.575830,45.300270
13.496390,45.490822
13.569667,45.507072
13.615300,45.464401
13.691400,45.444401
13.858600,45.478100
13.906900,45.453300
13.986700,45.459999
13.997200,45.480000
13.978300,45.507801
13.989400,45.522202
14.131400,45.474400
14.238300,45.505600
14.320600,45.484200
14.392800,45.486099
14.485800,45.529701
14.509700,45.598099
14.554400,45.631100
14.565000,45.665001
14.601400,45.675301
14.613600,45.619999
14.685300,45.574200
14.686900,45.536701
14.703100,45.532799
14.797200,45.501400
14.817800,45.465801
14.907200,45.476398
14.929200,45.524399
15.021100,45.489399
15.084700,45.486099
15.168600,45.425598
15.188100,45.439400
15.224200,45.431099
15.272200,45.461700
15.335300,45.456402
15.323300,45.482201
15.336100,45.510300
15.303900,45.537800
15.283100,45.608101
15.348100,45.649200
15.391900,45.646702
15.347200,45.674999
15.368100,45.702801
15.358600,45.714401
15.335800,45.697498
15.308600,45.719398
15.302800,45.690800
15.283300,45.694698
15.291900,45.731098
15.322500,45.761398
15.444700,45.815800
15.482200,45.802200
15.499400,45.835800
15.538300,45.826401
15.609400,45.848598
15.656700,45.823299
15.697800,45.844200
15.679400,45.861900
15.690600,45.902802
15.723600,45.934700
15.700000,46.020000
15.718300,46.047199
15.629400,46.086899
15.599700,46.142502
15.651900,46.216702
15.676700,46.226700
15.781100,46.212502
15.821700,46.258301
16.017200,46.298100
16.081100,46.331100
16.078300,46.379700
16.144699,46.406101
16.192499,46.384701
16.263100,46.388901
16.293900,46.374401
16.303900,46.385799
16.268900,46.411900
16.251400,46.498299
16.300703,46.531738
16.397800,46.540798
16.577200,46.469398
16.609236,46.475174
# Triangles
200,199,198
198,201,200
201,198,197
226,225,227
210,212,211
202,201,204
207,197,208
208,197,196
197,207,204
201,197,204
205,204,207
206,205,207
209,151,150
208,151,209
209,150,210
150,148,146
202,204,203
150,213,210
227,224,223
227,225,224
223,222,221
223,221,220
227,223,228
235,231,230
228,223,229
223,237,229
229,237,230
220,238,223
210,213,212
213,150,146
214,213,261
263,261,213
219,218,238
253,216,215
214,256,215
217,216,245
242,218,217
263,213,146
238,220,219
259,214,261
160,208,196
193,192,194
163,195,194
191,194,192
152,154,153
154,152,208
155,154,156
154,208,160
156,154,160
160,195,163
194,191,190
160,163,162
162,161,160
190,164,163
165,164,190
160,158,156
158,160,159
158,157,156
163,194,190
150,149,148
208,152,151
144,146,145
142,141,140
265,144,143
265,146,144
146,148,147
131,136,135
134,133,132
135,134,131
132,131,134
140,139,138
137,136,138
138,136,131
140,138,129
140,128,290
138,131,129
287,143,142
196,195,160
287,142,140
234,232,231
236,235,237
237,223,238
230,237,235
234,233,232
241,239,242
242,217,243
238,242,239
218,242,238
234,231,235
256,214,257
264,263,265
214,259,257
244,243,217
217,245,244
259,258,257
246,245,216
259,261,260
254,215,256
262,261,263
255,254,256
241,240,239
253,251,246
253,252,251
248,247,251
249,251,250
251,249,248
247,246,251
246,216,253
254,253,215
279,278,276
276,274,280
276,280,279
277,276,278
270,269,268
266,265,267
267,270,268
271,267,265
143,271,265
270,267,271
272,271,273
274,273,281
274,281,280
271,282,273
282,281,273
284,283,282
284,282,271
285,284,286
271,286,284
289,287,290
287,289,288
287,140,290
143,286,271
287,286,143
295,294,293
293,292,296
291,290,292
297,292,299
297,296,292
295,293,296
297,299,298
299,292,290
300,303,302
303,300,305
305,304,303
311,306,305
300,299,305
306,309,307
309,306,310
307,309,308
310,306,311
300,302,301
290,128,299
305,299,128
276,275,274
263,146,265
170,185,184
170,184,173
184,174,173
171,173,172
167,189,187
189,188,187
186,185,168
170,173,171
187,186,167
185,170,169
177,182,181
180,179,178
181,180,177
178,177,180
174,183,175
183,174,184
176,175,183
176,183,182
182,177,176
165,189,166
186,168,167
168,185,169
189,167,166
108,106,105
106,108,107
110,108,105
109,108,110
100,99,101
102,101,99
103,105,104
103,102,105
97,102,99
99,98,97
110,105,102
94,93,95
95,97,96
69,68,70
71,70,64
68,67,70
73,72,71
75,74,73
75,73,71
65,64,70
65,67,66
63,71,64
63,59,58
63,62,59
60,59,61
62,61,59
63,56,71
70,67,65
58,56,63
91,93,92
87,86,84
86,85,84
84,83,82
91,90,95
88,87,84
88,84,13
89,88,90
12,90,88
82,13,84
93,91,95
77,80,78
79,78,80
26,80,76
76,80,77
75,36,76
71,56,36
75,71,36
26,82,80
57,56,58
81,80,82
52,56,55
95,90,10
128,140,129
127,2,305
126,125,127
121,123,122
305,128,127
113,115,114
9,102,97
110,112,111
6,119,117
119,118,117
115,113,116
113,112,110
113,110,6
116,113,117
6,117,113
110,102,9
120,119,121
125,124,5
125,5,3
124,121,119
5,124,119
123,121,124
3,5,4
312,311,1
1,311,305
3,2,125
1,305,2
2,127,125
110,9,8
12,11,10
97,95,10
97,10,9
5,119,6
110,8,7
16,15,14
23,14,13
110,7,6
88,13,12
10,90,12
129,131,130
40,56,52
52,54,53
52,51,41
52,41,40
56,37,36
39,38,37
56,39,37
40,39,56
76,36,35
48,46,44
46,48,47
44,46,45
43,41,51
41,43,42
49,48,43
43,51,50
44,43,48
50,49,43
25,23,13
25,24,23
23,22,20
26,35,27
14,23,16
17,16,18
18,20,19
18,16,23
23,20,18
20,22,21
25,13,26
33,32,27
33,35,34
32,31,29
32,28,27
29,28,32
30,29,31
27,35,33
76,35,26
82,26,13
52,55,54
165,190,189
