# Croatia region 2
28 25
# Outer Vertices
17.655542,42.891289
17.698099,42.927200
17.786400,42.903900
17.821400,42.920300
17.842501,42.903599
17.845301,42.859699
17.882799,42.819199
17.922501,42.811100
17.998899,42.761398
18.100300,42.750801
18.268600,42.618301
18.362499,42.626701
18.411900,42.606400
18.455290,42.564522
18.460300,42.486900
18.510256,42.449402
18.526100,42.398319
18.214720,42.579430
18.227489,42.607769
17.906389,42.747490
17.810829,42.808601
17.721380,42.823879
17.735270,42.794991
17.334160,42.930538
17.046940,43.034710
17.421379,42.961380
17.716940,42.847759
17.655542,42.891289
# Triangles
25,21,26
26,21,20
1,27,26
26,20,2
5,20,6
22,21,25
5,2,20
24,23,25
22,25,23
2,4,3
4,2,5
26,2,1
18,17,10
14,10,17
12,11,14
18,9,8
16,15,14
14,13,12
16,14,17
6,19,7
19,6,20
7,19,8
11,10,14
18,8,19
10,9,18
