# Somalia region 1
136 133
# Outer Vertices
42.943279,11.003910
43.248619,11.472850
43.258598,11.463610
43.287491,11.463050
43.293598,11.490550
43.336102,11.423890
43.492489,11.365830
43.498878,11.215560
43.684158,10.954170
44.278320,10.447770
44.384708,10.411940
44.959709,10.426660
45.794708,10.876940
45.986660,10.791390
46.250271,10.786110
46.347488,10.696940
46.448040,10.688890
46.655540,10.748330
47.116650,11.023050
47.398880,11.180000
47.519989,11.183050
47.691662,11.099160
48.162491,11.145550
48.347488,11.276390
48.654430,11.329170
48.924011,11.245550
49.429150,11.341940
49.543880,11.433330
50.065540,11.508050
50.273880,11.588890
50.498878,11.750000
50.570541,11.910830
50.772209,11.990550
51.278881,11.831670
51.265820,11.782500
51.076382,11.328050
51.079430,11.184720
51.170269,11.140830
51.114159,10.967780
51.159161,10.583610
51.009708,10.432770
51.027210,10.413050
51.226650,10.447770
51.174431,10.561940
51.260818,10.500270
51.374149,10.488610
51.412899,10.449370
51.365822,10.372220
51.245819,10.424440
51.087212,10.411940
50.954430,10.358330
50.893318,10.309160
50.901661,10.189440
50.824429,9.670275
50.840820,9.443052
50.766102,9.313053
50.695820,9.276108
50.644161,9.193886
50.643600,9.083054
50.476101,8.938887
50.321930,8.618887
50.325550,8.546387
50.289440,8.491110
50.101650,8.175554
49.831928,7.950276
49.806381,7.882776
49.819149,7.759998
49.587769,7.312777
49.567490,7.291665
49.291100,6.883888
49.073879,6.410554
49.059711,6.193054
48.899990,5.905555
48.642208,5.477499
48.343040,5.101387
48.085819,4.676944
47.802490,4.299165
47.490822,3.936666
47.428322,3.860555
47.093040,3.522777
46.776100,3.168888
46.430271,2.848055
46.103321,2.509721
45.846931,2.320833
45.432209,2.083889
45.004162,1.860833
44.608879,1.595555
44.242210,1.300000
43.895550,0.989166
43.538052,0.689444
43.213039,0.348056
42.892872,0.000529
42.748322,-0.147778
42.451649,-0.463056
42.150829,-0.820000
42.086380,-0.831667
41.971371,-1.025556
41.871929,-1.218056
41.832211,-1.168889
41.823879,-1.279167
41.557720,-1.674361
41.555260,-1.592222
41.029709,-0.906389
40.986309,2.832590
41.336929,3.167499
41.913639,3.990465
41.913639,3.998662
41.930538,4.009722
41.955818,4.085276
42.075821,4.175277
42.195820,4.208887
42.514149,4.233609
42.831661,4.295276
42.914150,4.356109
42.971371,4.508610
43.163872,4.670832
43.623600,4.869164
43.981930,4.963054
44.950821,4.902498
46.418591,6.473331
47.989429,8.003052
47.011929,8.001110
45.343319,8.564163
44.010540,9.007219
43.627201,9.354441
43.583050,9.336107
43.430820,9.426107
43.341091,9.608051
43.278042,9.641386
43.216091,9.881384
43.091648,9.918329
42.816929,10.313880
42.786098,10.455550
42.712200,10.531940
42.665531,10.621380
42.943279,11.003910
# Triangles
101,100,99
98,101,99
101,98,102
98,97,96
95,102,96
96,102,98
103,102,93
89,104,103
106,105,107
105,104,111
109,107,110
105,111,107
109,108,107
93,95,94
95,93,102
92,91,103
90,103,91
103,90,89
87,104,88
87,86,112
104,87,111
88,104,89
107,111,110
112,86,113
87,112,111
113,115,114
83,118,84
118,85,84
118,83,82
85,116,113
113,86,85
92,103,93
131,8,132
131,130,129
131,129,8
129,128,127
9,129,127
135,132,8
134,133,135
2,1,135
133,132,135
7,6,5
3,2,5
4,3,5
5,2,135
5,135,7
127,126,124
116,85,117
9,127,124
126,125,124
77,119,118
124,123,10
122,16,15
115,113,116
11,123,122
10,9,124
7,135,8
8,129,9
122,13,11
13,122,15
13,12,11
14,13,15
10,123,11
118,117,85
118,82,81
80,79,118
78,77,118
118,79,78
76,75,119
74,119,75
77,76,119
74,73,119
119,72,70
17,121,120
70,120,119
119,73,72
71,70,72
120,68,65
69,68,120
70,69,120
65,68,67
121,16,122
66,65,67
64,63,60
65,64,120
62,61,60
60,25,120
62,60,63
25,60,59
58,57,59
56,55,54
57,56,53
54,53,56
53,52,26
26,52,51
57,53,25
57,25,59
120,64,60
40,51,50
21,120,22
21,19,18
18,17,21
21,17,120
22,120,25
21,20,19
53,26,25
25,24,22
23,22,24
27,26,28
29,28,38
30,32,31
32,30,35
29,35,30
51,28,26
17,16,121
41,49,42
41,50,49
49,48,42
40,38,51
48,47,45
46,45,47
42,48,44
50,41,40
45,44,48
37,36,38
36,29,38
35,29,36
38,40,39
44,43,42
33,32,34
34,32,35
51,38,28
118,81,80
