# Haiti region 1
90 87
# Outer Vertices
-71.751480,19.700171
-71.692207,19.498329
-71.739723,19.345551
-71.766953,19.331940
-71.696381,19.241659
-71.629440,19.219709
-71.678329,19.098881
-71.853882,18.968880
-71.779167,18.957769
-71.710007,18.798889
-71.726387,18.716101
-71.887512,18.611380
-71.970840,18.624161
-71.991524,18.608589
-71.946350,18.542459
-71.885010,18.477209
-71.910278,18.441940
-71.694717,18.322220
-71.769173,18.202209
-71.748894,18.095551
-71.771477,18.054230
-71.916946,18.179720
-72.069458,18.239719
-72.587784,18.178600
-72.751106,18.175270
-72.812500,18.138611
-73.345840,18.242500
-73.444733,18.257219
-73.602783,18.213881
-73.689728,18.236660
-73.720840,18.196110
-73.819458,18.148609
-73.841667,18.113609
-73.789169,18.041109
-73.803337,18.024160
-73.881958,18.022770
-74.098068,18.245001
-74.233612,18.306391
-74.361954,18.289440
-74.476959,18.408600
-74.423889,18.607771
-74.242783,18.666109
-74.149170,18.658331
-73.758621,18.539160
-73.607788,18.585270
-73.575287,18.575830
-73.596123,18.548611
-73.703903,18.549160
-73.658340,18.497770
-73.423340,18.516939
-72.894730,18.428881
-72.775284,18.433611
-72.733612,18.424999
-72.631958,18.552219
-72.412231,18.557220
-72.365837,18.525551
-72.345291,18.539709
-72.321671,18.669439
-72.547234,18.781660
-72.818336,19.043880
-72.788887,19.092220
-72.724731,19.094721
-72.708893,19.126659
-72.798889,19.214991
-72.775009,19.281660
-72.714172,19.292219
-72.770569,19.333611
-72.746948,19.371941
-72.678337,19.407490
-72.696671,19.452221
-72.761398,19.444719
-72.992783,19.599440
-73.405006,19.633051
-73.460281,19.679159
-73.463898,19.724991
-73.407791,19.830549
-73.204727,19.895269
-73.114464,19.920549
-72.850571,19.932770
-72.703056,19.923611
-72.391403,19.812771
-72.315292,19.752220
-72.203613,19.783600
-72.209457,19.749439
-71.989182,19.718050
-71.863892,19.714161
-71.908340,19.679159
-71.823639,19.654989
-71.845573,19.703609
-71.751480,19.700171
# Triangles
35,32,36
32,35,34
33,32,34
32,31,36
39,38,37
40,39,37
31,43,36
29,43,31
29,31,30
37,36,42
43,42,36
48,29,28
50,26,25
50,25,24
48,27,49
27,48,28
27,26,49
43,48,47
24,51,50
49,26,50
52,51,24
24,23,52
29,48,43
37,42,41
43,47,44
44,46,45
46,44,47
41,40,37
72,75,74
75,72,76
72,74,73
66,65,67
63,65,64
60,59,61
76,71,77
76,72,71
77,71,78
70,79,71
71,79,78
23,55,54
55,23,22
56,22,14
22,56,55
14,22,16
56,14,13
54,53,23
58,61,59
57,13,12
7,58,57
56,13,57
12,7,57
21,20,19
19,18,21
21,18,16
16,18,17
15,14,16
7,11,9
9,11,10
11,7,12
21,16,22
9,8,7
67,65,68
63,62,65
83,68,3
69,68,81
68,65,62
7,68,62
69,79,70
69,80,79
80,69,81
83,81,68
83,82,81
83,3,84
61,58,62
4,3,7
3,2,1
3,86,84
4,6,5
6,4,7
86,85,84
87,1,89
87,86,3
87,89,88
3,1,87
3,68,7
58,7,62
53,52,23
