# Vietnam region 0
549 546
# Outer Vertices
104.040398,19.694441
104.139099,19.659990
104.164101,19.688320
104.308601,19.686939
104.320602,19.661501
104.413597,19.693331
104.523003,19.604710
104.644997,19.615549
104.661598,19.668880
104.836403,19.791380
104.846100,19.853319
104.778801,19.874161
104.852501,19.945271
104.959999,19.986931
104.980797,20.018600
104.934998,20.185551
104.680496,20.218880
104.678802,20.280550
104.713898,20.290270
104.706902,20.345551
104.602501,20.419710
104.510498,20.408051
104.388603,20.438610
104.381302,20.460550
104.470802,20.537220
104.551102,20.516380
104.643600,20.660271
104.585297,20.673880
104.348000,20.834440
104.109100,20.977209
104.076897,20.958321
103.803596,20.845831
103.789398,20.748600
103.729401,20.724159
103.738297,20.669991
103.687202,20.658331
103.448601,20.827770
103.416901,20.794161
103.166397,20.850830
103.030800,21.059999
102.966904,21.078609
102.916603,21.234440
102.822998,21.260830
102.900497,21.302771
102.943802,21.454710
102.875000,21.432770
102.961899,21.544161
102.988899,21.682770
102.964996,21.748880
102.939400,21.724710
102.861397,21.718321
102.858299,21.826941
102.828903,21.847771
102.807198,21.828051
102.817497,21.733601
102.746902,21.666380
102.671097,21.662491
102.640503,21.863050
102.505501,21.962210
102.419403,22.120550
102.267502,22.217770
102.140503,22.395889
102.179703,22.428329
102.250801,22.413050
102.264397,22.484159
102.415001,22.632771
102.381599,22.670830
102.469398,22.771379
102.521400,22.764999
102.560204,22.697491
102.683601,22.690830
102.867699,22.597771
102.928596,22.481930
103.030502,22.435551
103.070801,22.445271
103.069397,22.492769
103.163002,22.538050
103.180000,22.624439
103.275497,22.669161
103.326897,22.793051
103.380798,22.781940
103.549400,22.603319
103.584999,22.647209
103.563004,22.698050
103.652802,22.784000
103.856598,22.581100
103.964699,22.498800
104.016899,22.547211
104.035202,22.691099
104.102501,22.792219
104.255501,22.831940
104.261902,22.737770
104.362198,22.686661
104.591301,22.821659
104.724098,22.814989
104.861099,22.936661
104.822998,23.099720
105.064400,23.230270
105.240501,23.260550
105.323303,23.375820
105.517502,23.187210
105.554398,23.160271
105.570297,23.064440
105.761902,23.023880
105.872498,22.910271
106.146400,22.983330
106.227203,22.953039
106.251602,22.871941
106.336899,22.853319
106.606102,22.902210
106.642502,22.856100
106.679398,22.875549
106.821602,22.800270
106.680298,22.572769
106.635498,22.615549
106.607201,22.606939
106.561401,22.364161
106.578003,22.337500
106.653603,22.328609
106.695198,22.057220
106.675201,21.985821
106.692200,21.965820
106.746597,22.015270
107.022797,21.938601
107.048302,21.914440
107.013000,21.834990
107.211899,21.711941
107.301399,21.731100
107.363297,21.604990
107.402802,21.617769
107.453903,21.658051
107.487198,21.641661
107.485802,21.597771
107.703903,21.624990
107.782799,21.667139
107.916603,21.588881
107.986099,21.542641
108.077499,21.481661
107.965302,21.430830
107.964699,21.474159
107.918602,21.444441
107.914101,21.522770
107.821404,21.523609
107.794403,21.477209
107.760803,21.437220
107.609200,21.323050
107.555496,21.292219
107.540298,21.325550
107.445000,21.286110
107.372498,21.271379
107.359398,21.227489
107.386902,21.175550
107.350800,21.007771
107.213898,20.991100
107.195000,20.931391
107.069099,20.951941
107.093002,21.008881
107.012802,20.989441
107.007202,20.947769
106.885803,20.978331
106.941101,20.900551
106.858299,20.871660
106.849998,20.912220
106.774696,20.935829
106.774101,20.967489
106.828598,20.971939
106.806900,21.006380
106.666100,21.002220
106.759697,20.932501
106.700302,20.868610
106.804703,20.674440
106.753304,20.705549
106.706398,20.662769
106.627800,20.614161
106.580299,20.543610
106.561897,20.458330
106.595299,20.437771
106.566704,20.283880
106.499802,20.302120
106.556900,20.267220
106.456100,20.207220
106.392799,20.214439
106.326897,20.141109
106.169701,19.983049
106.071899,19.959999
106.028603,19.995831
105.954102,19.920830
105.930000,19.824711
105.930000,19.767500
105.862198,19.709721
105.823601,19.617491
105.809402,19.421659
105.767502,19.403879
105.812500,19.297770
105.733002,19.228331
105.732201,19.099720
105.607498,19.004160
105.629700,18.916380
105.755203,18.770000
105.745201,18.722219
105.763901,18.707491
105.817200,18.612499
105.903900,18.478331
106.087997,18.290831
106.146400,18.264999
106.198303,18.241940
106.351097,18.113050
106.434998,18.119720
106.431900,18.066669
106.510803,17.953329
106.482803,17.918610
106.447197,17.831381
106.494102,17.712219
106.471100,17.700830
106.434998,17.731110
106.430298,17.724440
106.370201,17.702221
106.403000,17.677780
106.421898,17.713600
106.510803,17.665270
106.675003,17.429440
106.889999,17.240829
107.124702,17.069441
107.117203,17.011761
107.129997,17.011940
107.217796,16.902491
107.324997,16.804440
107.555000,16.629999
107.456596,16.655830
107.447197,16.639160
107.542999,16.598049
107.647202,16.514721
107.700798,16.513330
107.838303,16.365829
107.791603,16.358049
107.846901,16.291380
107.928902,16.295271
107.932999,16.355270
107.997803,16.316660
108.042999,16.340830
108.063004,16.281660
108.200798,16.203329
108.138298,16.146940
108.151901,16.103331
108.249199,16.032499
108.243896,16.155270
108.315804,16.131380
108.259102,16.085550
108.270798,16.012779
108.384697,15.895000
108.492996,15.682500
108.643898,15.508610
108.679100,15.514720
108.626602,15.484720
108.627998,15.452220
108.667999,15.440000
108.691399,15.486110
108.787804,15.363610
108.811897,15.406390
108.886101,15.276670
108.946404,15.244720
108.899399,15.155000
108.862198,15.155000
108.961601,14.921110
109.083000,14.709720
109.080498,14.568890
109.130798,14.384720
109.229698,14.129160
109.169701,14.160830
109.272797,13.899720
109.308899,13.883610
109.298302,13.745830
109.267502,13.770830
109.239998,13.888330
109.240196,13.630000
109.288902,13.573060
109.211098,13.637220
109.340500,13.460830
109.303596,13.409160
109.295502,13.458330
109.248901,13.490830
109.230797,13.438610
109.287498,13.329720
109.289398,13.272500
109.312798,13.292500
109.311096,13.240830
109.324799,13.077590
109.440300,12.945000
109.459099,12.853050
109.370499,12.821390
109.425003,12.692780
109.441399,12.591940
109.413597,12.666940
109.376602,12.663610
109.386902,12.718050
109.344704,12.791110
109.197197,12.629720
109.235298,12.525550
109.346901,12.390550
109.294701,12.346660
109.205803,12.440280
109.159103,12.445270
109.206596,12.387780
109.206596,12.244720
109.222198,12.044440
109.282799,11.962770
109.276604,11.861110
109.215500,11.884720
109.190498,12.095550
109.195900,12.003830
109.189102,11.925550
109.136398,11.893330
109.126602,11.836670
109.153603,11.818330
109.201401,11.869440
109.245499,11.724720
109.133003,11.566940
109.019402,11.615830
109.024101,11.357780
108.957497,11.308050
108.915497,11.316390
108.805000,11.314170
108.715302,11.166940
108.637199,11.184160
108.513000,11.132220
108.478600,11.048890
108.371597,11.019720
108.341103,10.949160
108.264702,10.946390
108.205498,10.941940
108.074699,10.881940
107.997803,10.699160
107.969704,10.703890
107.686897,10.619720
107.513603,10.500830
107.252800,10.376110
107.217201,10.422500
107.171097,10.476940
107.028000,10.478330
107.037804,10.540280
107.017502,10.616390
107.021599,10.545550
106.966400,10.466110
106.938004,10.600280
106.771400,10.684440
106.754997,10.673610
106.734200,10.511110
106.664101,10.491660
106.589104,10.439720
106.579903,10.477620
106.577499,10.481420
106.588303,10.429440
106.738602,10.469440
106.793602,10.379720
106.777199,10.272780
106.726097,10.281390
106.432198,10.304720
106.721100,10.195550
106.803902,10.128890
106.776398,10.080000
106.638298,9.970552
106.473900,10.046390
106.363602,10.210830
106.323303,10.235000
106.490799,10.007770
106.566902,9.974720
106.694702,9.880276
106.681602,9.849163
106.612198,9.808887
106.582497,9.821941
106.363899,9.998331
106.171700,10.201110
106.114197,10.229440
106.186096,10.125550
106.386101,9.930275
106.577202,9.727776
106.571899,9.634996
106.499702,9.548052
106.386398,9.538330
106.161400,9.710552
105.971397,9.917498
105.825500,10.005550
105.865501,9.957220
106.059700,9.756941
106.209702,9.514442
106.206596,9.467775
106.164101,9.412220
106.192703,9.400274
106.176697,9.356108
105.885201,9.258331
105.596901,9.153055
105.464401,9.060274
105.331398,8.805553
105.124702,8.625830
104.943298,8.574163
104.725800,8.596941
104.720802,8.613886
104.821098,8.651665
104.866402,8.695833
104.847198,8.723053
104.902496,8.727499
104.931900,8.821110
104.817497,8.767498
104.797203,8.795553
104.813599,8.874720
104.814003,9.187122
104.816399,9.204720
104.836899,9.559998
104.901398,9.815552
105.044998,9.931387
105.084999,9.934443
105.099701,9.888885
105.073303,10.011660
104.977203,10.108330
104.885803,10.099160
104.791397,10.214440
104.714996,10.229160
104.671898,10.171110
104.606903,10.146660
104.576103,10.277220
104.538002,10.281110
104.501900,10.375550
104.451599,10.370270
104.448402,10.422500
104.598602,10.534160
104.821404,10.520000
104.890503,10.540000
105.099701,10.726390
105.066399,10.781390
105.043602,10.901390
105.109100,10.955550
105.355499,10.846660
105.429703,10.966110
105.467201,10.955000
105.758301,11.021390
105.791603,11.007220
105.870201,10.851660
105.932999,10.833610
105.957497,10.900000
106.203300,10.770550
106.145798,10.915550
106.155197,10.975830
106.214401,10.975550
106.159103,11.093890
106.074699,11.106660
105.869698,11.296940
105.885803,11.399740
105.899101,11.448050
105.818199,11.596440
105.821404,11.620830
105.966599,11.646390
106.039101,11.776390
106.190002,11.749160
106.458504,11.664560
106.423599,11.767500
106.471298,11.869460
106.420197,11.973610
106.476601,11.970830
106.730301,11.975830
106.781898,12.065830
106.978897,12.084440
107.166901,12.277780
107.318901,12.329440
107.440804,12.253610
107.548897,12.356390
107.583000,12.500000
107.567703,12.802220
107.509697,12.882500
107.495796,13.005550
107.636398,13.381660
107.628899,13.542780
107.462402,13.796210
107.474297,13.930010
107.445503,14.005000
107.385201,14.002780
107.367996,14.033890
107.383904,14.260830
107.416100,14.429440
107.478302,14.430830
107.535500,14.556940
107.545898,14.704960
107.513603,14.803610
107.545799,14.836940
107.584702,14.899440
107.477997,14.973610
107.479698,15.037780
107.580002,15.044160
107.695198,15.270830
107.620003,15.342770
107.459099,15.511110
107.261597,15.650270
107.253601,15.726390
107.187698,15.759440
107.175003,15.795000
107.206596,15.861390
107.398300,15.913890
107.466599,16.008890
107.460503,16.082491
107.334099,16.056940
107.154404,16.197769
107.148903,16.260830
107.091103,16.301941
106.989098,16.297770
106.907204,16.392490
106.898300,16.449989
106.885201,16.532490
106.848000,16.537220
106.784203,16.453560
106.734703,16.430550
106.674400,16.478600
106.633003,16.604990
106.586800,16.627090
106.556297,16.899981
106.561096,16.996941
106.471100,16.982491
106.361397,17.135550
106.335503,17.234159
106.287498,17.293890
106.253601,17.245819
106.211601,17.261660
106.043602,17.402769
105.858597,17.620550
105.785004,17.659439
105.736397,17.717489
105.614998,17.871380
105.624702,17.947769
105.499702,18.179991
105.433601,18.207769
105.383003,18.160271
105.184998,18.318331
105.191597,18.378330
105.131897,18.409990
105.103302,18.466930
105.149399,18.599720
105.189697,18.602489
105.193802,18.642490
105.134399,18.706381
104.957497,18.738880
104.672203,18.836941
104.520798,18.979429
104.453598,18.981100
104.223900,19.132490
103.964699,19.253611
103.879097,19.293430
103.987701,19.399160
104.069801,19.409830
104.122498,19.497219
104.036598,19.611099
104.040398,19.694441
# Triangles
401,404,403
396,395,397
402,401,403
406,405,391
404,401,405
395,394,397
424,423,421
421,423,422
420,419,421
418,417,419
424,419,416
416,419,417
419,424,421
416,415,425
399,398,400
401,400,393
398,394,400
391,405,401
393,392,401
391,401,392
400,394,393
397,394,398
391,407,406
414,413,415
408,407,411
381,431,412
411,409,408
410,409,411
381,412,411
411,407,390
407,391,390
413,412,427
426,415,413
425,424,416
425,415,426
430,428,431
530,529,527
428,427,431
430,429,428
413,427,426
532,531,530
537,7,538
532,534,533
534,532,530
199,535,534
197,536,535
534,530,527
536,196,537
431,433,432
436,434,433
436,435,434
521,523,522
412,431,427
203,525,523
527,526,201
199,534,527
201,199,527
525,524,523
200,199,201
199,197,535
202,201,526
526,525,203
527,529,528
433,431,436
197,199,198
411,390,382
383,382,389
381,411,382
380,372,381
382,390,389
379,374,380
372,380,373
439,437,372
386,383,389
389,388,386
381,372,436
437,436,372
444,446,445
438,437,439
446,444,447
441,440,442
447,444,443
384,383,386
384,386,385
374,378,375
364,370,369
379,378,374
380,374,373
372,363,439
442,440,439
439,345,442
372,371,363
356,361,357
363,370,364
363,362,356
370,363,371
356,362,361
363,356,439
350,439,356
453,442,344
387,386,388
443,442,453
448,450,449
448,447,450
452,451,450
450,447,452
219,517,220
443,452,447
523,204,203
202,526,203
206,521,216
523,521,204
521,520,216
517,519,518
521,205,204
521,206,205
216,520,517
520,519,517
220,516,515
220,517,516
517,217,216
455,454,453
458,457,455
515,514,513
217,517,219
457,456,455
455,453,458
219,218,217
210,206,211
214,216,215
208,207,206
214,212,211
206,210,208
211,216,214
214,213,212
206,216,211
209,208,210
443,453,452
378,377,376
436,431,381
42,41,43
43,41,44
39,44,41
44,46,45
36,46,44
46,31,47
39,41,40
57,56,55
54,53,55
57,55,53
51,49,48
49,51,50
73,51,48
48,47,81
36,44,39
543,542,544
542,545,544
546,545,541
1,0,547
542,541,545
35,33,36
46,36,31
36,38,37
33,31,36
32,31,33
29,47,30
47,31,30
34,33,35
36,39,38
92,86,29
29,86,47
61,60,63
63,62,61
60,59,63
57,52,58
52,57,53
72,59,58
59,65,63
52,72,58
64,63,65
67,66,65
65,69,67
72,71,70
69,68,67
69,65,70
65,59,70
72,70,59
52,73,72
52,51,73
76,75,74
74,81,76
92,87,86
81,85,82
85,81,86
73,48,74
74,48,81
76,81,78
77,76,78
80,79,78
81,80,78
85,84,82
82,84,83
89,88,91
91,88,87
47,86,81
546,1,547
546,6,4
2,1,4
1,546,4
541,540,6
546,541,6
539,6,540
6,539,7
9,8,7
9,7,196
4,6,5
3,2,4
10,12,11
10,9,13
13,12,10
13,9,192
7,539,538
194,9,196
195,194,196
194,192,9
193,192,194
191,190,192
192,190,13
13,190,14
189,188,187
186,189,187
189,186,14
189,14,190
185,183,182
183,185,184
185,26,15
185,15,186
15,14,186
537,196,7
197,196,536
181,185,182
24,22,21
24,23,22
21,20,25
17,16,18
26,19,15
15,18,16
20,19,26
92,91,87
93,92,94
89,91,90
28,92,29
25,24,21
92,28,94
26,94,28
28,27,26
25,20,26
18,15,19
94,104,95
94,26,104
106,105,107
104,102,95
105,104,107
181,180,178
185,174,26
108,107,116
116,107,104
175,181,178
178,180,179
120,104,26
174,185,181
97,95,98
99,98,100
96,95,97
102,104,103
100,102,101
102,100,98
95,102,98
367,366,369
364,369,365
375,378,376
369,366,365
357,360,359
367,369,368
360,357,361
350,349,347
348,347,349
350,356,351
352,351,355
352,355,353
350,347,345
351,356,355
345,347,346
345,439,350
353,355,354
336,335,334
336,334,337
343,340,344
340,343,341
340,453,344
340,458,453
337,339,338
337,334,340
340,339,337
340,334,333
341,343,342
460,340,333
357,359,358
344,442,345
459,458,460
461,460,463
460,330,463
463,462,461
472,471,470
458,340,460
476,475,473
478,477,476
473,475,474
473,472,478
485,484,486
478,472,479
476,473,478
301,465,464
466,469,468
469,466,296
332,331,330
463,324,464
329,463,330
333,330,460
465,301,466
483,480,263
482,481,480
480,483,482
470,469,276
266,479,472
486,483,487
486,484,483
487,483,262
268,472,470
480,479,263
326,463,329
466,468,467
332,330,333
328,327,326
326,325,324
326,324,463
322,321,323
324,323,321
321,464,324
321,320,317
318,317,320
320,319,318
464,317,311
313,312,317
313,316,315
301,464,311
308,301,311
311,317,312
313,317,316
464,321,317
301,296,466
309,308,311
305,304,307
305,307,306
307,304,308
314,313,315
308,304,303
301,297,296
301,300,297
303,302,301
308,303,301
299,298,300
297,300,298
309,311,310
283,469,296
277,280,279
280,276,281
276,273,268
276,274,273
268,470,276
274,276,275
270,269,273
272,270,273
281,283,282
483,263,262
262,261,259
487,262,254
268,267,266
268,273,269
265,479,266
265,264,263
263,479,265
472,268,266
281,276,469
289,295,294
286,289,287
289,286,295
281,469,283
292,290,294
290,292,291
288,287,289
289,294,290
292,294,293
280,277,276
277,279,278
284,283,285
283,286,285
271,270,272
296,286,283
295,286,296
329,328,326
260,259,261
223,513,512
515,513,220
510,512,511
510,509,506
512,510,506
220,513,221
176,178,177
167,26,174
178,176,175
174,181,175
169,172,171
172,169,173
169,171,170
174,173,167
167,173,169
509,508,507
503,501,504
501,503,502
505,501,226
493,492,494
500,499,498
492,491,494
229,501,500
512,506,223
506,505,223
509,507,506
221,513,223
223,225,224
223,222,221
223,505,225
504,501,505
167,121,120
120,119,117
125,121,167
120,116,104
125,122,121
163,165,164
167,169,168
117,116,120
108,110,109
108,115,110
115,108,116
110,112,111
114,112,110
114,110,115
112,114,113
117,119,118
26,167,120
159,162,160
162,165,163
165,159,166
159,165,162
162,161,160
159,158,157
154,156,155
125,166,126
157,166,159
122,125,123
166,157,126
125,167,166
126,156,149
124,123,125
156,153,150
157,156,126
154,153,156
495,491,489
491,490,489
498,497,500
496,489,243
235,497,496
243,489,488
496,495,489
497,230,500
236,235,243
236,238,237
235,234,497
240,236,242
238,240,239
238,236,240
240,242,241
242,236,243
235,496,243
488,244,243
231,497,234
254,262,255
253,251,250
254,253,250
257,259,258
255,262,257
255,257,256
487,254,250
253,252,251
247,244,248
247,246,245
245,244,247
488,487,248
248,244,488
487,249,248
487,250,249
259,257,262
505,226,225
149,156,150
150,153,151
153,152,151
500,230,229
227,226,228
228,226,229
229,226,501
129,128,132
128,127,126
128,149,148
126,149,128
148,147,132
130,132,131
130,129,132
132,147,145
132,128,148
145,144,132
232,231,234
497,231,230
132,144,133
143,142,133
134,133,142
142,135,134
143,133,144
139,137,136
137,139,138
141,136,135
136,141,139
141,135,142
140,139,141
145,147,146
233,232,234
494,491,495
