# Gabon region 0
230 227
# Outer Vertices
11.368370,2.303591
11.624720,2.313055
12.162220,2.280277
12.336870,2.317276
12.575680,2.274327
12.755000,2.232777
13.000000,2.256110
13.085550,2.246388
13.131940,2.280277
13.255000,2.266388
13.294220,2.164074
13.288330,2.066944
13.161110,1.904444
13.173890,1.776111
13.141940,1.703055
13.137500,1.568611
13.246380,1.395555
13.225550,1.299722
13.152220,1.253889
13.185870,1.223126
13.305550,1.234166
13.378330,1.296388
13.521940,1.271944
13.601390,1.331944
13.778890,1.371944
13.798330,1.433888
13.903610,1.438888
14.073880,1.375277
14.159440,1.395277
14.235170,1.363793
14.273890,1.326388
14.312770,1.111111
14.365270,1.090277
14.472500,0.846111
14.279160,0.553611
14.102780,0.546389
14.072220,0.485000
14.066390,0.428055
13.969720,0.362778
13.888610,0.222778
13.913330,0.042500
13.950000,0.033333
13.852220,-0.167500
13.886940,-0.253056
14.120830,-0.276111
14.160830,-0.357778
14.177500,-0.452500
14.306660,-0.433333
14.456660,-0.518611
14.518610,-0.609167
14.416390,-1.033448
14.481940,-1.212778
14.444160,-1.331944
14.501660,-1.390278
14.433890,-1.578611
14.383890,-1.610833
14.466660,-1.680556
14.421390,-1.812778
14.429720,-1.891667
14.264440,-1.966111
14.225550,-2.190278
14.158330,-2.228611
14.255000,-2.342222
14.128330,-2.454445
14.087770,-2.495000
13.878880,-2.476389
13.864440,-2.423056
13.930270,-2.357779
13.770550,-2.093055
13.727220,-2.151111
13.725830,-2.186111
13.486940,-2.435277
13.019440,-2.347778
13.011110,-2.295556
12.972770,-2.190834
12.904440,-2.146945
12.845270,-1.954444
12.655000,-1.824445
12.520550,-1.872500
12.524720,-1.905278
12.495270,-1.923889
12.452770,-1.877222
12.448050,-2.024445
12.517220,-2.093055
12.478050,-2.327223
12.021660,-2.391389
11.964160,-2.333333
11.771660,-2.396389
11.735270,-2.436666
11.681110,-2.356667
11.574170,-2.333333
11.647500,-2.613334
11.611940,-2.715833
11.546110,-2.793889
11.543330,-2.856945
11.564720,-2.867222
11.632500,-2.818611
11.801660,-3.008890
11.766110,-3.047223
11.731940,-3.037778
11.699720,-3.166945
11.958050,-3.291389
11.975000,-3.322222
11.841380,-3.551389
11.842220,-3.579444
11.925000,-3.626667
11.884720,-3.699167
11.694720,-3.696389
11.560550,-3.517222
11.478330,-3.521389
11.439170,-3.585000
11.244720,-3.678611
11.141510,-3.922898
10.930270,-3.643333
10.638880,-3.415833
10.629720,-3.308889
10.408890,-3.082222
10.039440,-2.778334
9.700830,-2.445556
9.832775,-2.505278
9.927219,-2.557778
9.977219,-2.628334
10.095000,-2.585834
10.159720,-2.560556
10.076110,-2.493334
10.086110,-2.564167
10.036390,-2.513611
10.004160,-2.531390
9.959164,-2.550278
9.874441,-2.411945
9.758785,-2.467868
9.723610,-2.439167
9.740276,-2.407222
9.698330,-2.376667
9.690275,-2.431389
9.585754,-2.326403
9.571941,-2.209167
9.423054,-2.061111
9.272776,-1.860833
9.471386,-1.923056
9.530552,-2.050278
9.485275,-1.864167
9.449997,-1.866945
9.379721,-1.822500
9.329487,-1.874587
9.308052,-1.834445
9.257500,-1.846111
9.230555,-1.614722
9.143610,-1.496389
8.983055,-1.234167
9.085554,-1.350833
9.122776,-1.427778
9.261387,-1.537223
9.284441,-1.677222
9.394720,-1.615556
9.416664,-1.672222
9.421663,-1.605834
9.557205,-1.612621
9.499165,-1.583889
9.482496,-1.513334
9.444998,-1.467778
9.382219,-1.565834
9.284719,-1.567222
9.247774,-1.473611
9.290554,-1.466667
9.356388,-1.338611
9.329443,-1.368056
9.219164,-1.412500
9.147221,-1.383333
9.157776,-1.347778
9.114164,-1.358334
9.034878,-1.283260
9.031385,-1.189445
8.918608,-1.045000
8.920553,-1.004722
8.874720,-0.973889
8.706387,-0.624444
8.711943,-0.571111
8.777496,-0.630556
8.795555,-0.746944
8.860554,-0.804167
8.900274,-0.679167
8.936110,-0.698611
9.006109,-0.879444
9.056108,-0.703056
9.113331,-0.686111
9.098888,-0.604722
9.306942,-0.352500
9.345552,-0.083611
9.307219,0.321111
9.352776,0.363055
9.374720,0.310555
9.356941,0.181667
9.434164,0.196111
9.473610,0.106667
9.495275,0.098056
9.489441,0.164444
9.520554,0.178055
9.588055,0.112778
9.646385,0.148333
9.810833,0.018056
9.760830,0.126944
9.908167,0.179660
9.982496,0.174167
10.023890,0.193611
9.823053,0.178611
9.672222,0.224167
9.563608,0.314444
9.496664,0.294444
9.399719,0.488889
9.303331,0.534722
9.319998,0.625000
9.546663,0.670000
9.560274,0.614722
9.460831,0.600277
9.539165,0.586111
9.583055,0.597222
9.580275,0.537222
9.608053,0.468611
9.626944,0.735555
9.559999,0.958611
9.680830,1.057500
9.759163,1.051944
9.804501,1.002554
10.014720,1.001944
10.684440,1.002500
11.353890,1.001944
11.348890,1.503055
11.340380,2.168611
11.368370,2.303591
# Triangles
138,137,139
147,146,153
145,143,153
146,145,153
153,152,147
143,145,144
139,137,140
157,156,155
155,153,143
153,155,154
155,143,141
142,141,143
152,151,148
149,148,151
170,169,171
169,168,167
167,166,169
162,164,163
164,162,161
165,164,160
161,160,164
159,200,160
148,147,152
169,166,165
119,117,121
122,121,117
129,128,127
129,127,126
126,125,124
119,121,120
204,157,90
114,113,115
122,117,123
123,116,93
117,116,123
90,124,123
93,116,115
133,136,135
136,140,137
140,136,129
157,155,141
140,157,141
129,157,140
158,157,159
134,133,135
117,119,118
129,126,124
132,129,133
132,131,130
130,129,132
133,129,136
124,157,129
90,157,124
109,115,113
159,157,200
174,183,175
180,175,183
180,179,175
182,181,180
182,180,183
174,173,172
175,179,176
149,151,150
172,169,165
171,169,172
172,165,183
183,174,172
185,184,183
165,185,183
165,187,185
177,176,178
178,176,179
186,185,187
192,194,193
188,194,192
189,192,191
210,209,211
189,191,190
211,209,214
192,189,188
200,188,187
187,165,200
195,194,188
195,188,198
197,195,198
197,196,195
198,200,199
209,208,207
201,200,202
203,200,204
202,200,203
218,206,205
165,160,200
188,200,198
218,205,204
215,209,217
209,215,214
218,217,209
213,212,214
212,211,214
216,215,217
209,207,218
219,224,223
219,218,204
224,219,204
223,220,219
222,221,223
220,223,221
207,206,218
225,224,204
157,204,200
204,226,225
113,112,111
111,110,109
109,108,100
109,100,94
100,108,103
94,115,109
103,108,107
95,100,99
104,106,105
106,104,107
100,103,101
102,101,103
103,107,104
99,98,97
94,100,95
95,99,96
90,123,93
90,93,91
92,91,93
93,115,94
88,87,89
90,86,81
89,87,86
85,82,86
86,90,89
85,84,82
97,96,99
81,86,82
81,204,90
73,72,71
71,74,73
69,74,71
69,71,70
67,65,64
67,64,63
68,67,61
67,63,61
63,62,61
65,67,66
59,61,60
81,78,77
81,80,78
80,79,78
81,77,226
77,76,43
69,68,76
76,74,69
76,68,50
61,59,68
55,68,59
55,57,56
55,59,57
59,58,57
75,74,76
55,52,68
83,82,84
81,226,204
226,19,18
20,19,39
226,18,227
2,227,15
227,18,15
17,16,18
15,18,16
4,15,14
20,22,21
22,20,38
25,24,26
23,22,24
22,35,24
19,226,42
4,2,15
1,227,2
14,5,4
229,228,1
3,2,4
227,1,228
12,6,5
12,11,7
7,11,10
7,6,12
8,7,10
10,9,8
5,14,12
14,13,12
46,45,43
47,46,48
42,226,77
43,45,44
42,41,40
46,43,50
54,53,52
50,43,76
49,46,50
46,49,48
50,52,51
68,52,50
77,43,42
40,39,42
35,22,38
31,24,35
36,38,37
24,27,26
36,35,38
20,39,38
35,34,33
35,33,31
31,33,32
28,27,29
29,27,30
31,30,27
27,24,31
39,19,42
54,52,55
111,109,113
