# Germany region 0
18 15
# Outer Vertices
14.225980,53.928249
14.203330,53.909420
14.217420,53.868660
14.187220,53.874981
13.939440,53.843040
13.825000,53.858318
13.940550,53.912769
13.903060,53.988319
14.048890,53.941929
14.052500,53.997490
13.976640,54.042591
13.920000,54.062771
13.890550,54.007488
13.775550,54.021648
13.817220,54.100819
13.775550,54.133598
13.911390,54.084431
14.225980,53.928249
# Triangles
13,12,14
15,14,16
16,11,10
16,14,12
12,11,16
8,4,3
2,1,3
8,3,1
8,7,6
1,9,8
8,6,4
9,0,10
0,9,1
10,0,16
4,6,5
