# Germany region 2
400 397
# Outer Vertices
9.445169,54.824780
9.503124,54.848251
9.451666,54.806931
9.576944,54.861931
9.578333,54.825550
9.916666,54.791100
10.015830,54.695541
9.930931,54.667561
10.037780,54.668320
10.027780,54.551102
9.865833,54.477489
10.126940,54.489712
10.202780,54.458050
10.198060,54.395821
10.151670,54.363602
10.238050,54.417210
10.372500,54.434158
10.665000,54.324429
10.780000,54.307770
10.848890,54.341930
11.122220,54.392490
11.129170,54.375542
11.064720,54.349991
11.093050,54.197491
10.873890,54.087769
10.802220,54.095539
10.756390,54.034431
10.790000,53.997211
10.870550,53.991940
10.902630,53.959980
11.045830,54.006649
11.192220,54.010540
11.242220,53.944710
11.276940,53.931660
11.338050,53.957211
11.454170,53.901100
11.471390,53.967770
11.586390,54.042488
11.624440,54.110271
12.020000,54.179710
12.100000,54.181660
12.343610,54.297771
12.487220,54.454990
12.911660,54.439709
12.917500,54.419991
12.775830,54.416660
12.605830,54.406101
12.460000,54.392208
12.369720,54.264992
12.418050,54.260818
12.420560,54.285259
12.461940,54.302490
12.712500,54.409431
12.747220,54.379162
12.816110,54.346371
12.998060,54.434429
13.092220,54.369431
13.078890,54.331661
13.160830,54.262489
13.388330,54.147209
13.499720,54.086102
13.711670,54.171379
13.808050,54.096931
13.750560,54.028599
13.913060,53.917488
13.807500,53.855259
13.903610,53.802761
14.140830,53.738602
14.236390,53.759159
14.257710,53.743179
14.237500,53.698601
14.277820,53.693920
14.286390,53.669151
14.375550,53.423038
14.445300,53.272591
14.408610,53.215820
14.390830,53.141651
14.342220,53.044991
14.164720,52.968868
14.133330,52.833321
14.257500,52.790539
14.551110,52.628590
14.641110,52.566662
14.534440,52.394711
14.566940,52.328041
14.713330,52.239151
14.693050,52.104710
14.763530,52.070808
14.747220,52.056370
14.716390,51.941090
14.616110,51.853870
14.601940,51.813599
14.757500,51.659420
14.717500,51.552761
14.910830,51.483040
15.038050,51.268040
14.975280,51.106380
14.828850,50.866032
14.801660,50.818878
14.625270,50.854160
14.650830,50.924160
14.569720,50.916088
14.598890,50.977200
14.472220,51.031368
14.260830,50.996651
14.403610,50.932491
14.393610,50.894711
14.046670,50.806931
13.907780,50.790539
13.861940,50.725811
13.566670,50.711102
13.470000,50.603321
13.380000,50.641369
13.320830,50.581100
13.239440,50.579708
13.191110,50.503601
13.033610,50.502769
12.994440,50.423038
12.903890,50.423321
12.785000,50.446369
12.486390,50.351379
12.364720,50.279148
12.329720,50.169708
12.280550,50.186100
12.260000,50.261662
12.093470,50.324200
12.135830,50.278320
12.096940,50.249710
12.205000,50.174160
12.228890,50.096371
12.428890,49.984428
12.492770,49.974979
12.474440,49.943039
12.542500,49.920269
12.499440,49.832760
12.403050,49.759991
12.441940,49.700260
12.525000,49.637211
12.661660,49.433868
12.878610,49.328041
12.935280,49.340260
13.026940,49.298321
13.151110,49.177479
13.203610,49.119431
13.395280,49.050259
13.401440,49.007488
13.501670,48.944981
13.516110,48.977760
13.584440,48.968868
13.661940,48.896381
13.740830,48.881649
13.814630,48.787140
13.793050,48.726089
13.833330,48.698872
13.726660,48.517761
13.505280,48.583050
13.448330,48.568600
13.433890,48.419979
13.368610,48.351929
12.929520,48.209301
12.756670,48.120541
13.008890,47.854160
12.939720,47.784710
12.917500,47.715542
13.058330,47.706089
13.100280,47.640820
13.074170,47.616928
13.053050,47.496380
13.005000,47.469429
12.809720,47.552212
12.787780,47.589420
12.830830,47.618870
12.773890,47.674160
12.505000,47.637489
12.441670,47.698589
12.243890,47.694698
12.257220,47.743038
12.177220,47.701649
12.206390,47.641369
12.196110,47.609428
11.878610,47.606651
11.633330,47.595261
11.574440,47.519981
11.421940,47.508881
11.405550,47.453869
11.227500,47.400539
11.236660,47.433041
11.203050,47.435261
11.106940,47.396381
10.973610,47.400539
10.950280,47.460270
10.865830,47.493038
10.909720,47.521931
10.848610,47.536381
10.685550,47.558590
10.554440,47.536930
10.465270,47.558590
10.482770,47.590542
10.426940,47.576931
10.473330,47.435539
10.274440,47.288879
10.169720,47.281101
10.214160,47.315262
10.211390,47.386379
10.154440,47.369148
10.087220,47.387211
10.104440,47.428871
10.084440,47.460270
10.003330,47.483871
9.963331,47.547771
9.854164,47.538879
9.813610,47.593601
9.763054,47.584709
9.727293,47.536259
9.605553,47.529148
9.567612,47.543919
9.261665,47.663040
8.878609,47.655819
8.799999,47.735260
8.797499,47.683041
8.724998,47.697762
8.726942,47.764992
8.559721,47.806370
8.406666,47.703869
8.413332,47.671101
8.621664,47.660259
8.618887,47.639709
8.508333,47.628319
8.493031,47.584560
8.340553,47.574162
8.205553,47.621651
7.943332,47.553600
7.819444,47.588322
7.697221,47.543320
7.618332,47.561100
7.674443,47.606380
7.588799,47.584560
7.513333,47.686932
7.615832,48.002769
7.571666,48.037209
7.604999,48.156929
7.750833,48.336651
7.771666,48.491650
7.807499,48.513321
7.801943,48.592480
7.921515,48.690029
8.133333,48.885540
8.227394,48.963711
8.192221,48.968868
7.938610,49.048870
7.741110,49.041660
7.539999,49.088871
7.486943,49.164150
7.375277,49.171928
7.361388,49.147770
7.088332,49.125259
7.038332,49.118320
7.026666,49.188869
6.847499,49.215260
6.838888,49.154980
6.787220,49.162479
6.589722,49.320271
6.594722,49.363041
6.493888,49.447201
6.362221,49.459980
6.372499,49.590260
6.510555,49.706379
6.522222,49.811100
6.326666,49.839710
6.139722,49.996651
6.131833,50.125530
6.173332,50.232479
6.400277,50.329151
6.366387,50.452209
6.200832,50.516380
6.268610,50.623600
6.171388,50.623871
6.108333,50.723309
6.028610,50.715820
6.008407,50.756069
5.981666,50.802761
6.084722,50.873600
6.010833,50.943600
6.028333,50.976650
5.965833,50.978321
5.869443,51.018879
5.873888,51.050259
5.952222,51.036652
6.167221,51.162762
6.079444,51.175819
6.073889,51.220539
6.222221,51.361660
6.217499,51.476372
6.093055,51.607208
6.116110,51.651920
6.029444,51.678600
6.039165,51.716930
5.954999,51.738590
5.968888,51.791100
5.961944,51.830269
6.169721,51.841930
6.137777,51.876930
6.159721,51.905540
6.380277,51.829990
6.548888,51.885262
6.727777,51.899429
6.830832,51.971371
6.800554,52.007210
6.688054,52.038879
6.697498,52.069981
6.860555,52.120258
6.879721,52.153591
7.052499,52.235821
7.065555,52.385818
6.987499,52.461102
6.946110,52.434429
6.705555,52.485821
6.690276,52.551929
6.760833,52.567211
6.720833,52.629429
6.781666,52.654148
7.035832,52.632759
7.055277,52.651920
7.069721,52.814991
7.198888,52.967758
7.209444,53.242760
7.211111,53.244160
7.252777,53.316929
7.050555,53.339710
7.015833,53.383598
7.035000,53.487492
7.147222,53.537209
7.088888,53.571098
7.096110,53.591930
7.252500,53.673870
7.390833,53.686378
7.848611,53.714161
8.026388,53.703602
8.050554,53.632210
8.159443,53.562481
8.163332,53.520550
8.061388,53.500542
8.080276,53.458050
8.223055,53.400829
8.284166,53.418598
8.313889,53.459431
8.311943,53.524151
8.231943,53.522209
8.243055,53.586102
8.283333,53.613880
8.341389,53.613602
8.548887,53.529430
8.488333,53.479160
8.485277,53.406101
8.502777,53.408871
8.568333,53.533329
8.519722,53.603039
8.487778,53.701931
8.604166,53.879429
8.680555,53.894711
8.728054,53.857769
8.907499,53.828041
9.128887,53.866100
9.295216,53.835690
9.359999,53.786381
9.582777,53.586102
9.802221,53.534710
9.824720,53.550270
9.674166,53.574429
9.546665,53.633598
9.529722,53.707760
9.437777,53.739429
9.376389,53.831379
8.961941,53.898602
8.856943,54.002769
8.857777,54.042210
9.003054,54.028049
9.017776,54.091099
8.970276,54.145550
8.844721,54.133041
8.823332,54.207211
8.916111,54.270821
8.958055,54.316929
8.793888,54.284161
8.631666,54.279148
8.599442,54.327492
8.609165,54.345539
8.693888,54.357491
8.654165,54.375820
8.901667,54.419430
9.014721,54.480259
8.974958,54.514332
8.850832,54.620819
8.805622,54.685219
8.676109,54.779148
8.642221,54.826382
8.656296,54.917400
8.719442,54.891102
8.919998,54.908039
9.445169,54.824780
# Triangles
272,271,270
268,270,269
274,273,275
268,272,270
279,278,277
280,279,281
277,276,275
277,281,279
277,275,281
275,288,281
262,261,258
266,263,262
260,259,258
260,258,261
266,262,258
264,263,265
267,272,268
257,267,266
252,272,267
263,266,265
306,273,272
306,272,252
275,273,305
285,287,286
287,285,284
282,281,283
284,283,287
298,297,296
298,296,300
296,295,294
300,299,298
283,288,287
293,292,294
300,296,294
290,289,288
288,275,291
292,291,305
290,288,291
294,292,303
301,300,302
302,300,303
303,292,304
291,275,305
292,305,304
300,294,303
281,288,283
306,305,273
258,257,266
233,235,234
224,229,228
238,237,235
235,237,236
232,235,233
232,238,235
230,229,223
231,238,232
227,225,224
230,238,231
227,224,228
229,224,223
212,215,214
213,212,214
211,209,198
209,211,210
226,225,227
212,211,216
211,247,216
212,216,215
218,217,216
211,197,247
240,239,238
238,230,241
241,240,238
251,250,252
257,256,255
257,255,253
253,252,267
254,253,255
257,253,267
250,249,252
242,241,243
241,223,222
243,241,222
220,218,221
218,220,219
247,222,221
247,221,218
244,243,245
243,222,245
245,222,246
249,248,247
249,312,306
222,247,246
218,216,247
230,223,241
252,249,306
249,247,312
125,366,247
308,307,309
309,307,310
312,311,310
307,306,310
318,317,316
320,318,321
318,316,315
321,318,314
318,320,319
315,314,318
322,321,313
321,314,313
324,323,322
343,324,313
324,322,313
313,312,343
328,330,329
326,324,327
343,342,324
326,325,324
342,327,324
331,328,327
312,353,343
344,343,353
353,312,354
312,247,354
330,328,331
333,332,331
339,341,340
327,335,331
341,336,327
327,342,341
339,338,341
331,334,333
331,335,334
336,338,337
335,327,336
338,336,341
353,352,345
345,344,353
346,345,352
348,346,349
346,348,347
349,346,350
357,356,360
350,346,352
351,350,352
306,312,310
358,360,359
358,357,360
361,360,355
355,364,361
380,379,378
378,381,380
376,375,374
382,381,378
376,374,373
368,370,369
364,355,365
125,367,366
368,367,370
355,354,365
372,370,10
372,376,373
362,361,364
377,376,372
371,370,372
364,363,362
390,377,372
377,382,378
354,366,365
370,14,10
385,384,386
386,384,387
387,384,383
387,389,388
396,395,397
397,395,394
398,397,393
393,397,394
398,393,392
387,383,389
390,389,382
391,398,392
2,390,10
390,382,377
9,7,10
391,390,2
382,389,383
7,4,10
391,0,398
0,391,2
0,2,1
4,2,10
3,2,4
7,5,4
7,6,5
10,390,372
367,14,370
356,355,360
366,354,247
207,209,208
206,205,204
203,202,200
200,202,201
203,200,199
206,204,203
206,203,207
203,198,207
197,211,198
203,199,198
195,197,196
190,189,188
190,188,187
185,184,186
187,186,183
183,186,184
135,194,193
187,192,190
187,183,192
192,181,193
183,181,192
190,192,191
194,197,195
183,182,181
197,194,127
135,193,181
180,177,181
177,179,178
180,179,177
125,127,126
127,125,247
129,128,127
177,176,181
129,127,135
135,127,194
247,197,127
181,136,135
174,176,175
176,138,181
130,129,135
134,132,135
160,176,174
135,132,130
121,124,123
121,123,122
131,130,132
120,125,121
121,125,124
133,132,134
181,138,136
125,120,119
125,33,367
170,169,171
166,163,171
168,171,169
168,166,171
162,160,172
160,174,172
163,172,171
162,172,163
161,160,162
139,160,159
166,168,167
138,176,160
164,166,165
166,164,163
158,157,156
158,156,159
146,156,155
149,155,152
159,156,143
152,155,154
151,150,152
152,150,149
154,153,152
155,149,146
137,136,138
139,159,142
139,141,140
141,139,142
138,160,139
119,118,116
116,115,114
117,116,118
79,119,116
143,145,144
143,156,145
146,148,147
148,146,149
143,142,159
114,113,112
79,116,114
111,110,112
109,108,110
110,108,91
79,114,112
146,145,156
119,35,125
174,173,172
79,112,110
27,29,28
367,29,27
30,32,31
32,30,29
29,33,32
18,17,25
26,17,16
25,17,26
18,24,19
24,18,25
23,19,24
26,14,367
33,35,34
29,367,33
37,36,35
38,37,39
35,39,37
40,39,35
41,40,48
49,48,40
47,41,48
51,50,49
49,54,51
49,40,79
54,49,58
35,33,125
16,15,14
14,13,11
19,22,20
19,23,22
20,22,21
14,26,16
7,9,8
12,11,13
10,14,11
51,53,52
54,57,55
42,41,47
51,54,53
57,56,55
46,42,47
46,45,42
45,43,42
43,45,44
58,57,54
79,40,35
27,26,367
104,107,106
104,106,105
102,101,100
102,93,103
79,110,91
93,91,104
108,104,91
84,91,90
91,84,83
103,93,104
84,90,86
79,91,83
100,98,97
98,100,99
100,97,96
94,96,95
96,93,102
93,96,94
86,90,89
88,86,89
86,85,84
88,87,86
92,91,93
102,100,96
66,65,78
65,64,63
78,67,66
67,78,73
78,65,79
65,60,79
59,58,49
59,79,60
61,63,62
63,61,60
60,65,63
49,79,59
76,75,78
78,77,76
80,79,83
81,80,83
78,75,73
68,70,69
70,68,67
70,67,73
72,71,70
73,72,70
75,74,73
83,82,81
35,119,79
107,104,108
209,207,198
