# Germany region 1
42 39
# Outer Vertices
13.340830,54.234989
13.335550,54.279430
13.203610,54.272491
13.118330,54.333881
13.130830,54.370819
13.265280,54.380260
13.154720,54.424431
13.272220,54.475819
13.147220,54.540821
13.241660,54.552761
13.306940,54.513321
13.366110,54.575260
13.349720,54.519428
13.375280,54.557770
13.498610,54.479431
13.518330,54.562481
13.401670,54.573040
13.365280,54.615261
13.286390,54.563320
13.246110,54.557770
13.288890,54.644711
13.226660,54.628601
13.230550,54.647770
13.414440,54.681931
13.383050,54.638882
13.400280,54.594151
13.455000,54.572769
13.633890,54.585819
13.676670,54.565269
13.675280,54.526371
13.585280,54.482769
13.577780,54.453880
13.617500,54.404148
13.767780,54.340820
13.696390,54.292759
13.690550,54.327209
13.684440,54.349152
13.449720,54.316380
13.365000,54.261379
13.420000,54.261379
13.429440,54.238041
13.340830,54.234989
# Triangles
3,2,4
5,4,2
6,5,7
2,1,5
0,38,1
38,0,40
7,12,10
12,7,5
5,37,12
37,5,1
9,7,10
8,7,9
22,21,20
20,19,18
18,17,20
20,17,24
11,10,12
22,20,23
37,1,38
40,39,38
37,31,14
32,31,37
14,31,30
14,12,37
12,14,13
35,34,33
32,36,33
37,36,32
33,36,35
25,17,16
24,17,25
24,23,20
25,16,26
27,15,30
26,16,15
27,30,29
27,29,28
27,26,15
30,15,14
