# Austria region 0
206 203
# Outer Vertices
16.886600,48.730320
16.944860,48.616501
16.896391,48.487209
16.856110,48.419151
16.840830,48.368591
16.949720,48.278042
16.976681,48.174179
17.068100,48.144150
17.080830,48.079990
17.179899,48.001820
17.103600,47.977200
17.090549,47.887760
17.015829,47.868038
17.057501,47.844429
17.083611,47.710270
16.797300,47.688000
16.761940,47.685261
16.696449,47.736240
16.686661,47.743870
16.555830,47.756100
16.532490,47.714710
16.450550,47.698040
16.433880,47.664429
16.648880,47.629711
16.712490,47.539989
16.645550,47.452770
16.450550,47.407200
16.491659,47.279980
16.438610,47.252769
16.456100,47.146931
16.520550,47.155258
16.527769,47.134430
16.468050,47.095261
16.516939,47.060810
16.459160,47.029430
16.346939,47.009991
16.106701,46.851391
15.993610,46.834709
15.993330,46.737209
16.026939,46.661369
15.649440,46.709709
15.500830,46.618038
15.105270,46.657200
14.870550,46.615822
14.814720,46.512760
14.594160,46.437481
14.574440,46.387489
14.428330,46.446369
14.159440,46.440819
14.084720,46.488590
13.718960,46.525539
13.412220,46.574429
12.895830,46.612759
12.433610,46.695259
12.355830,46.777481
12.283610,46.791370
12.295000,46.863602
12.144440,46.915821
12.131110,47.016380
12.204440,47.039150
12.211110,47.090542
11.755830,46.977482
11.615270,47.013050
11.411660,46.972481
11.339160,46.995541
11.164440,46.962200
11.014720,46.772480
10.735550,46.798599
10.764440,46.834148
10.672780,46.874981
10.560830,46.848591
10.463570,46.869350
10.466240,46.885422
10.488610,46.934978
10.400830,47.001099
10.310830,46.950539
10.175280,46.858601
10.063330,46.864990
9.873608,46.958599
9.875551,47.022480
9.601834,47.049644
9.605424,47.057774
9.611240,47.064690
9.617394,47.071007
9.622896,47.078316
9.629284,47.083153
9.633314,47.090279
9.640949,47.097168
9.638332,47.105957
9.633127,47.113422
9.634874,47.120762
9.637633,47.128601
9.630499,47.137081
9.628130,47.143059
9.623453,47.152031
9.615295,47.152386
9.606725,47.155319
9.599722,47.159332
9.594024,47.166775
9.584888,47.168568
9.575861,47.167278
9.572474,47.177116
9.574854,47.185555
9.578425,47.192017
9.582762,47.199009
9.582921,47.207710
9.579283,47.214993
9.572601,47.221859
9.563335,47.222412
9.554022,47.227009
9.560170,47.233093
9.567129,47.237228
9.572620,47.245594
9.575019,47.249538
9.563164,47.250389
9.554480,47.255569
9.547038,47.256908
9.540410,47.266975
9.605276,47.359989
9.664999,47.381371
9.653610,47.455540
9.558254,47.504070
9.567612,47.543919
9.605553,47.529148
9.727293,47.536259
9.763054,47.584709
9.813610,47.593601
9.854164,47.538879
9.963331,47.547771
10.003330,47.483871
10.084440,47.460270
10.104440,47.428871
10.087220,47.387211
10.154440,47.369148
10.211390,47.386379
10.214160,47.315262
10.169720,47.281101
10.274440,47.288879
10.473330,47.435539
10.426940,47.576931
10.482770,47.590542
10.465270,47.558590
10.554440,47.536930
10.685550,47.558590
10.848610,47.536381
10.909720,47.521931
10.865830,47.493038
10.950280,47.460270
10.973610,47.400539
11.106940,47.396381
11.203050,47.435261
11.236660,47.433041
11.227500,47.400539
11.405550,47.453869
11.421940,47.508881
11.574440,47.519981
11.633330,47.595261
11.878610,47.606651
12.196110,47.609428
12.206390,47.641369
12.177220,47.701649
12.257220,47.743038
12.243890,47.694698
12.441670,47.698589
12.505000,47.637489
12.773890,47.674160
12.830830,47.618870
12.787780,47.589420
12.809720,47.552212
13.005000,47.469429
13.053050,47.496380
13.074170,47.616928
13.100280,47.640820
13.058330,47.706089
12.917500,47.715542
12.939720,47.784710
13.008890,47.854160
12.756670,48.120541
12.929520,48.209301
13.368610,48.351929
13.433890,48.419979
13.448330,48.568600
13.505280,48.583050
13.726660,48.517761
13.833330,48.698872
13.793050,48.726089
13.814630,48.787140
14.045270,48.676929
14.041670,48.615822
14.381110,48.575550
14.458610,48.648319
14.700280,48.581379
14.812500,48.781368
14.961110,48.766651
14.994160,49.015820
15.152220,49.001381
15.159720,48.944698
15.340550,48.985821
15.785280,48.877480
15.954170,48.828320
16.060551,48.760269
16.370550,48.733871
16.527500,48.810810
16.655830,48.787769
16.773880,48.723869
16.886600,48.730320
# Triangles
80,82,81
82,80,83
85,84,83
79,85,80
86,85,87
93,92,91
94,93,91
95,94,96
102,101,99
103,102,99
108,107,111
99,101,100
98,97,96
96,94,98
94,104,98
104,103,98
99,98,103
113,106,105
94,105,104
112,107,106
113,105,94
76,136,77
78,77,79
136,79,77
71,70,72
67,66,68
148,69,68
73,70,69
70,73,72
74,73,138
65,68,66
91,87,79
87,85,79
76,75,136
91,79,119
90,88,91
88,90,89
91,88,87
137,75,74
152,65,64
153,64,63
59,58,57
62,61,155
153,63,62
65,148,68
138,73,69
91,119,94
57,56,59
83,80,85
61,60,157
109,108,110
117,116,115
113,117,115
115,114,113
106,113,112
94,119,113
113,118,117
113,119,118
132,119,79
132,136,133
107,112,111
108,111,110
121,120,123
123,120,124
121,123,122
125,124,127
119,124,120
130,132,131
132,130,129
127,126,125
129,128,127
127,124,119
119,129,127
119,132,129
79,136,132
135,134,133
138,69,146
138,146,143
137,74,138
135,133,136
69,148,146
148,65,149
150,149,152
150,152,151
64,153,152
148,147,146
65,152,149
142,141,138
146,144,143
142,138,143
141,140,139
141,139,138
155,154,153
156,155,157
61,157,155
153,62,155
146,145,144
158,157,60
75,137,136
54,53,52
52,169,54
55,54,56
168,56,54
56,60,59
169,52,51
47,46,45
49,48,47
49,189,172
49,172,50
170,51,50
49,47,43
164,163,158
164,158,60
165,164,167
158,163,159
159,163,162
164,60,168
162,161,160
168,60,56
170,169,51
167,166,165
172,171,170
170,50,172
168,167,164
54,169,168
47,45,43
44,43,45
41,40,42
38,40,39
40,38,37
40,191,42
191,43,42
28,37,36
35,34,32
33,32,34
28,36,35
22,40,37
35,32,29
29,28,35
28,27,26
22,37,26
26,25,22
191,40,22
26,37,28
31,30,29
25,23,22
24,23,25
29,32,31
17,16,15
49,43,189
22,21,200
176,175,173
177,176,178
178,176,179
175,174,173
179,183,180
179,173,172
183,182,180
180,182,181
188,183,189
179,172,183
189,183,172
190,189,191
191,189,43
179,176,173
184,183,188
184,188,187
185,184,186
186,184,187
192,191,193
195,194,196
197,196,193
194,193,196
197,193,198
191,22,193
18,17,12
18,6,19
6,18,12
6,12,8
19,6,4
15,12,17
201,21,19
14,13,12
11,10,12
7,6,8
10,9,8
12,10,8
20,19,21
21,201,200
203,201,3
202,201,203
199,198,200
22,200,198
201,19,4
3,204,203
205,204,1
2,1,204
204,3,2
3,201,4
5,4,6
198,193,22
12,15,14
162,160,159
