# Burkina Faso region 0
182 179
# Outer Vertices
-2.962224,13.625830
-2.878611,13.656110
-2.904167,13.721660
-2.884445,13.877490
-2.833333,14.041390
-2.472777,14.288890
-2.107778,14.151390
-2.006945,14.188050
-1.980833,14.475000
-1.678333,14.500550
-1.318889,14.728880
-1.073889,14.777500
-0.725000,15.083050
-0.443889,15.083050
-0.386111,15.005550
-0.246111,15.078050
0.234534,14.915610
0.237222,14.887500
0.193333,14.835830
0.241389,14.752220
0.166667,14.523050
0.189444,14.464720
0.405278,14.254160
0.385000,14.049170
0.625000,13.684720
0.772778,13.688330
0.774444,13.644170
0.990278,13.570270
1.072222,13.446380
1.217500,13.363610
1.126667,13.328610
1.011667,13.372770
0.991666,13.371660
0.989166,13.047220
1.117222,13.011110
1.578333,12.630000
1.871666,12.608880
1.988889,12.731110
2.096110,12.725550
2.200832,12.630830
2.265000,12.425000
2.077777,12.386110
2.058333,12.357220
2.401563,11.889880
2.338055,11.764720
2.313859,11.679160
2.019166,11.425270
1.902678,11.428580
1.766111,11.426660
1.609166,11.388330
1.500000,11.464160
1.397500,11.439720
1.308611,11.291390
1.272778,11.259160
1.153889,11.277220
1.132777,11.249440
1.156389,11.162780
1.063889,11.139720
1.102777,11.040270
0.978889,11.080270
0.967778,10.995830
0.917435,10.995760
0.671667,10.996660
0.504167,10.936940
0.506944,11.002500
-0.150955,11.139270
-0.285278,11.166660
-0.275278,11.130000
-0.352778,11.068890
-0.381944,11.108610
-0.423055,11.096940
-0.488889,10.998330
-0.567778,10.992220
-0.610000,10.917220
-0.665000,10.954720
-0.679722,10.997500
-2.230278,11.000270
-2.831057,11.003410
-2.880278,10.804160
-2.932500,10.630000
-2.857778,10.457220
-2.768611,10.416660
-2.843611,10.326380
-2.754723,10.265000
-2.796389,10.057770
-2.738611,9.826107
-2.794445,9.735828
-2.686853,9.482336
-2.745000,9.396385
-2.791111,9.413330
-2.948611,9.651108
-2.989723,9.727774
-3.065556,9.724997
-3.117500,9.829163
-3.179444,9.839996
-3.191111,9.923885
-3.259167,9.848051
-3.302778,9.858051
-3.296945,9.900829
-3.765000,9.930275
-4.040833,9.799440
-4.121666,9.829996
-4.287222,9.690273
-4.310833,9.598330
-4.376945,9.582497
-4.426389,9.657497
-4.509167,9.654442
-4.508612,9.711386
-4.532778,9.746662
-4.571389,9.686941
-4.602222,9.721384
-4.685555,9.675274
-4.742222,9.750275
-4.775278,9.736662
-4.780278,9.790831
-4.860000,9.874996
-4.928333,9.868052
-4.974444,9.905275
-4.950000,9.948606
-4.980000,10.053610
-5.130000,10.304720
-5.175000,10.289440
-5.208055,10.322500
-5.322500,10.299160
-5.411389,10.301110
-5.520660,10.430990
-5.462501,10.645550
-5.456389,10.746940
-5.411667,10.835000
-5.486388,11.030280
-5.488611,11.076380
-5.330278,11.114720
-5.297500,11.144160
-5.297222,11.206940
-5.250834,11.244720
-5.251667,11.395000
-5.198610,11.418890
-5.214723,11.577500
-5.289444,11.616660
-5.263612,11.749440
-5.337222,11.800270
-5.402223,11.830000
-5.348056,11.825270
-5.193889,11.905280
-4.936388,12.009440
-4.784722,12.000830
-4.698610,12.062770
-4.664378,12.062000
-4.539444,12.139720
-4.569445,12.201110
-4.456944,12.333890
-4.407223,12.297220
-4.387501,12.311110
-4.438055,12.434440
-4.365833,12.533330
-4.474167,12.657780
-4.468889,12.725830
-4.269167,12.716390
-4.207223,12.766390
-4.205556,12.940270
-4.335278,13.109990
-4.312500,13.166390
-4.218889,13.181390
-4.243333,13.234440
-4.129444,13.306390
-4.025278,13.426110
-3.964167,13.504160
-3.902500,13.457770
-3.966666,13.398890
-3.938611,13.378050
-3.791667,13.361660
-3.541111,13.178890
-3.441389,13.168050
-3.423334,13.197500
-3.441118,13.275850
-3.232500,13.288050
-3.271111,13.701660
-3.248889,13.719990
-3.190193,13.678900
-3.070834,13.660830
-3.049445,13.612500
-2.962224,13.625830
# Triangles
124,123,125
122,121,120
122,120,128
126,123,122
119,115,108
116,115,118
118,117,116
119,118,115
120,101,134
119,101,120
125,123,126
131,130,129
126,128,127
128,132,131
128,120,132
134,133,132
134,136,135
126,122,128
131,129,128
132,120,134
114,108,115
108,110,109
106,105,107
111,110,112
105,104,103
105,103,102
102,108,107
105,102,107
93,92,91
110,108,114
108,101,119
113,112,114
101,100,99
101,108,102
99,134,101
112,110,114
94,93,95
96,98,97
98,96,95
99,98,79
95,93,84
136,134,99
79,98,95
99,78,147
139,138,137
141,140,142
143,142,140
140,139,143
143,137,144
145,137,136
137,143,139
145,144,137
147,145,136
146,145,147
99,147,136
157,156,155
149,148,151
151,150,149
152,151,148
154,153,152
154,157,155
152,158,154
148,77,152
78,148,147
159,162,160
157,154,158
162,161,160
164,163,162
158,171,159
171,158,172
171,170,159
174,173,175
175,173,172
172,152,77
159,164,162
152,172,158
164,169,168
164,159,169
164,168,165
168,166,165
166,168,167
175,178,176
178,175,180
178,180,179
176,178,177
159,170,169
180,175,181
175,172,77
91,84,93
85,91,86
86,90,87
81,80,82
80,95,82
82,95,84
83,82,84
85,84,91
95,80,79
89,88,87
89,87,90
78,77,148
1,175,76
76,75,7
76,175,77
74,73,72
72,70,75
70,7,75
71,70,72
72,75,74
69,66,70
99,79,78
64,63,62
67,66,69
33,65,64
59,62,61
59,61,60
59,58,57
62,59,55
64,62,55
59,57,55
55,54,64
55,57,56
33,64,54
54,53,52
66,65,33
51,54,52
49,48,50
42,50,48
47,42,48
51,33,54
47,46,45
70,66,7
67,69,68
50,35,51
6,76,7
1,3,2
4,3,6
3,1,6
76,6,1
23,7,24
9,7,23
9,8,7
21,11,23
6,5,4
175,1,181
9,11,10
14,11,20
12,14,13
14,12,11
9,23,11
20,19,18
18,15,14
18,16,15
16,18,17
18,14,20
21,20,11
23,22,21
42,41,36
36,35,42
38,37,36
36,41,39
35,50,42
43,42,44
36,39,38
41,40,39
47,44,42
33,51,35
27,26,32
24,32,26
33,32,24
25,24,26
24,7,66
30,29,28
32,31,28
28,31,30
32,28,27
33,35,34
33,24,66
47,45,44
86,91,90
