# Yemen region 0
122 119
# Outer Vertices
51.999149,18.998880
51.904148,18.545280
52.611660,17.532221
52.746380,17.336941
52.710270,17.080271
53.078251,16.643860
52.687210,16.500549
52.451099,16.393890
52.267208,16.225559
52.156380,15.976110
52.237209,15.666110
51.838600,15.466390
51.671940,15.394720
51.675270,15.332220
51.514149,15.306940
51.471661,15.266390
50.975819,15.128330
50.450821,15.005280
50.345539,14.915830
50.044430,14.816110
50.014709,14.845830
49.638599,14.750270
49.179989,14.540550
49.184940,14.510550
49.138599,14.533050
49.074989,14.501390
49.000820,14.315000
48.698040,14.040000
48.549431,14.038610
48.499710,14.000830
48.445541,14.016670
48.269428,13.983610
48.137489,14.024170
47.984989,14.045560
47.780540,13.919720
47.387211,13.643610
47.113602,13.583330
46.833321,13.482770
46.574989,13.430000
46.027760,13.406670
45.629990,13.323890
45.392769,13.057220
45.160820,12.992780
45.072208,12.873060
45.061378,12.756390
45.034431,12.752220
44.976650,12.785000
45.042759,12.815000
45.006378,12.853610
44.889149,12.782780
44.915821,12.743330
44.773602,12.769720
44.728321,12.742220
44.697208,12.795560
44.605259,12.818610
44.544430,12.798890
44.459709,12.718050
44.288879,12.634720
44.137211,12.629720
44.163879,12.653890
44.062210,12.605830
43.934711,12.599720
43.898319,12.651670
43.598881,12.750000
43.534431,12.690830
43.527760,12.691110
43.459991,12.684440
43.483879,12.817220
43.456928,12.865000
43.228039,13.277770
43.246101,13.411660
43.293049,13.591110
43.237770,13.830000
43.086651,13.993330
43.102211,14.176390
42.990822,14.443890
43.021931,14.445550
43.027210,14.555550
42.960541,14.700830
42.936649,14.811110
42.948318,14.826110
42.879162,15.056110
42.853321,15.143050
42.719440,15.210280
42.632771,15.184170
42.613880,15.247500
42.684429,15.238890
42.709991,15.361390
42.781380,15.245830
42.785259,15.466940
42.714710,15.562220
42.700821,15.721940
42.836380,15.890830
42.811939,16.317499
42.790272,16.377220
43.066662,16.549440
43.102489,16.679440
43.206089,16.672211
43.185261,16.752220
43.230541,16.776661
43.228031,16.809719
43.153591,16.848600
43.173038,17.211100
43.273869,17.263611
43.256100,17.307220
43.180538,17.332500
43.270821,17.425550
43.449150,17.527500
43.526371,17.516670
43.703602,17.394991
43.792210,17.346100
43.909710,17.358879
43.909710,17.313330
43.956928,17.308050
44.023869,17.374990
44.114712,17.343050
44.173321,17.411940
44.340542,17.413879
44.498871,17.395821
45.590820,15.105550
47.461941,17.574150
51.999149,18.998880
# Triangles
76,75,74
74,73,72
119,77,74
77,76,74
78,77,80
84,83,86
86,88,87
88,86,83
83,82,88
84,86,85
80,79,78
82,119,92
119,82,81
88,82,89
119,81,80
62,61,60
71,59,55
57,59,58
60,59,62
71,62,59
70,68,71
70,69,68
68,62,71
63,62,68
65,64,63
67,63,68
63,67,65
66,65,67
72,71,54
74,72,119
119,80,77
90,89,92
93,92,95
82,92,89
92,91,90
95,94,93
96,95,97
99,98,97
101,100,102
95,92,97
119,97,92
112,100,99
103,102,100
103,100,110
112,99,113
110,100,112
99,97,113
103,106,104
97,115,113
115,114,113
108,107,103
103,109,108
107,106,103
111,110,112
103,110,109
97,119,115
104,106,105
117,116,115
56,59,57
53,52,51
47,45,44
50,49,51
51,49,53
54,53,48
54,42,72
49,48,53
48,47,43
43,42,48
43,47,44
48,42,54
46,45,47
72,42,119
71,55,54
119,40,39
41,40,42
119,38,37
37,36,119
39,38,119
34,36,35
25,33,32
31,30,32
119,36,34
30,29,28
28,25,30
32,30,25
26,28,27
33,119,34
40,119,42
25,24,120
120,33,25
23,22,24
22,21,24
24,21,120
118,117,115
120,119,33
115,119,118
20,18,17
18,20,19
120,17,1
20,17,120
21,20,120
1,17,16
25,28,26
9,16,14
13,12,14
14,12,9
11,10,9
16,9,8
9,12,11
16,8,1
2,1,8
2,7,4
1,121,120
2,8,7
6,5,4
4,3,2
6,4,7
14,16,15
55,59,56
