# Kazakhstan region 0
1317 1314
# Outer Vertices
61.136711,44.226280
61.134539,44.206751
61.114698,44.217297
61.049709,44.381649
61.027210,44.343319
61.063432,44.244548
61.008640,44.273674
60.979710,44.333599
60.951649,44.322208
60.973320,44.297211
60.973065,44.292584
58.675716,45.513766
58.569074,45.564281
58.571381,45.570660
58.560618,45.568287
55.997200,45.003101
55.998451,41.325474
55.903900,41.333599
55.812199,41.290001
55.728901,41.292198
55.652500,41.267200
55.537498,41.262199
55.456902,41.286701
55.394699,41.387199
55.289200,41.439701
55.243301,41.484699
55.120800,41.658100
54.971699,41.802200
54.956699,41.829201
54.956699,41.912498
54.761101,42.058899
54.365299,42.235298
54.198601,42.332500
53.995602,42.348598
53.663101,42.289200
53.462799,42.271400
53.298901,42.229698
53.014999,42.138901
52.928101,42.096699
52.443321,41.744499
52.430538,41.755821
52.492210,41.914150
52.428322,42.003040
52.418049,42.123600
52.594711,42.335270
52.681660,42.556381
52.656101,42.624989
52.599430,42.683601
52.715820,42.581661
52.746658,42.651100
52.730820,42.718319
52.632771,42.769161
52.547211,42.807770
52.377491,42.831100
52.272491,42.786098
52.196930,42.875820
52.137211,42.884159
51.935551,42.835541
51.878601,42.859150
51.769711,43.032211
51.668880,43.104431
51.677761,43.159161
51.647491,43.185261
51.294708,43.144428
51.262211,43.163052
51.298321,43.261101
51.315819,43.449711
51.242210,43.577209
51.146099,43.619709
51.106659,43.670269
50.983601,43.913879
50.850552,44.034431
50.861370,44.097488
50.823318,44.208321
50.662209,44.267769
50.413879,44.290539
50.231380,44.368881
50.224430,44.573318
50.315540,44.658600
50.669991,44.614159
50.810551,44.633320
50.914440,44.605259
50.995270,44.530540
51.139992,44.479431
51.207489,44.486099
51.250271,44.518040
51.377491,44.553329
51.379990,44.516930
51.570271,44.513882
51.570541,44.534161
51.427212,44.609150
51.297489,44.599430
51.267769,44.654991
50.953041,44.861931
50.973049,44.943878
50.965820,44.978039
51.182770,45.059990
51.282768,45.025539
51.247490,45.111660
51.414711,45.384430
51.506100,45.332211
51.624439,45.351101
51.755821,45.449989
51.858601,45.393040
52.369991,45.403599
52.915539,45.311378
53.235271,45.335270
52.743599,45.519989
52.747761,45.646931
53.035259,45.926659
53.075871,46.033539
53.164150,46.317211
53.103039,46.442490
53.079990,46.508598
52.997211,46.482491
53.006939,46.529991
53.207211,46.646648
53.194149,46.714989
53.129162,46.722488
53.082760,46.851379
52.896931,46.963600
52.646099,46.946098
52.541660,46.984440
52.431381,46.989429
52.355259,46.886379
52.175819,46.868599
52.234989,46.831661
52.239990,46.802490
52.069710,46.823879
52.001930,46.903599
52.004429,46.935261
51.944149,46.875542
51.854710,46.891102
51.890820,46.933880
51.785259,46.901932
51.683041,46.954430
51.691101,47.048870
51.649429,47.053879
51.597759,46.982491
51.526932,47.055271
51.198318,47.115261
51.010540,47.068600
50.900539,47.012760
50.840549,47.033600
50.758320,46.908329
50.732491,46.914711
50.755260,46.969711
50.606659,46.928322
50.603600,46.853039
50.557770,46.823601
50.430271,46.901100
50.218040,46.716648
50.192211,46.757488
50.111370,46.701931
49.963329,46.625271
49.812210,46.531940
49.768879,46.563042
49.752491,46.530819
49.617489,46.575550
49.619991,46.519161
49.483089,46.560909
49.467209,46.588329
49.501381,46.492771
49.297211,46.579990
49.393040,46.474709
49.278599,46.517769
49.365261,46.424992
49.360538,46.388882
49.300270,46.430271
49.219711,46.466930
49.286381,46.389431
49.168598,46.406380
49.196682,46.365856
49.063599,46.403099
48.918098,46.489201
48.839199,46.481701
48.740299,46.558300
48.560600,46.564999
48.581100,46.596401
48.557800,46.631699
48.478298,46.666901
48.513302,46.736099
48.589401,46.769699
48.710602,46.759701
48.765301,46.690800
48.941399,46.704201
49.027199,46.776100
48.721100,47.098301
48.547199,47.417198
48.443901,47.436901
48.298599,47.587799
48.240799,47.674702
48.096100,47.771400
47.918900,47.782501
47.691399,47.765800
47.625595,47.783081
47.427502,47.842800
47.413101,47.831699
47.390301,47.686100
47.141399,47.813900
47.138599,47.834702
47.182800,47.874199
47.062500,47.996101
47.137798,48.018600
47.215000,48.070801
47.199402,48.087200
47.122200,48.102200
47.138302,48.169998
47.096401,48.209999
47.135300,48.248600
47.122799,48.271702
46.499199,48.417500
46.778900,48.936699
46.954399,49.013100
47.040298,49.098598
47.062801,49.142799
47.057499,49.202801
47.026100,49.236099
46.868301,49.322800
46.795799,49.339699
46.929401,49.863602
47.009201,49.900799
47.188301,49.944199
47.302502,50.031898
47.356701,50.090302
47.335800,50.135601
47.280602,50.182201
47.342800,50.241901
47.316700,50.294399
47.416100,50.331902
47.446453,50.374878
47.520802,50.436401
47.599701,50.460800
47.634399,50.454700
47.695599,50.398300
47.760799,50.375301
47.781399,50.342201
47.828899,50.328602
47.880001,50.279999
47.946899,50.245602
48.016899,50.187500
48.034698,50.147202
48.110600,50.098598
48.131901,50.066101
48.139702,50.008598
48.165600,49.966099
48.248901,49.908901
48.245800,49.873100
48.332199,49.878899
48.376701,49.833302
48.407799,49.837502
48.450802,49.816898
48.497799,49.849701
48.828300,49.955799
48.916901,50.034199
48.879700,50.101700
48.791100,50.123600
48.811100,50.194199
48.746700,50.272800
48.695000,50.485600
48.697498,50.591900
48.595600,50.622501
48.598598,50.651901
48.633301,50.655300
48.739399,50.608299
48.830299,50.596699
49.030800,50.688099
49.158298,50.792801
49.301102,50.810001
49.425800,50.851398
49.442200,50.869999
49.440800,50.905800
49.364399,50.979698
49.416100,51.043301
49.421398,51.084702
49.461899,51.124199
49.546101,51.108601
49.804199,51.110298
49.968102,51.226101
50.257500,51.275299
50.363300,51.316898
50.372799,51.332199
50.354401,51.378101
50.397202,51.399700
50.384701,51.425301
50.482201,51.432800
50.494701,51.458900
50.548901,51.468601
50.543598,51.567200
50.594700,51.589699
50.602798,51.639999
50.717499,51.622501
50.682800,51.573101
50.782799,51.576401
50.810600,51.591702
50.813599,51.648102
50.758598,51.719700
50.772800,51.767727
50.863300,51.751400
50.938900,51.688900
51.181702,51.676701
51.258099,51.694199
51.302502,51.648102
51.389999,51.638302
51.403301,51.614399
51.391399,51.568901
51.258900,51.550598
51.258099,51.532200
51.287201,51.515301
51.303101,51.479698
51.437199,51.469200
51.525002,51.492802
51.591099,51.544998
51.649399,51.528599
51.650002,51.469700
51.681900,51.454700
51.803299,51.500000
51.780602,51.594398
51.874199,51.673599
51.925800,51.687199
52.020599,51.663601
52.105801,51.664200
52.137199,51.678600
52.177502,51.728901
52.296902,51.733101
52.313301,51.778900
52.346901,51.781101
52.386902,51.680000
52.470299,51.591400
52.501400,51.510300
52.583099,51.464401
52.647202,51.467201
52.677799,51.452801
52.769699,51.504200
52.822201,51.485001
52.885300,51.487499
52.888100,51.460602
52.943901,51.448601
53.048302,51.491699
53.148300,51.482498
53.155602,51.514702
53.208099,51.491901
53.294399,51.486401
53.356701,51.506699
53.428600,51.491699
53.471401,51.450802
53.638599,51.393101
53.637199,51.372501
53.595798,51.360600
53.619701,51.341099
53.613300,51.298901
53.661400,51.267200
53.678299,51.227501
53.806099,51.215599
53.876701,51.191700
53.957199,51.193100
54.020302,51.160301
54.041901,51.122799
54.133099,51.106098
54.172501,51.029202
54.167198,50.998299
54.204399,50.966900
54.266701,50.945599
54.301399,50.907501
54.420601,50.889400
54.506401,50.856899
54.503899,50.828098
54.438099,50.765301
54.439201,50.708099
54.397499,50.631401
54.443600,50.563301
54.520664,50.530659
54.610298,50.543598
54.703098,50.613098
54.658298,50.721901
54.676102,50.783901
54.648300,50.818901
54.673901,50.873901
54.627499,50.907501
54.519402,50.931400
54.566700,50.957199
54.545300,51.000599
54.564701,51.017502
54.647202,51.036900
54.705002,51.032200
54.828899,50.983299
54.948101,50.903599
55.068100,50.900299
55.088299,50.885300
55.075298,50.828300
55.231400,50.730000
55.369999,50.651901
55.443600,50.669201
55.497799,50.661701
55.544998,50.605598
55.594200,50.597500
55.638302,50.557201
55.701401,50.532799
55.779701,50.591400
55.931400,50.639702
56.116100,50.739201
56.178101,50.916401
56.321701,50.888599
56.356098,50.901699
56.373100,50.958099
56.453300,50.978100
56.439201,51.035000
56.503300,51.081699
56.529999,51.074699
56.626099,50.985802
56.729198,50.977798
56.700298,51.056400
56.774399,51.090801
56.873299,51.058300
57.099701,51.075802
57.186401,51.108601
57.218899,51.024700
57.297501,51.006401
57.350800,50.907501
57.481899,50.864700
57.516102,50.875801
57.543098,50.915001
57.569199,50.925598
57.715302,50.903900
57.741901,50.913601
57.760601,50.964199
57.749699,51.072498
57.794399,51.119999
57.860802,51.096901
57.923302,51.096901
57.952202,51.074699
58.002789,51.085049
58.075802,51.094398
58.109699,51.062199
58.172199,51.054401
58.191898,51.062801
58.215302,51.115799
58.337257,51.158356
58.391102,51.115299
58.390800,51.079399
58.543301,51.072498
58.601398,51.046700
58.624401,50.988602
58.565601,50.915298
58.596699,50.866100
58.664398,50.872501
58.665600,50.805000
58.783298,50.795799
58.808601,50.743301
58.892799,50.701401
58.940300,50.683102
59.234699,50.668301
59.288898,50.620300
59.346901,50.635300
59.492500,50.629398
59.527199,50.596401
59.586399,50.584400
59.575802,50.556400
59.499699,50.559700
59.466400,50.532501
59.542500,50.478298
59.650799,50.533901
59.819698,50.547199
59.870300,50.619400
59.946400,50.689201
59.938599,50.762501
59.984402,50.838299
60.043598,50.863300
60.115799,50.863300
60.165298,50.845798
60.170300,50.775299
60.242802,50.718102
60.312199,50.692501
60.698101,50.661701
60.778900,50.662498
61.381401,50.783600
61.426701,50.803101
61.461700,50.873100
61.549198,51.215599
61.585602,51.241402
61.681927,51.268318
61.581699,51.303101
61.498657,51.428680
61.421700,51.431702
61.355801,51.457802
61.303101,51.446899
61.016102,51.481899
60.977200,51.497501
60.934399,51.555302
60.926701,51.587200
60.944401,51.619999
60.527802,51.627201
60.519402,51.655800
60.386700,51.672501
60.373600,51.695599
60.461700,51.737801
60.464401,51.766102
60.498901,51.786098
60.496700,51.801899
60.316101,51.831402
60.167500,51.900002
60.143902,51.895599
60.148102,51.868599
60.134399,51.863300
60.064400,51.873600
60.002201,51.958302
60.023338,52.001396
60.223099,51.999199
60.486698,52.154701
60.715302,52.156898
60.782501,52.220299
60.909199,52.257198
60.981701,52.310799
61.061901,52.342499
60.978600,52.413101
60.970798,52.494999
60.834702,52.529999
60.834702,52.635799
60.735802,52.637501
60.732498,52.655602
60.694199,52.680801
60.701099,52.719200
60.731701,52.749699
60.858299,52.781898
60.878101,52.819401
61.080601,52.929699
60.996700,52.978901
61.108601,52.982800
61.203300,53.021900
61.309200,52.993301
61.375801,52.992802
61.462799,53.029701
61.620602,52.952801
61.685299,52.982800
61.862499,52.986698
61.967201,52.937500
62.101898,52.978298
62.144699,53.074402
62.104698,53.125000
61.781101,53.180801
61.675598,53.255001
61.538101,53.215599
61.390301,53.273899
61.278599,53.279202
61.195599,53.299400
61.152802,53.362202
61.161900,53.389400
61.237801,53.455799
61.241901,53.506901
61.311901,53.511902
61.382801,53.452499
61.434399,53.443298
61.500801,53.487202
61.577499,53.513302
61.538898,53.593300
61.395302,53.592800
61.343899,53.548302
61.148102,53.574699
61.094200,53.616901
60.901100,53.624401
60.902199,53.656898
60.917500,53.661400
60.977200,53.660599
61.010601,53.639198
61.059700,53.643299
61.074200,53.710800
61.134701,53.722198
61.168598,53.769699
61.226898,53.811901
61.224201,53.834202
61.150002,53.847198
61.118599,53.883301
61.000599,53.889702
60.991100,53.904400
61.004200,53.939400
61.043301,53.957802
61.166698,53.959400
61.186401,53.923599
61.215000,53.912498
61.246700,53.928299
61.251930,53.951206
61.215599,54.025799
61.303299,54.033298
61.326099,54.069199
61.450802,54.064999
61.486698,54.015598
61.572800,54.002499
61.584202,53.956699
61.631401,53.959400
61.642200,54.001900
61.773899,53.988098
61.814701,54.008301
61.845600,53.998299
61.855301,53.951698
62.025799,53.939701
62.024700,54.025002
62.335602,54.021702
62.457802,54.040001
62.470299,54.002201
62.401699,53.966702
62.413601,53.946701
62.535801,53.879700
62.574200,53.896900
62.548100,53.929199
62.608898,53.977501
62.565601,54.033100
62.644699,54.076401
62.783600,54.082802
62.833900,54.108601
62.913898,54.085800
63.012501,54.101101
63.110001,54.095600
63.148899,54.114201
63.132198,54.168900
63.147800,54.180599
63.325802,54.182499
63.413601,54.174400
63.484402,54.208599
63.562500,54.206402
63.736900,54.259998
63.806099,54.244202
63.901756,54.196404
64.019997,54.237801
63.980000,54.280602
63.992802,54.311100
64.049202,54.298100
64.085297,54.318298
64.201897,54.319199
64.303101,54.348598
64.411400,54.341702
64.476898,54.370800
64.547501,54.365601
64.602242,54.394150
64.665298,54.356899
64.737801,54.341099
64.899696,54.404202
64.957802,54.409199
65.014702,54.385601
65.106102,54.315601
65.216400,54.318901
65.240601,54.348099
65.201103,54.461399
65.224701,54.480301
65.218597,54.527802
65.355598,54.569401
65.475601,54.562801
65.485298,54.577499
65.461098,54.615299
65.483299,54.638100
65.757500,54.601398
65.790604,54.616699
65.844398,54.684700
65.966904,54.713600
65.991096,54.617500
66.110466,54.645519
66.495300,54.723099
66.722801,54.726898
66.808899,54.766701
67.015297,54.772499
67.077499,54.796398
67.245598,54.806702
67.322800,54.867500
67.401100,54.850601
67.475800,54.864700
67.581398,54.854401
67.766403,54.891899
67.832199,54.963299
67.924400,54.982498
68.034401,54.950298
68.205299,54.966099
68.212502,54.999699
68.250000,55.011902
68.259399,55.048901
68.323601,55.056900
68.330803,55.080601
68.244400,55.104698
68.210297,55.138901
68.229698,55.161900
68.199699,55.178299
68.304497,55.205299
68.313103,55.190601
68.357498,55.187500
68.388901,55.204201
68.500298,55.190601
68.568298,55.211899
68.625801,55.201900
68.642502,55.223099
68.638901,55.255600
68.705002,55.286701
68.700302,55.333302
68.724724,55.366116
68.855003,55.350601
68.893097,55.335800
68.933296,55.286098
69.002502,55.287498
69.001099,55.353600
68.939400,55.370300
68.923302,55.424198
68.952499,55.444698
69.168297,55.400600
69.185600,55.343899
69.232803,55.332500
69.351402,55.394402
69.491096,55.357498
69.672798,55.354401
69.846100,55.294998
69.949203,55.204201
70.055801,55.207802
70.238899,55.138901
70.288101,55.187199
70.398300,55.209202
70.421898,55.261398
70.470299,55.297199
70.578300,55.276402
70.679199,55.313599
70.798103,55.318901
70.843300,55.301899
70.803299,55.250801
70.997803,55.095798
70.996399,55.024200
70.975800,54.975800
70.999702,54.955601
70.968300,54.893101
71.025002,54.849400
71.013100,54.797501
71.105301,54.736099
71.227501,54.733898
71.278900,54.690300
71.288300,54.634201
71.160301,54.595600
71.167198,54.483601
71.195801,54.471401
71.188599,54.419399
71.221703,54.410301
71.213600,54.325802
71.125000,54.317501
71.086403,54.339199
70.996902,54.339199
70.997803,54.278099
71.074997,54.270802
71.079399,54.209999
71.064148,54.193054
71.114700,54.181400
71.185600,54.103298
71.257797,54.126099
71.336403,54.215000
71.405296,54.191101
71.483299,54.193600
71.501099,54.113300
71.596703,54.136902
71.653603,54.110001
71.749199,54.154400
71.730598,54.213100
71.767799,54.255299
71.889397,54.258099
72.032501,54.235600
72.122200,54.133099
72.190598,54.135601
72.211403,54.150600
72.205803,54.200001
72.084702,54.229198
72.105003,54.287498
72.133904,54.314999
72.045303,54.363098
72.051697,54.387798
72.168900,54.376701
72.196899,54.373901
72.288300,54.300301
72.291397,54.274399
72.344398,54.263599
72.360298,54.244202
72.321701,54.186100
72.508904,54.142799
72.486397,54.113602
72.380600,54.094200
72.390602,54.057499
72.445602,54.026100
72.396103,53.927799
72.478302,53.909199
72.570000,53.987499
72.731102,53.961700
72.669403,54.063599
72.528847,54.050747
72.550598,54.107800
72.613297,54.145302
72.814697,54.138100
72.865799,54.123100
72.975304,54.128300
72.993599,54.116100
73.000603,54.053600
73.059402,54.043301
73.069397,53.988899
73.397202,53.948601
73.410004,53.982201
73.470596,53.977200
73.494400,53.951401
73.545799,53.959400
73.541702,54.015301
73.626900,54.039200
73.611702,54.077499
73.690300,54.086899
73.699699,54.055801
73.763901,54.065601
73.711700,53.875000
73.653603,53.864201
73.500801,53.883099
73.443100,53.875801
73.414398,53.835800
73.461098,53.816101
73.356400,53.789700
73.329697,53.693298
73.260300,53.683300
73.238602,53.644402
73.281898,53.613899
73.253899,53.580002
73.414398,53.527802
73.370300,53.466900
73.437202,53.436100
73.581703,53.519699
73.600800,53.573101
73.663300,53.568100
73.676903,53.619400
73.775597,53.617500
73.811096,53.598301
73.917503,53.654202
74.081398,53.632198
74.088303,53.573898
74.143097,53.573299
74.159401,53.605801
74.246696,53.602200
74.266899,53.566101
74.293602,53.560799
74.283897,53.527500
74.376404,53.471699
74.429199,53.478600
74.483597,53.584400
74.438904,53.610001
74.466400,53.693298
74.646896,53.688301
74.675301,53.763901
74.758301,53.766899
74.787201,53.833900
74.812202,53.844398
74.947197,53.838600
75.033897,53.806702
75.369400,53.970798
75.457199,53.994202
75.384201,54.067200
75.501099,54.115299
75.573601,54.097198
75.692726,54.112614
76.207199,54.259201
76.185600,54.295601
76.238899,54.358898
76.487801,54.325600
76.576401,54.363300
76.656898,54.367802
76.675301,54.430000
76.699402,54.444698
76.811699,54.447800
76.923599,54.475601
76.925003,54.437500
76.778900,54.394199
76.785301,54.373600
76.855797,54.358898
76.864998,54.318100
76.855797,54.293598
76.810799,54.260799
76.802498,54.227501
76.721397,54.153301
76.641701,54.137199
76.521400,54.170799
76.392502,54.158901
76.498100,54.053299
76.542801,53.973301
77.523903,53.506401
77.801102,53.345798
77.921402,53.258900
78.046402,53.126099
78.073097,53.075298
78.452499,52.708099
78.542801,52.590599
78.916397,52.184200
79.336899,51.669201
79.536400,51.450001
79.983299,50.826099
80.077797,50.757500
80.109398,50.763302
80.035004,50.832802
80.065300,50.860001
80.136101,50.819401
80.171898,50.828602
80.188301,50.838299
80.198898,50.887798
80.245796,50.893902
80.283897,50.922501
80.385597,50.923100
80.467796,50.967800
80.486702,51.058300
80.480003,51.080601
80.430496,51.118599
80.438599,51.197498
80.484398,51.216400
80.633301,51.214401
80.637497,51.259399
80.687798,51.314400
80.872200,51.258900
80.899399,51.290001
80.932198,51.283901
80.944199,51.271099
80.940300,51.221100
81.040802,51.181400
81.100601,51.180302
81.128899,51.204201
81.183601,51.196098
81.168900,51.137199
81.092499,51.018101
81.076401,50.947800
81.183098,50.943901
81.301399,50.970001
81.424698,50.966400
81.421898,50.927799
81.489998,50.841099
81.440804,50.759998
81.468102,50.742199
81.599403,50.736099
81.725800,50.747501
81.761101,50.790001
81.782799,50.793301
81.828903,50.768299
81.915604,50.786900
82.011101,50.771400
82.097801,50.721699
82.150299,50.710602
82.236702,50.720299
82.279404,50.754398
82.317200,50.743599
82.356400,50.759701
82.377197,50.745300
82.442802,50.758099
82.498901,50.721100
82.720299,50.810799
82.727501,50.898899
82.761101,50.910801
83.010002,50.889400
83.087196,50.923599
83.138603,51.001900
83.456398,51.002499
83.497200,50.961700
83.662498,50.932499
83.731102,50.885601
83.835800,50.880798
83.901703,50.813900
83.972504,50.801701
83.970001,50.715599
84.167503,50.600300
84.166901,50.557499
84.223099,50.514702
84.196899,50.453098
84.262802,50.354401
84.266899,50.270599
84.337196,50.247501
84.373100,50.209702
84.473900,50.256699
84.516403,50.220798
84.569397,50.193901
84.674400,50.196899
84.736397,50.146099
84.810600,50.144199
84.860603,50.088902
84.916397,50.104198
85.014397,50.075802
85.058296,50.013599
84.979202,49.997799
84.977798,49.912800
85.083603,49.881401
85.091904,49.819698
85.197502,49.733299
85.216698,49.701401
85.211098,49.647202
85.274200,49.584999
85.403900,49.623299
85.473099,49.594398
85.531898,49.591400
85.630798,49.627499
85.690598,49.564400
85.770798,49.580002
85.837196,49.543900
85.907501,49.574200
85.969200,49.566399
85.953598,49.521400
85.969398,49.488602
86.000298,49.488300
86.044998,49.520302
86.132797,49.532799
86.191101,49.472500
86.245796,49.501400
86.293297,49.589401
86.426399,49.621399
86.480797,49.651100
86.513603,49.708900
86.611099,49.761101
86.616402,49.797199
86.783302,49.785801
86.761398,49.739399
86.800301,49.702202
86.753098,49.673302
86.695801,49.674400
86.666901,49.655602
86.611099,49.601398
86.634697,49.570801
86.683296,49.551899
86.746902,49.563900
86.846901,49.521702
86.839699,49.452202
86.964401,49.391899
86.926697,49.353100
87.039200,49.287201
87.052498,49.254200
87.218903,49.246101
87.299698,49.210602
87.345329,49.095699
87.259697,49.111099
86.861633,49.104988
86.730530,48.972210
86.746078,48.910542
86.821373,48.846649
86.774406,48.714432
86.644974,48.616379
86.596077,48.536098
86.344131,48.495258
86.230797,48.425259
86.021637,48.436932
85.777763,48.402210
85.551826,47.972740
85.536362,47.943310
85.573868,47.801929
85.609131,47.499432
85.705544,47.364990
85.686630,47.211929
85.581360,47.184711
85.515808,47.058041
85.219421,47.039711
84.963593,46.864151
84.784973,46.826382
84.735237,46.836929
84.781647,46.925819
84.750809,46.955540
84.661362,46.994991
84.033043,46.978321
83.564972,47.061100
83.162483,47.223591
83.061363,47.220261
83.031357,47.199150
83.014687,46.960270
82.873863,46.763599
82.791077,46.546379
82.573303,46.173038
82.536911,45.988590
82.324417,45.590542
82.319702,45.529430
82.362183,45.495541
82.589142,45.463871
82.649406,45.430271
82.658577,45.345539
82.601067,45.174709
82.549408,45.123310
82.481644,45.127480
82.325256,45.233040
82.270813,45.235821
81.948013,45.157490
81.804138,45.214710
81.797737,45.305820
81.732468,45.350819
81.622192,45.329708
80.869423,45.131100
80.787193,45.147770
80.076637,45.024700
79.864967,44.896099
79.875793,44.865540
80.022202,44.793598
80.262192,44.824429
80.484703,44.746090
80.516647,44.707211
80.374680,44.651920
80.407204,44.602211
80.348862,44.450260
80.376068,44.375820
80.368027,44.112759
80.424683,44.063869
80.438858,43.992210
80.739693,43.465820
80.722473,43.404701
80.666641,43.348881
80.668579,43.319439
80.764687,43.293049
80.779968,43.264431
80.809967,43.130539
80.770523,43.108330
80.638313,43.139149
80.376633,43.025261
80.390259,42.992760
80.577759,42.908588
80.564972,42.880260
80.258873,42.816090
80.158020,42.632488
80.289139,42.231651
80.285477,42.182358
80.176697,42.219700
80.113602,42.303600
80.056702,42.336899
79.952797,42.434200
79.815598,42.446098
79.716904,42.474201
79.571899,42.453098
79.443901,42.472198
79.356697,42.607800
79.269997,42.629200
79.215302,42.679199
79.196899,42.726700
79.209702,42.779701
79.194702,42.795799
79.027802,42.759701
78.973900,42.782799
78.920799,42.775002
78.801697,42.809200
78.689201,42.812500
78.653900,42.842800
78.512199,42.885300
78.416901,42.885601
78.336899,42.852501
78.265297,42.875599
78.093903,42.857498
77.999199,42.867199
77.897499,42.900299
77.829399,42.870800
77.811996,42.902500
77.729698,42.914700
77.660004,42.915298
77.591103,42.887501
77.535599,42.921398
77.459702,42.930302
77.350304,42.896702
77.207802,42.917198
77.147499,42.965599
77.062202,42.970600
76.976898,42.996399
76.853600,42.981899
76.811996,42.946899
76.774399,42.947498
76.724197,42.916698
76.669403,42.920300
76.616898,42.900299
76.500603,42.923302
76.441399,42.891899
76.410599,42.916100
76.343102,42.906700
76.323303,42.924999
76.240303,42.936901
76.187202,42.927799
76.095001,42.941399
76.017799,42.923599
75.910797,42.946701
75.802498,42.940601
75.747200,42.850601
75.676102,42.806400
75.568604,42.834202
75.209999,42.853298
74.880600,42.982800
74.751701,42.993099
74.631401,43.066101
74.566101,43.132500
74.451103,43.152199
74.391403,43.195301
74.293297,43.216702
74.201103,43.268600
74.235802,43.231400
74.235001,43.207199
74.059402,43.188099
73.973099,43.223900
73.913300,43.122799
73.831902,43.129200
73.583900,43.038601
73.556702,42.956902
73.513901,42.896400
73.525803,42.799999
73.460800,42.710602
73.432503,42.621101
73.451103,42.533298
73.533600,42.418900
73.507202,42.404701
73.406403,42.434399
73.339699,42.432800
73.328598,42.512501
73.209198,42.521400
73.156700,42.560001
72.968102,42.538898
72.908600,42.548302
72.832802,42.576900
72.791901,42.638100
72.757202,42.656101
72.599197,42.692200
72.504700,42.687801
72.296898,42.773602
72.171700,42.773602
72.123901,42.757198
71.869698,42.842800
71.808899,42.823601
71.725601,42.821701
71.597198,42.763599
71.574203,42.765301
71.530296,42.802200
71.502800,42.789200
71.424698,42.804199
71.352798,42.743599
71.275299,42.759201
71.227501,42.706699
71.166901,42.686901
71.167198,42.604198
71.031097,42.573601
71.033897,42.534698
71.089699,42.480801
71.060600,42.460800
70.996399,42.486698
70.955002,42.427502
70.962502,42.388302
70.873299,42.313099
70.906898,42.266899
70.969398,42.252800
70.856903,42.196400
70.752800,42.201099
70.668900,42.101700
70.624397,42.019699
70.539200,42.038101
70.531097,42.068901
70.488297,42.099998
70.373299,42.064201
70.333099,42.039398
70.302200,41.977200
70.225601,41.941399
70.140297,41.828098
70.086899,41.808899
70.058098,41.780300
70.009201,41.780300
69.930801,41.711700
69.845299,41.706402
69.642197,41.673302
69.506699,41.582802
69.443100,41.567799
69.403603,41.525299
69.419403,41.474998
69.346397,41.484200
69.292503,41.458599
69.247803,41.470600
69.156700,41.425800
69.150803,41.401699
69.123100,41.408298
69.056396,41.379398
69.080597,41.350800
69.063103,41.216099
68.983902,41.175800
68.898300,41.161400
68.868301,41.109200
68.774399,41.077202
68.724403,40.978901
68.616699,40.936901
68.611900,40.913101
68.593597,40.919998
68.593597,40.873901
68.568100,40.861401
68.589699,40.730301
68.632202,40.722198
68.651901,40.671700
68.623901,40.636398
68.648300,40.626099
68.631699,40.607498
68.608101,40.599701
68.537498,40.625599
68.484398,40.591099
68.455299,40.597801
68.233299,40.691399
68.074997,40.801102
68.015602,40.813900
68.087799,40.862499
68.135002,40.935600
68.144402,40.997799
68.122498,41.020000
68.151100,41.030800
68.143898,41.051399
68.105598,41.065601
68.082497,41.043598
68.059196,41.053600
68.028099,41.043598
67.996902,41.119999
67.934402,41.194401
67.861099,41.162800
67.754997,41.192501
67.455803,41.153301
67.071404,41.143600
66.875801,41.150002
66.720001,41.174999
66.558601,41.732800
66.526398,42.003101
66.029198,42.003101
66.036697,42.423302
66.070801,42.424198
66.123901,42.996899
65.821899,42.877201
65.526901,43.317200
65.268303,43.432499
64.931396,43.737801
64.458099,43.548100
63.997200,43.570599
63.211399,43.636398
62.023899,43.486099
61.205034,44.169278
61.136711,44.226280
# Triangles
173,171,169
171,173,172
171,170,169
175,174,185
169,168,165
173,185,174
165,168,166
185,173,169
163,169,165
168,167,166
75,78,77
75,77,76
164,163,165
181,180,179
177,176,178
179,178,183
176,184,178
181,179,182
183,182,179
184,183,178
175,184,176
163,161,186
159,158,160
158,157,156
161,158,152
160,158,161
163,186,169
154,158,156
186,185,169
158,154,153
153,152,158
152,151,150
152,186,161
186,152,187
156,155,154
184,175,185
163,162,161
188,187,152
78,75,79
72,71,70
84,83,70
69,67,70
72,70,83
74,73,81
82,81,73
83,82,73
73,72,83
74,81,80
69,68,67
65,62,66
66,88,67
63,65,64
88,70,67
85,84,87
86,85,87
70,87,84
88,87,70
147,150,149
79,74,80
147,149,148
146,144,143
144,146,145
146,143,147
147,143,150
188,152,150
92,97,93
93,96,94
94,96,95
97,92,90
142,141,143
99,98,100
97,100,98
96,93,97
97,90,89
90,92,91
254,150,143
62,65,63
79,75,74
254,143,141
207,206,205
202,201,203
208,207,209
212,211,210
210,214,213
210,213,212
209,193,210
207,205,209
201,199,198
195,193,209
201,198,197
204,203,201
200,199,201
201,197,204
204,196,195
195,209,204
196,204,197
209,205,204
193,215,210
218,217,220
215,214,210
222,216,223
217,216,222
219,218,220
220,217,221
217,222,221
216,247,223
225,227,226
225,224,227
227,224,229
223,245,224
228,227,229
230,234,231
234,230,229
232,234,233
234,232,231
234,229,236
229,224,236
215,247,216
195,194,193
215,249,247
251,192,191
193,192,249
247,245,223
243,242,244
224,245,244
246,245,247
241,224,244
188,191,190
241,244,242
192,251,249
249,248,247
251,191,253
191,188,253
141,140,254
188,150,253
249,251,250
253,252,251
253,150,254
254,269,268
189,188,190
238,237,236
239,241,240
241,239,238
224,238,236
235,234,236
261,263,262
263,261,260
224,241,238
265,259,258
256,255,257
265,258,257
266,257,255
259,264,260
264,259,265
266,268,267
266,265,257
254,266,255
264,263,260
254,268,266
279,254,140
249,215,193
43,42,41
40,39,41
41,39,38
43,41,44
46,48,47
41,38,44
48,44,37
35,34,50
36,35,49
37,36,49
44,48,45
49,35,50
49,48,37
51,50,106
50,34,33
48,46,45
37,44,38
106,50,33
88,62,61
60,59,61
88,61,55
104,89,88
97,101,100
97,89,101
101,103,102
103,101,89
103,89,104
56,61,59
88,66,62
56,58,57
53,52,88
55,54,53
88,52,105
53,88,55
61,56,55
107,106,108
88,105,104
109,108,106
51,105,52
51,106,105
56,59,58
33,32,106
27,26,29
25,24,23
25,23,26
29,26,17
15,32,31
29,28,27
15,30,29
30,15,31
26,23,17
21,20,23
19,18,17
19,23,20
19,17,23
29,16,15
1309,1308,1310
29,17,16
21,23,22
8,10,9
7,6,4
8,11,10
11,8,3
111,106,15
12,11,13
11,460,13
397,15,14
3,8,7
3,1315,1313
1312,1311,1310
1312,1310,1313
476,3,1313
5,4,6
4,3,7
2,1,0
0,3,2
3,0,1315
3,474,11
1314,1313,1315
1313,1310,476
1310,477,476
32,15,106
450,14,13
129,128,130
125,128,127
127,126,125
125,130,128
124,123,125
132,131,133
109,106,110
116,113,112
116,112,111
111,15,116
115,114,113
115,113,116
372,117,397
118,117,119
119,117,372
116,15,117
136,133,130
130,133,131
134,136,135
134,133,136
130,125,123
315,140,137
139,138,137
123,330,136
137,136,315
130,123,136
122,332,123
121,120,122
370,369,352
370,332,122
371,370,120
371,120,119
119,372,371
368,367,369
363,369,367
373,375,374
377,376,375
122,120,370
140,139,137
110,106,111
395,394,396
391,372,396
398,397,399
394,391,396
390,373,391
372,391,373
394,392,391
460,452,450
117,15,397
393,392,394
399,397,14
396,372,397
460,459,452
462,461,460
11,462,460
459,454,453
454,459,458
454,458,455
455,458,457
455,457,456
462,471,463
459,453,452
449,14,450
449,419,14
451,450,452
399,14,419
446,448,447
400,399,419
423,449,448
446,423,448
390,389,373
464,471,470
464,463,471
471,462,472
473,462,11
467,466,470
470,466,465
470,465,464
474,3,475
473,11,474
472,462,473
373,389,386
13,460,450
375,373,386
3,476,475
468,470,469
656,639,1310
364,367,366
277,270,269
363,361,369
277,271,270
365,364,366
364,363,367
362,361,363
378,380,379
140,315,310
254,277,269
389,387,386
386,377,375
402,400,403
389,388,387
385,377,386
377,384,378
405,404,403
378,383,380
403,409,405
401,400,402
272,271,273
274,273,275
271,276,273
275,273,276
369,361,360
277,279,278
357,355,354
352,360,354
352,354,353
276,271,277
360,359,358
381,380,382
378,384,383
360,352,369
357,356,355
358,357,360
382,380,383
360,357,354
384,377,385
405,407,406
403,400,410
421,420,422
423,420,419
422,420,423
449,423,419
409,403,410
410,418,413
418,417,416
416,413,418
418,410,400
434,424,444
424,423,446
445,444,446
444,424,446
430,425,424
443,442,441
434,443,435
444,443,434
440,443,441
419,418,400
424,434,433
416,414,413
416,415,414
411,410,412
413,412,410
427,426,428
425,428,426
407,405,408
431,430,433
428,425,430
443,439,435
439,443,440
436,435,439
431,433,432
439,437,436
437,439,438
430,429,428
430,424,433
408,405,409
470,468,467
281,283,282
281,280,285
283,281,285
287,280,309
285,284,283
285,287,286
285,280,287
307,294,309
293,287,309
279,140,280
309,280,140
310,314,311
314,310,315
311,314,312
310,309,140
312,314,313
315,330,316
308,307,309
279,277,254
300,307,306
288,287,289
293,292,287
293,309,294
289,292,290
287,292,289
291,290,292
297,296,298
298,296,295
294,299,295
303,302,305
305,304,303
300,306,302
299,298,295
294,307,299
301,300,302
318,317,316
316,319,318
307,300,299
305,302,306
316,320,319
331,330,332
332,337,336
337,332,352
136,330,315
334,332,336
334,336,335
342,341,339
340,339,341
339,338,337
339,337,350
334,333,332
348,350,349
350,348,345
351,350,352
342,339,350
345,343,342
348,346,345
345,342,350
347,346,348
350,337,352
330,123,332
344,343,345
320,316,321
322,329,328
329,322,321
322,328,327
329,321,316
323,322,324
324,326,325
326,324,327
322,327,324
503,502,501
505,504,506
506,504,501
501,500,507
501,504,503
499,507,500
501,507,506
329,316,330
332,370,352
494,493,495
493,492,495
497,492,490
495,492,497
509,508,498
498,508,499
497,490,498
496,495,497
489,488,490
492,491,490
490,487,486
487,490,488
513,490,484
490,509,498
510,509,511
511,513,512
513,511,490
509,490,511
490,486,485
521,520,519
515,523,517
518,517,519
522,519,517
521,519,522
515,524,523
517,523,522
517,516,515
514,513,515
527,526,525
558,563,559
515,529,525
559,562,561
561,560,559
564,563,558
565,564,558
562,559,563
558,566,565
524,515,525
515,513,529
507,499,508
482,513,484
483,482,484
513,532,530
527,525,528
525,529,528
532,531,530
530,529,513
482,535,513
484,490,485
480,482,481
535,482,480
480,479,478
535,480,536
478,477,480
535,532,513
533,532,534
534,532,535
621,537,536
536,480,621
1310,480,477
546,545,544
544,543,547
549,547,550
544,547,546
566,557,556
558,557,566
549,548,547
567,566,556
550,547,543
551,542,541
553,540,539
594,553,539
552,541,540
551,550,542
552,551,541
593,554,553
540,553,552
567,556,555
594,539,538
542,550,543
587,555,554
537,601,538
572,571,575
571,570,577
578,570,569
573,572,574
575,574,572
575,571,576
577,576,571
570,578,577
569,579,578
568,579,569
568,585,579
601,537,602
603,602,604
588,554,593
594,593,553
585,580,579
555,587,568
594,538,600
554,588,587
568,567,555
600,596,594
601,600,538
568,587,585
587,586,585
582,580,585
588,590,589
588,593,590
582,584,583
584,582,585
582,581,580
591,590,593
593,592,591
598,597,599
595,594,596
596,599,597
604,606,605
606,604,607
604,602,607
600,599,596
602,609,607
609,608,607
611,610,609
612,611,616
609,602,611
613,612,614
614,612,615
617,616,618
612,616,615
537,616,611
619,618,620
621,620,618
634,622,621
618,616,621
623,625,624
623,622,625
621,638,634
626,625,622
626,622,627
480,638,621
602,537,611
537,621,616
628,627,629
629,634,633
629,627,622
634,629,622
631,629,633
631,630,629
632,631,633
635,637,636
634,638,635
642,641,640
642,640,644
643,642,644
638,637,635
645,644,640
648,646,649
646,648,647
649,646,645
645,640,649
640,639,649
1310,639,480
639,638,480
639,653,649
1310,1308,1306
1269,1280,1279
1277,1270,1279
1270,1277,1273
1277,1279,1278
1269,1279,1270
1282,1281,1283
1280,1283,1281
1280,1284,1283
1285,1284,1269
1280,1269,1284
1273,1271,1270
1273,1276,1275
1274,1273,1275
1273,1272,1271
1268,1267,1269
1266,1265,1267
1287,1269,1267
1277,1276,1273
1288,1267,1265
1301,1300,1299
1301,1298,1297
1301,1299,1298
1305,1304,1303
1301,1297,1302
1302,1297,1296
1302,1296,1294
1303,1302,1305
1294,1296,1295
1269,1287,1285
1288,1265,1263
1285,1287,1286
1287,1267,1288
1289,1294,1293
1291,1293,1292
1289,1293,1291
1289,1288,1294
1290,1289,1291
1257,1294,1288
1294,1257,1302
1263,1265,1264
1263,1262,1261
1257,1261,1260
1257,1260,1259
1263,1261,1257
1258,1257,1259
1256,1255,1254
1256,1254,1257
1306,1257,1254
1263,1257,1288
1253,1252,1251
1251,1250,1249
1251,1249,1253
1253,1249,1248
1248,1247,1246
1245,1244,1243
1246,1245,1243
1253,1248,1306
1253,1306,1254
1306,1248,1246
1243,1242,1241
1241,1240,1239
1241,1239,1243
1239,1237,1246
1238,1237,1239
1235,1234,1231
1219,1236,1235
1246,1237,1306
1239,1246,1243
1232,1231,1234
1230,1229,1226
1230,1235,1231
1230,1226,1235
1227,1226,1229
1235,1226,1224
1227,1229,1228
1225,1224,1226
1232,1234,1233
1237,1236,1306
1257,1306,1302
1189,1188,1190
1306,1305,1302
1235,1224,1219
1220,1223,1222
1220,1222,1221
1219,1224,1223
1220,1219,1223
1184,1200,1199
1236,1219,1306
1217,1219,1218
1187,1194,1193
1191,1188,1193
1191,1190,1188
1191,1193,1192
1187,1193,1188
1197,1196,1199
1195,1184,1199
1187,1195,1194
1199,1196,1195
1198,1197,1199
1187,1186,1195
1217,1216,1215
1213,1215,1214
1217,1215,1306
1310,1306,743
1213,1212,1211
743,1306,1215
1215,1213,743
1208,1213,1211
1210,1209,1211
1306,1219,1217
1195,1186,1184
1203,1202,1201
1182,1201,1200
1208,1207,1206
1208,1206,1213
1206,1203,1182
1201,1182,1203
1203,1206,1204
1204,1206,1205
1206,817,1213
1184,1186,1185
1209,1208,1211
1182,1200,1184
1166,1165,1164
1167,1166,1163
1163,1166,1164
1163,1162,1171
1160,1159,1158
1161,1160,1162
1160,1078,1162
1168,1167,1163
1156,1155,1157
1154,1153,1155
1158,1157,1153
1149,1153,1151
1153,1157,1155
1150,1149,1151
1158,1153,1147
1152,1151,1153
1160,1158,1147
1183,1182,1184
1179,1181,1180
1182,1181,1179
1206,1179,817
1179,1178,1175
1177,1176,1175
1178,1177,1175
1175,1174,1173
1182,1179,1206
1175,1162,1078
1148,1147,1149
1145,1144,1146
1163,1171,1168
1173,1172,1171
1162,1173,1171
1171,1170,1168
1078,1160,1147
1168,1170,1169
1175,1173,1162
1144,1078,1146
1149,1147,1153
1078,1147,1146
1175,817,1179
1120,1119,1118
1120,1118,1117
1126,1125,1127
1122,1121,1123
1100,1121,1120
1123,1121,1125
1124,1123,1125
1125,1121,1079
1117,1116,1120
1112,1111,1105
1105,1109,1106
1111,1110,1105
1105,1110,1109
1116,1115,1114
1116,1113,1104
1105,1113,1112
1113,1116,1114
1116,1104,1120
1113,1105,1104
1088,1079,1121
1136,1135,1134
1136,1134,1137
1141,1078,1144
1142,1141,1144
1138,1137,1141
1140,1139,1138
1138,1141,1140
1141,1137,1078
1134,1078,1137
1132,1131,1134
1129,1131,1130
1131,1078,1134
1078,1129,1079
1079,1129,1128
1129,1078,1131
1079,1128,1127
1125,1079,1127
1078,1077,886
1079,1088,1080
1134,1133,1132
1078,885,1175
1106,1109,1108
1106,1108,1107
1103,1101,1104
1104,1101,1100
1086,1080,1088
1090,1089,1088
1093,1090,1100
1088,1121,1090
1100,1090,1121
1102,1101,1103
1086,1088,1087
1094,1100,1099
1098,1097,1096
1098,1096,1099
1099,1096,1094
1093,1100,1094
1092,1091,1093
1094,1096,1095
1093,1091,1090
1084,1081,1080
1084,1086,1085
1083,1082,1084
1084,1082,1081
1074,1073,1057
1075,1074,1076
886,1077,1076
1080,1086,1084
1072,1071,1070
1067,1066,1065
1065,1068,1067
1069,1060,1072
1069,1072,1070
1068,1061,1069
1062,1064,1063
1064,1062,1068
1068,1065,1064
1073,1072,1059
1068,1062,1061
1120,1104,1100
1057,1076,1074
1060,1059,1072
1057,1073,1058
1060,1069,1061
1058,1073,1059
1055,886,1076
1054,1053,1055
1055,1057,1056
1055,1076,1057
1046,1044,1043
1044,1046,1045
1046,1043,1047
1047,1043,1042
1035,1049,1048
1042,1041,1040
1042,1048,1047
1048,1042,1036
1049,979,1050
1042,1040,1037
1051,960,1052
1033,982,980
1050,979,1051
1035,1034,980
983,982,1033
1035,979,1049
980,979,1035
977,979,978
1051,979,962
980,982,981
1053,1052,933
1040,1038,1037
1036,1042,1037
1036,1035,1048
984,983,985
986,985,987
987,990,988
985,1033,991
985,991,987
1033,985,983
1033,980,1034
1038,1040,1039
1053,886,1055
1032,1031,1030
1030,1029,1028
1032,1030,995
1024,1030,1028
993,992,995
992,1032,995
1024,995,1030
1028,1025,1024
1025,1027,1026
1028,1027,1025
996,995,1024
1032,992,991
1024,1023,1011
1022,1021,1020
1023,1022,1018
1019,1022,1020
1014,1016,1015
1016,1014,1023
1018,1017,1016
1019,1018,1022
1016,1023,1018
1023,1014,1011
990,987,991
995,994,993
1009,999,998
1000,999,1009
997,996,998
998,996,1010
990,989,988
1010,1009,998
1014,1012,1011
1010,1024,1011
996,1024,1010
1001,1008,1007
1001,1000,1008
1001,1007,1004
1006,1005,1004
1006,1004,1007
1001,1004,1002
1008,1000,1009
1012,1014,1013
991,1033,1032
1143,1142,1144
979,977,976
743,742,741
746,744,748
748,744,743
749,748,750
748,777,750
741,740,738
747,746,748
744,746,745
743,741,665
751,750,756
777,757,756
757,774,758
775,774,757
758,774,771
777,756,750
753,752,751
761,760,759
756,754,751
768,759,771
758,771,759
773,771,774
777,748,743
739,738,740
753,751,754
730,737,736
732,734,733
732,736,735
734,732,735
730,736,732
738,737,708
771,769,768
768,767,759
770,769,771
759,762,761
763,762,764
764,762,765
762,766,765
766,762,767
759,767,762
755,754,756
772,771,773
741,738,669
812,814,813
778,814,780
814,778,816
780,814,812
777,816,778
812,811,791
807,792,809
791,811,809
810,809,811
791,809,792
814,816,815
816,777,743
819,818,820
817,826,818
808,807,809
806,795,792
795,805,796
805,795,806
804,796,805
792,795,794
806,792,807
797,796,798
743,1213,816
776,775,777
780,779,778
783,781,784
784,781,785
782,781,783
780,785,781
791,790,789
780,812,791
780,786,785
787,786,789
789,788,787
789,786,780
780,791,789
794,793,792
777,775,757
1310,743,660
651,650,653
653,652,651
653,639,654
650,649,653
656,655,654
658,657,656
659,658,660
658,1310,660
1310,658,656
661,660,662
662,664,663
664,662,660
660,743,664
666,665,667
668,667,665
669,668,665
665,741,669
664,743,665
654,639,656
671,673,672
671,669,673
670,669,671
680,675,674
677,680,679
677,676,675
677,679,678
675,680,677
674,681,680
681,674,682
683,682,674
683,674,673
684,683,685
673,685,683
687,686,688
689,688,690
690,688,691
688,686,693
686,685,693
669,685,673
669,694,685
710,708,722
724,722,708
720,719,718
720,713,722
720,722,721
717,720,718
706,708,707
708,710,709
713,710,722
713,720,717
708,706,738
729,724,737
728,727,729
694,738,706
729,727,726
723,722,724
726,725,729
724,729,725
724,708,737
669,738,694
692,691,693
685,694,693
700,694,701
691,688,693
700,695,694
697,696,698
698,695,699
695,698,696
699,695,700
705,704,706
713,712,711
717,716,715
711,710,713
714,713,717
701,703,702
706,703,701
706,704,703
714,717,715
701,694,706
729,737,730
730,732,731
816,1213,817
887,924,923
887,886,1053
925,924,1053
926,925,933
1053,933,925
889,887,890
887,891,890
891,887,892
887,889,888
923,917,887
926,928,927
817,1175,833
932,929,926
934,936,935
936,934,938
933,940,934
929,928,926
931,930,929
931,929,932
936,938,937
932,926,933
887,1053,924
892,894,893
894,892,896
896,895,894
902,900,899
896,917,897
887,896,892
917,923,918
923,919,918
923,921,919
903,898,897
920,919,921
903,897,917
910,917,916
911,916,912
899,898,903
916,915,912
915,913,912
887,917,896
922,921,923
910,916,911
964,962,965
967,965,974
967,966,965
968,967,969
965,962,974
960,959,958
963,962,964
960,962,961
960,940,1052
975,974,976
1002,1004,1003
962,979,974
970,969,973
973,972,971
973,971,970
969,974,973
974,969,967
933,1052,940
939,938,940
960,944,941
948,945,944
934,940,938
944,943,941
942,941,943
945,947,946
948,947,945
941,940,960
954,956,955
956,954,958
957,956,958
944,954,950
948,950,949
944,950,948
952,951,950
953,952,954
954,952,950
944,960,954
954,960,958
960,1051,962
976,974,979
820,823,822
820,818,823
832,827,826
829,827,830
823,826,824
818,826,823
829,828,827
821,820,822
826,825,824
830,832,831
832,830,827
833,1175,834
832,826,833
837,836,835
838,835,834
839,838,840
838,837,835
834,844,838
826,817,833
840,842,841
842,840,843
840,844,843
798,800,799
800,798,801
801,803,802
803,801,798
798,804,803
798,796,804
845,844,846
848,847,846
849,846,850
848,846,849
850,846,874
851,872,853
872,851,850
853,872,854
851,853,852
872,850,874
874,846,844
840,838,844
844,834,875
881,834,882
883,882,834
881,879,834
877,876,879
879,878,877
880,879,881
875,834,879
876,875,879
901,900,902
910,903,917
903,902,899
906,903,910
903,905,904
905,903,906
906,908,907
908,906,909
906,910,909
913,915,914
871,854,872
871,870,855
873,872,874
856,870,869
854,871,855
857,862,858
856,862,857
870,856,855
856,869,868
867,863,856
867,866,863
863,866,865
862,856,863
862,859,858
861,860,859
859,862,861
863,865,864
856,868,867
844,875,874
883,834,1175
884,883,885
885,883,1175
886,885,1078
1306,1308,1307
