# Mozambique region 0
426 423
# Outer Vertices
34.958061,-11.572910
34.962009,-11.572900
35.419140,-11.572120
35.476372,-11.598060
35.643600,-11.589450
35.816929,-11.420830
35.933319,-11.430840
36.086369,-11.543060
36.163040,-11.577780
36.185539,-11.704170
36.537209,-11.726950
36.672211,-11.716110
36.824989,-11.570560
37.025822,-11.567230
37.108040,-11.664450
37.286098,-11.704170
37.347210,-11.686670
37.440262,-11.725560
37.791931,-11.561110
37.824711,-11.514720
37.843319,-11.405280
37.868591,-11.326670
38.102211,-11.253340
38.493309,-11.417100
38.672489,-11.270840
38.852772,-11.207220
38.897770,-11.172220
39.256939,-11.170830
39.628319,-10.948060
39.766930,-10.920560
40.165531,-10.671390
40.273869,-10.586670
40.420540,-10.505840
40.435551,-10.480450
40.521099,-10.484170
40.509430,-10.574170
40.569439,-10.597220
40.573318,-10.650000
40.639431,-10.671670
40.646381,-10.698610
40.578602,-10.688610
40.487209,-10.768340
40.494709,-10.796670
40.617489,-10.835840
40.612492,-10.857230
40.503601,-10.941110
40.506378,-11.039450
40.568878,-11.026110
40.561649,-11.066390
40.499439,-11.144450
40.506100,-11.203060
40.352489,-11.326950
40.395821,-11.350000
40.481098,-11.416390
40.425270,-11.565280
40.475552,-11.820280
40.516102,-11.843340
40.478600,-11.906110
40.539150,-11.994450
40.509430,-12.239450
40.451099,-12.254730
40.507771,-12.296390
40.503880,-12.378060
40.562481,-12.399720
40.471371,-12.508890
40.568050,-12.543060
40.569439,-12.652220
40.578320,-12.711110
40.616379,-12.713340
40.646099,-12.773340
40.609440,-12.801950
40.558880,-12.785000
40.556381,-12.854450
40.524990,-12.913890
40.476650,-12.884170
40.413052,-12.939170
40.418320,-12.980280
40.489712,-13.027500
40.513321,-13.001670
40.491650,-12.950000
40.541660,-12.957780
40.596931,-12.985560
40.559158,-13.090280
40.570271,-13.345280
40.525539,-13.515000
40.601940,-13.581950
40.537491,-13.645280
40.637211,-13.951670
40.638321,-14.079170
40.596661,-14.087220
40.622761,-14.125560
40.530540,-14.171670
40.602772,-14.267780
40.668880,-14.190280
40.720268,-14.198060
40.741100,-14.283610
40.680538,-14.367500
40.637489,-14.339720
40.627769,-14.569450
40.666100,-14.537500
40.689991,-14.435840
40.801102,-14.404170
40.825550,-14.431670
40.828041,-14.499450
40.761662,-14.526390
40.766380,-14.551110
40.805271,-14.519730
40.829990,-14.530280
40.839161,-14.803890
40.737770,-14.879170
40.668880,-14.907500
40.641651,-14.866950
40.682209,-14.931390
40.747211,-14.928340
40.773602,-14.998060
40.659988,-14.987220
40.698879,-15.085280
40.534710,-15.123890
40.514431,-15.187230
40.578041,-15.202780
40.627209,-15.155000
40.665821,-15.186670
40.683880,-15.260000
40.543320,-15.534170
40.496658,-15.529170
40.360271,-15.723340
40.058319,-16.001671
40.132210,-16.002781
39.974991,-16.237511
39.879162,-16.241671
39.782211,-16.311670
39.817490,-16.412781
39.857208,-16.430559
39.810822,-16.456949
39.674431,-16.555281
39.267490,-16.779730
39.156380,-16.880840
39.126659,-16.869730
39.127491,-16.933060
39.085819,-16.991671
38.723049,-17.065001
38.664440,-17.029169
38.561100,-17.119169
38.506378,-17.109730
38.497490,-17.144171
38.149429,-17.284451
38.118881,-17.178890
38.130821,-17.253620
38.111370,-17.311390
37.872211,-17.376390
37.730820,-17.473061
37.697491,-17.459169
37.416931,-17.632780
37.283600,-17.690010
36.981098,-18.012779
36.876099,-17.877230
36.820271,-17.904730
36.970268,-18.062780
36.887489,-18.194450
36.834991,-18.178061
36.783600,-18.226120
36.829708,-18.211950
36.597210,-18.467230
36.510540,-18.528900
36.471661,-18.596670
36.384991,-18.695280
36.403320,-18.742229
36.398880,-18.794170
36.280819,-18.776390
36.229988,-18.696390
36.251270,-18.859989
36.131939,-18.903061
36.133041,-18.872780
36.115261,-18.803061
36.007488,-18.919729
35.724991,-19.084730
35.480820,-19.379730
35.254711,-19.588341
34.882210,-19.863621
34.843601,-19.854450
34.811100,-19.776119
34.704990,-19.718060
34.623600,-19.595011
34.556660,-19.581671
34.531651,-19.620560
34.612770,-19.610001
34.774990,-19.820009
34.771931,-19.853621
34.707211,-19.894171
34.776932,-20.148621
34.754162,-20.182510
34.662769,-20.169451
34.741940,-20.235840
34.692490,-20.382780
34.641102,-20.381109
34.656940,-20.428061
34.709991,-20.448059
34.712490,-20.494730
34.664150,-20.540001
34.894428,-20.665560
34.863041,-20.711670
34.949711,-20.693609
34.993599,-20.735001
35.040539,-20.941389
35.113880,-20.930559
35.121101,-20.968620
35.089432,-21.038059
35.061100,-21.093340
35.016380,-21.116949
35.091099,-21.231400
35.045551,-21.255560
35.084148,-21.321671
35.130260,-21.191120
35.111099,-21.340561
35.137489,-21.431669
35.237492,-21.578060
35.338039,-22.106951
35.301929,-22.333340
35.312481,-22.418060
35.401661,-22.485279
35.389431,-22.292509
35.428879,-22.202230
35.447491,-22.118340
35.491940,-22.098339
35.527760,-22.278061
35.485821,-22.632231
35.535259,-22.950279
35.593040,-22.922230
35.558041,-23.023899
35.411652,-23.526951
35.408600,-23.739170
35.384430,-23.747780
35.381378,-23.680281
35.340820,-23.684731
35.368599,-23.713619
35.335819,-23.951120
35.386379,-23.841120
35.463600,-23.890011
35.489159,-23.784731
35.533871,-23.825560
35.475552,-24.133341
35.179440,-24.533621
35.025829,-24.645281
34.484951,-24.855360
33.988602,-25.021950
33.573601,-25.182791
33.219711,-25.292780
33.234711,-25.331390
33.055538,-25.423340
32.808319,-25.616390
32.734711,-25.808340
32.704430,-25.825840
32.689430,-25.884729
32.582211,-25.975281
32.523319,-25.948339
32.478870,-25.971390
32.509708,-25.972509
32.550270,-25.982780
32.626099,-26.075279
32.770821,-26.211950
32.808601,-26.276951
32.878040,-26.278339
32.868038,-26.244450
32.905540,-26.103889
32.953602,-26.090000
32.931931,-26.266121
32.893089,-26.846439
32.333050,-26.860279
32.134220,-26.840570
32.129150,-26.505840
32.072208,-26.393339
32.061100,-26.261391
32.103039,-26.162220
32.089981,-26.009451
31.967739,-25.958179
31.919439,-25.814171
32.019981,-25.650280
31.988319,-25.518061
32.018589,-25.035000
32.016102,-24.459450
31.885830,-24.171120
31.876381,-23.927500
31.769711,-23.856390
31.683599,-23.613621
31.550831,-23.476669
31.561661,-23.186670
31.297630,-22.416140
31.393330,-22.354170
32.410259,-21.311119
32.492168,-21.346460
32.360271,-21.135839
32.521370,-20.914169
32.483601,-20.661671
32.502209,-20.598610
32.550819,-20.555000
32.665821,-20.557230
32.901089,-20.134729
32.953041,-20.036390
33.026649,-20.031120
33.039150,-19.813890
33.059429,-19.780279
32.975811,-19.736670
32.978588,-19.664169
32.953602,-19.648609
32.912762,-19.692499
32.845539,-19.684999
32.850540,-19.493891
32.783039,-19.467779
32.784710,-19.366390
32.852211,-19.286671
32.845261,-19.037230
32.716091,-19.021950
32.699150,-18.944450
32.720261,-18.882780
32.701099,-18.836950
32.817211,-18.779169
32.899990,-18.791109
32.928040,-18.767229
32.949711,-18.690281
32.888321,-18.530560
33.013599,-18.466949
33.001438,-18.405029
33.073040,-18.348890
32.966648,-18.235840
33.001099,-18.183331
32.975811,-18.101391
32.946091,-17.975000
32.974701,-17.923611
32.966091,-17.842230
33.018589,-17.723339
33.043320,-17.613890
32.960270,-17.520840
33.044922,-17.346260
32.968319,-17.147499
32.842480,-16.931110
32.943871,-16.832781
32.982201,-16.708611
32.768501,-16.717819
32.707760,-16.684170
32.708321,-16.607780
32.655258,-16.581390
32.240261,-16.438890
32.062759,-16.449169
31.908051,-16.418329
31.760550,-16.240000
31.423880,-16.161110
31.300831,-16.028620
31.058050,-16.023060
30.984711,-16.059170
30.928600,-16.002230
30.422770,-16.009171
30.413879,-15.633610
30.357771,-15.554720
30.388050,-15.478890
30.358049,-15.330280
30.268330,-15.250840
30.212770,-14.981110
30.845551,-14.763890
31.382210,-14.645000
31.585270,-14.561670
32.077770,-14.388060
33.221802,-14.011100
33.478870,-14.410560
33.549431,-14.442230
33.650539,-14.589450
33.692760,-14.598610
33.707760,-14.500560
33.736370,-14.487500
33.825550,-14.533890
33.932209,-14.475280
34.073879,-14.493890
34.301090,-14.403610
34.388882,-14.397220
34.541100,-14.615560
34.522480,-14.688610
34.566929,-14.787220
34.589710,-15.282780
34.425259,-15.496670
34.443310,-15.547500
34.409981,-15.675830
34.324162,-15.743610
34.260269,-15.807780
34.263599,-15.916390
34.427761,-16.063620
34.410542,-16.205000
34.454151,-16.284170
34.575550,-16.323891
34.594429,-16.404720
34.761929,-16.537230
34.859711,-16.677500
35.049431,-16.823891
35.128319,-16.816950
35.146381,-16.841110
35.139149,-16.951950
35.052479,-17.027229
35.091648,-17.129169
35.290600,-17.135811
35.308041,-17.061390
35.271099,-16.950279
35.304150,-16.846121
35.271370,-16.697220
35.168591,-16.621120
35.137211,-16.550560
35.251659,-16.458611
35.293320,-16.224720
35.411652,-16.124451
35.606091,-16.137230
35.786930,-16.062500
35.867199,-15.419450
35.843578,-15.334220
35.841820,-15.327840
35.800259,-15.177780
35.924160,-14.885560
35.881100,-14.885000
35.877201,-14.656110
35.095261,-13.686110
34.865791,-13.500390
34.862122,-13.497420
34.658039,-13.496390
34.569149,-13.346950
34.529980,-12.758890
34.444431,-12.503340
34.373871,-12.167220
34.614429,-11.763890
34.626091,-11.575830
34.958061,-11.572910
# Triangles
271,270,272
272,270,269
269,268,267
255,272,258
272,269,258
275,274,273
276,275,273
258,257,256
276,273,255
255,273,272
256,255,258
254,276,255
269,267,260
259,269,260
261,266,265
266,261,260
261,265,262
259,258,269
262,265,263
252,251,254
264,263,265
276,254,251
252,254,253
267,266,260
249,251,250
279,281,280
249,278,277
278,246,279
279,245,281
289,285,281
287,286,285
282,281,283
285,283,281
285,289,287
283,285,284
249,277,276
288,287,289
290,289,291
291,198,295
298,296,295
294,292,295
294,293,292
291,289,198
295,292,291
218,289,281
298,297,296
303,305,304
303,306,305
308,307,306
248,278,249
276,251,249
248,247,246
246,245,279
244,233,281
289,210,198
281,245,244
198,200,199
200,198,208
242,235,243
203,202,200
201,200,202
200,208,203
208,198,210
217,214,289
298,295,198
211,210,214
213,211,214
211,213,212
216,215,214
210,289,214
241,235,242
243,233,244
208,206,203
208,207,206
203,206,205
204,203,205
208,210,209
298,300,299
184,300,298
191,194,192
194,298,198
194,191,298
195,194,198
184,298,191
301,300,302
306,302,309
185,184,188
175,395,183
302,184,309
300,184,302
302,306,303
188,184,191
185,188,186
189,188,191
189,191,190
195,197,196
186,188,187
179,178,180
177,182,180
177,180,178
180,182,181
194,193,192
198,197,195
184,183,317
176,182,177
278,248,246
183,182,175
313,312,310
310,312,311
308,306,309
310,309,317
313,310,316
314,313,315
317,316,310
320,319,318
317,183,318
313,316,315
183,322,318
324,323,322
327,325,324
327,326,325
321,320,322
322,320,318
327,324,322
327,322,329
332,331,330
395,332,330
329,395,330
329,328,327
333,332,336
395,329,322
317,309,184
351,350,349
353,351,349
357,349,347
348,347,349
357,347,346
354,356,355
354,353,357
357,353,349
352,351,353
354,357,356
358,357,346
346,359,358
339,338,337
340,364,341
335,334,333
337,336,339
335,333,336
339,381,340
344,359,346
359,344,360
344,346,345
341,344,342
344,343,342
344,341,360
360,341,364
339,336,381
332,385,336
385,384,336
384,383,382
387,386,385
388,387,389
332,387,385
381,364,340
381,380,377
379,378,377
377,376,375
379,377,380
381,377,365
382,381,336
389,387,332
390,394,393
322,183,395
390,393,392
390,389,394
391,390,392
401,400,403
403,402,401
332,394,389
395,394,332
365,364,381
366,365,367
368,367,365
370,368,377
369,368,370
365,377,368
361,360,362
363,362,364
371,373,372
371,370,374
362,360,364
375,374,370
417,416,420
418,417,419
420,416,4
419,417,420
1,421,3
424,423,425
1,425,423
423,421,1
421,420,3
423,422,421
4,416,415
371,374,373
375,370,377
403,400,406
382,336,384
175,396,395
234,233,235
218,281,233
230,232,231
235,237,236
289,218,217
218,225,219
229,232,230
220,219,224
218,229,226
233,229,218
232,229,233
233,243,235
238,237,239
240,237,235
239,237,240
226,229,228
226,228,227
226,225,218
222,221,223
223,221,224
221,220,224
225,224,219
235,241,240
175,182,176
404,403,406
400,399,406
399,398,397
407,406,399
404,406,405
397,407,399
397,156,407
175,173,396
411,410,412
409,408,412
414,413,412
146,412,408
412,410,409
146,408,407
169,396,173
174,173,175
170,172,171
168,167,166
170,173,172
170,169,173
168,165,169
165,168,166
169,165,164
164,163,169
163,162,156
169,163,156
162,161,160
156,397,396
156,396,169
160,156,162
216,214,217
160,159,156
156,159,157
157,159,158
154,153,155
152,151,407
152,407,153
151,150,149
149,148,146
151,149,146
407,155,153
407,151,146
147,146,148
146,145,144
143,142,141
144,143,146
146,143,141
137,141,140
137,140,139
137,135,141
135,137,136
138,137,139
141,130,412
130,141,135
412,146,141
130,134,131
131,134,133
134,130,135
132,131,133
130,129,126
128,127,126
128,126,129
125,124,118
126,118,91
118,124,119
125,118,126
91,412,126
118,117,91
119,121,120
122,119,123
123,119,124
122,121,119
116,115,117
115,112,111
111,117,115
111,110,109
113,112,115
109,108,111
115,114,113
98,117,111
130,126,412
155,407,156
108,98,111
10,9,415
10,414,11
4,415,9
14,11,15
15,11,414
17,16,15
15,414,17
2,1,3
420,4,3
9,7,4
13,12,14
7,9,8
12,11,14
10,415,414
64,75,74
18,76,23
23,76,75
62,64,63
76,17,84
74,66,64
57,27,60
18,17,76
54,27,55
57,60,58
75,64,23
57,55,27
56,55,57
64,60,23
62,60,64
77,76,83
91,17,414
4,6,5
6,4,7
20,19,22
19,18,23
22,19,23
20,22,21
26,25,27
28,27,51
24,23,25
23,27,25
60,27,23
54,52,51
51,29,28
46,49,48
50,49,51
46,30,51
46,51,49
30,46,45
29,51,30
31,30,41
41,35,31
42,41,30
34,33,32
31,35,32
45,42,30
45,44,42
27,54,51
54,53,52
61,60,62
89,91,90
92,91,98
91,89,87
97,92,98
414,412,91
87,89,88
77,83,82
76,84,83
84,17,86
85,84,86
82,78,77
86,91,87
78,82,81
95,92,97
17,91,86
99,104,100
104,99,105
101,100,104
105,107,106
107,105,108
99,98,105
102,104,103
96,95,97
92,95,93
95,94,93
104,102,101
98,108,105
72,71,74
66,74,71
65,64,66
59,58,60
46,48,47
35,34,32
72,74,73
66,71,67
68,71,70
69,68,70
68,67,71
36,35,37
35,41,37
38,37,40
38,40,39
44,43,42
40,37,41
80,78,81
79,78,80
117,98,91
