# Angola region 1
214 211
# Outer Vertices
13.178020,-5.859609
13.341390,-5.890556
13.408050,-5.853889
13.500830,-5.855278
13.980280,-5.835834
14.335550,-5.892501
15.028060,-5.862779
15.705270,-5.858612
16.368320,-5.853056
16.579720,-5.900833
16.600000,-6.012501
16.717489,-6.177223
16.703880,-6.464446
16.841110,-6.799444
16.911940,-6.865556
16.927219,-6.917500
16.959999,-6.985277
16.960819,-7.038890
16.945820,-7.208335
17.025270,-7.308334
17.105551,-7.422223
17.181101,-7.427778
17.146660,-7.469445
17.214439,-7.588613
17.287769,-7.626390
17.284161,-7.699444
17.419720,-7.848057
17.437210,-7.924723
17.543329,-8.021391
17.537220,-8.077223
17.638050,-8.098055
17.740549,-8.061947
17.804991,-8.086390
17.868601,-8.045834
17.922211,-8.046669
18.007219,-8.108057
18.118050,-8.106943
18.111940,-8.078058
18.135269,-8.020834
18.525829,-7.995556
18.531111,-7.930279
18.767771,-7.930555
18.794991,-7.998889
19.373051,-7.996112
19.359159,-7.858056
19.377489,-7.571668
19.471380,-7.568611
19.535830,-7.460000
19.499439,-7.351667
19.504709,-7.143889
19.566380,-7.053056
19.542219,-6.997223
19.631109,-6.996944
20.311380,-6.994723
20.332491,-6.914445
20.631100,-6.914445
20.539989,-7.142223
20.541929,-7.284683
21.103050,-7.282778
21.783600,-7.281668
21.819710,-7.325557
21.846100,-7.452501
21.749439,-7.945001
21.809160,-8.062222
21.937210,-8.443058
21.860270,-8.854723
21.854710,-9.229445
21.790550,-9.405556
21.834990,-9.533613
22.024990,-9.851391
22.147209,-9.911392
22.314440,-10.385840
22.264160,-10.500560
22.303329,-10.537780
22.313049,-10.767220
22.186661,-10.829170
22.165550,-10.873330
22.246099,-11.073060
22.244459,-11.250640
22.483601,-11.130000
22.519711,-11.041950
22.580830,-11.034450
22.723600,-11.093330
22.869160,-11.050560
22.942770,-11.095000
23.108049,-11.091950
23.397490,-10.970280
23.503050,-10.959720
23.850550,-11.027780
23.886101,-11.014720
23.982719,-10.869630
24.062210,-11.421950
24.028610,-11.457780
23.995541,-11.771670
23.974991,-12.200000
24.034990,-12.264170
24.052219,-12.385280
23.914989,-12.669720
23.886940,-12.804720
24.016939,-12.987220
24.020550,-13.006390
23.331659,-13.005840
22.644159,-13.005280
21.998329,-13.004170
21.998529,-13.253500
21.999439,-14.521110
22.000790,-16.170851
22.070829,-16.239170
22.138880,-16.492500
22.248880,-16.570000
23.201660,-17.479719
23.474859,-17.624531
22.837770,-17.747219
21.423599,-18.006670
21.382641,-18.011730
21.242769,-17.938339
20.971661,-17.962500
20.784861,-18.011730
20.393600,-17.887501
20.099720,-17.895559
19.915270,-17.857510
19.755550,-17.897499
19.662491,-17.837231
19.459709,-17.861670
18.916660,-17.815010
18.719709,-17.706949
18.483330,-17.440281
18.407339,-17.386780
17.022499,-17.391939
15.626110,-17.388889
14.218050,-17.386950
14.209310,-17.386780
14.187770,-17.416389
13.980830,-17.424999
13.544720,-17.136669
13.496940,-17.026951
13.374160,-16.968889
12.938880,-17.011391
12.508610,-17.238890
12.451660,-17.253620
12.428330,-17.205561
12.246940,-17.226669
12.123050,-17.148340
11.976940,-17.163610
11.753750,-17.257860
11.755820,-17.206190
11.769440,-16.827511
11.815000,-16.802509
11.786110,-16.183340
11.808330,-15.981950
11.731110,-15.854720
11.741390,-15.819720
11.780550,-15.778610
11.863330,-15.784730
12.015000,-15.569450
12.064720,-15.211940
12.146110,-15.173340
12.341670,-14.390840
12.317220,-14.180840
12.412780,-13.880840
12.489170,-13.879730
12.505830,-13.838340
12.515550,-13.417220
12.640550,-13.339450
12.634160,-13.291950
12.729440,-13.217780
12.966390,-12.952500
12.925550,-12.838060
12.988890,-12.771950
13.192220,-12.598610
13.348890,-12.604720
13.383050,-12.583340
13.513880,-12.364170
13.594160,-12.310560
13.774170,-11.883340
13.781390,-11.498340
13.821390,-11.295830
13.848050,-10.950560
13.723890,-10.758890
13.773330,-10.697230
13.764720,-10.666110
13.525830,-10.405560
13.521110,-10.321110
13.364440,-10.056110
13.327220,-9.901392
13.189440,-9.687225
13.224160,-9.616114
13.143120,-9.336592
12.984720,-9.075001
13.018890,-8.983614
13.137780,-8.872223
13.000550,-9.054726
13.018610,-9.086391
13.217500,-8.782780
13.240270,-8.798058
13.360280,-8.768335
13.387500,-8.740278
13.408610,-8.653334
13.345000,-8.469723
13.381660,-8.450836
13.373890,-8.336946
13.123890,-7.868056
12.843050,-7.173335
12.834720,-6.913612
12.622770,-6.726111
12.518890,-6.581944
12.247500,-6.109168
12.254160,-6.078334
12.310830,-6.055278
12.283890,-6.121945
12.831390,-6.005000
12.985000,-5.882778
13.097500,-5.897779
13.178020,-5.859609
# Triangles
143,146,145
149,137,154
150,149,153
145,144,143
140,139,138
147,143,142
143,147,146
142,140,147
141,140,142
148,137,149
137,148,147
147,140,137
151,153,152
153,151,150
154,156,155
136,156,154
153,149,154
159,158,160
160,158,157
135,161,160
163,162,161
157,156,136
160,157,135
137,140,138
129,161,135
135,157,136
165,163,161
161,166,165
161,171,166
136,154,137
133,132,131
131,130,135
131,134,133
129,135,130
161,129,171
131,135,134
173,129,128
166,168,167
168,166,170
168,170,169
173,172,171
171,129,173
170,166,171
174,176,175
176,30,177
29,196,180
177,179,178
180,179,29
29,179,177
173,128,174
176,174,30
164,163,165
188,192,191
192,188,187
188,191,189
189,191,190
195,194,187
185,184,186
195,187,186
193,192,194
192,187,194
196,186,184
201,5,202
205,209,206
205,210,209
209,207,206
207,209,208
205,204,210
212,210,203
203,210,204
5,203,202
212,211,210
1,213,212
212,203,1
203,3,1
186,196,195
184,183,182
20,197,23
18,200,199
199,198,197
18,199,197
184,182,196
200,5,201
181,180,182
197,196,27
20,19,197
18,6,200
17,13,18
197,19,18
180,196,182
16,15,17
18,7,6
8,7,12
5,4,203
203,4,3
6,5,200
2,1,3
13,15,14
7,18,13
10,9,8
12,11,10
10,8,12
13,12,7
17,15,13
174,128,127
122,121,120
125,124,126
123,126,124
122,126,123
106,122,120
115,114,113
119,118,120
118,116,106
117,116,118
106,120,118
113,108,115
115,108,116
127,126,106
126,122,106
127,106,105
104,103,174
104,127,105
78,103,102
103,35,174
108,107,106
106,116,108
36,103,76
78,77,76
103,78,76
113,109,108
69,76,75
113,112,109
112,111,110
101,84,102
100,98,101
97,101,98
82,78,102
99,98,100
101,94,84
96,95,94
94,97,96
94,101,97
85,94,93
82,79,78
84,94,85
82,84,83
79,82,81
80,79,81
102,84,82
88,92,91
92,88,87
88,91,89
86,92,87
90,89,91
92,86,85
92,85,93
109,112,110
177,30,29
32,30,35
31,30,32
32,34,33
29,28,27
35,103,36
37,36,38
39,38,36
76,43,42
36,76,42
35,34,32
35,30,174
42,39,36
25,27,26
197,27,25
22,21,20
24,23,25
20,23,22
23,197,25
39,41,40
39,42,41
45,44,46
44,43,46
43,57,46
196,29,27
65,43,67
67,66,65
62,65,63
57,43,65
63,65,64
57,65,62
75,73,72
72,69,75
71,70,69
69,72,71
69,68,76
43,68,67
48,50,49
48,47,52
48,52,50
52,51,50
54,53,56
52,47,53
47,57,53
57,62,58
47,46,57
59,61,60
56,55,54
59,58,61
57,56,53
61,58,62
76,68,43
74,73,75
104,174,127
