# Angola region 0
30 27
# Outer Vertices
12.010070,-5.020615
12.166390,-4.895835
12.206380,-4.758889
12.292220,-4.793612
12.412780,-4.602500
12.650000,-4.559445
12.664440,-4.521667
12.780830,-4.388889
12.895830,-4.415277
12.922220,-4.485277
13.091050,-4.633072
13.082500,-4.670000
12.825550,-4.735557
12.708050,-4.918611
12.462050,-5.092357
12.538890,-5.120833
12.526660,-5.724167
12.283890,-5.734446
12.209660,-5.770905
12.155000,-5.681667
12.154160,-5.605279
12.178050,-5.541390
12.223890,-5.534723
12.228610,-5.476945
12.105000,-5.166945
12.019720,-5.045280
12.045830,-5.028335
12.066660,-5.049723
12.114440,-5.015278
12.010070,-5.020615
# Triangles
22,20,17
20,22,21
19,17,20
16,23,22
17,19,18
14,28,24
26,25,27
1,29,28
28,27,24
3,2,1
1,28,14
25,24,27
14,24,23
14,3,1
23,15,14
3,14,13
17,16,22
15,23,16
13,4,3
5,13,12
4,13,5
9,7,6
5,12,6
11,10,9
9,8,7
6,12,9
11,9,12
