# Jordan region 0
100 97
# Outer Vertices
35.000851,31.985580
34.985821,32.132481
35.079990,32.470539
35.222759,32.551929
35.412201,32.500820
35.432209,32.416100
35.552929,32.393791
35.563320,32.441090
35.554150,32.521381
35.563599,32.651920
35.633450,32.686508
35.793598,32.744148
35.939980,32.699162
36.080269,32.538879
36.324989,32.451099
36.400261,32.381939
36.674709,32.343601
36.837761,32.313599
37.098591,32.470268
37.367489,32.618038
37.636101,32.763882
37.906368,32.909431
38.177761,33.053871
38.449711,33.197479
38.722759,33.340542
38.794552,33.377232
38.797489,33.371651
38.899712,33.144711
39.001381,32.917759
39.102211,32.691650
39.202770,32.464432
39.303082,32.237339
39.275822,32.216648
39.004990,32.005550
38.860821,31.970551
38.594429,31.905270
38.328320,31.839439
38.062481,31.773050
37.798870,31.707211
37.533871,31.640551
37.269428,31.573330
37.005260,31.505550
37.098042,31.413330
37.326382,31.186100
37.551929,30.960270
37.776932,30.732210
38.001381,30.504169
37.930820,30.468599
37.667488,30.336380
37.619980,30.240271
37.510540,30.018049
37.262211,29.959160
37.002769,29.912210
36.743599,29.864719
36.698589,29.798050
36.549160,29.575270
36.328041,29.377220
36.069981,29.188881
35.988880,29.201929
35.732479,29.242491
35.475811,29.282490
35.218868,29.321939
34.960960,29.362431
34.960819,29.364990
35.004990,29.530830
34.981411,29.544571
34.979980,29.546110
34.961922,29.551100
34.965542,29.562490
34.973400,29.585520
35.166931,30.151661
35.140541,30.239710
35.181931,30.366940
35.157269,30.415661
35.200260,30.567770
35.284710,30.718599
35.337761,30.886940
35.392208,30.943331
35.441792,31.089331
35.462200,31.149441
35.417191,31.234671
35.399429,31.268330
35.431881,31.323191
35.465820,31.380550
35.478649,31.497829
35.395920,31.491739
35.394711,31.491659
35.320271,31.439159
35.138599,31.361940
34.904148,31.363609
34.884430,31.404711
34.953602,31.594721
35.020260,31.658051
35.226372,31.747770
35.219978,31.808331
35.108921,31.833420
34.971088,31.824711
34.963322,31.858891
35.030540,31.883881
35.000851,31.985580
# Triangles
61,64,63
69,66,65
69,65,64
63,62,61
67,66,68
68,66,69
64,70,69
70,72,71
64,60,70
74,72,75
60,64,61
54,72,70
72,74,73
76,75,77
53,75,72
53,77,75
81,80,82
80,79,82
41,79,78
82,79,83
78,77,53
41,83,79
89,88,90
91,88,92
90,88,91
99,95,94
1,99,94
98,97,96
2,1,5
95,99,98
96,95,98
1,94,5
93,87,86
87,93,92
93,86,85
41,84,83
85,84,93
87,92,88
84,6,94
3,5,4
3,2,5
13,7,6
10,9,8
8,7,11
94,6,5
15,6,84
93,84,94
59,70,60
58,57,56
59,58,56
54,70,55
70,56,55
54,53,72
78,42,41
43,42,53
78,53,42
53,52,43
51,44,52
41,40,17
15,84,41
44,49,48
49,44,51
45,47,46
47,45,48
45,44,48
43,52,44
38,37,20
36,35,21
37,36,21
39,38,19
49,51,50
40,39,18
13,15,14
7,13,12
16,15,41
18,39,19
17,16,41
8,11,10
12,11,7
38,20,19
20,37,21
40,18,17
6,15,13
29,34,30
30,34,33
29,22,35
30,32,31
32,30,33
23,27,24
28,23,22
26,24,27
25,24,26
27,23,28
22,29,28
22,21,35
35,34,29
59,56,70
