# Norway region 6
24 21
# Outer Vertices
19.084440,69.801086
18.955280,69.870247
18.738050,69.920807
18.721109,69.939972
18.791389,69.954422
18.931110,69.962753
18.853331,69.977203
18.829170,70.000259
19.025551,70.036926
19.071390,70.012482
19.117220,70.024139
19.063610,70.068314
19.316389,70.081917
19.288891,70.040817
19.394171,69.988861
19.486940,70.047760
19.561661,70.048027
19.571659,69.994141
19.651939,70.020248
19.691940,69.994713
19.681391,69.975807
19.430000,69.862762
19.395000,69.827759
19.084440,69.801086
# Triangles
3,2,4
2,1,4
1,23,9
1,5,4
7,6,5
7,5,8
9,8,5
5,1,9
23,10,9
14,22,21
22,14,13
14,21,17
18,17,20
20,17,21
18,20,19
14,17,15
10,13,12
23,13,10
10,12,11
17,16,15
13,23,22
