# Norway region 15
27 24
# Outer Vertices
14.210550,68.166924
14.201940,68.200256
14.330280,68.260803
14.295000,68.281082
14.317220,68.315262
14.483060,68.295807
14.483610,68.328033
14.383890,68.367203
14.639720,68.425537
14.695830,68.374969
14.706390,68.422470
14.785280,68.424698
14.828050,68.400253
14.752220,68.351639
14.878610,68.373032
14.895830,68.428864
15.158610,68.452477
15.114170,68.411087
14.781940,68.260246
14.721390,68.251923
14.738610,68.331650
14.696940,68.316360
14.692780,68.281647
14.624720,68.258591
14.669720,68.246368
14.383610,68.179703
14.210550,68.166924
# Triangles
1,26,2
2,26,25
25,24,23
2,25,5
5,25,23
5,4,2
4,3,2
23,6,5
6,8,7
6,23,8
23,22,21
21,8,23
20,19,18
9,21,20
13,18,14
18,13,20
14,18,17
9,20,13
13,10,9
13,11,10
11,13,12
16,15,17
17,15,14
21,9,8
