# Norway region 9
46 43
# Outer Vertices
22.175280,70.466637
22.138330,70.477753
22.238890,70.577477
22.330280,70.610809
22.022779,70.629433
21.951389,70.640808
21.960550,70.657761
22.231939,70.632477
22.240280,70.664429
22.412220,70.624420
22.373051,70.690811
22.399170,70.711639
22.481110,70.672470
22.520830,70.711906
22.656111,70.683594
22.592779,70.644417
22.805269,70.640533
22.762220,70.706093
22.717779,70.736359
22.805550,70.760246
22.963610,70.658859
23.174440,70.728317
23.070271,70.803864
23.163059,70.822746
23.282780,70.771927
23.348049,70.789139
23.314159,70.853867
23.431660,70.831093
23.481939,70.791924
23.390270,70.781082
23.454439,70.764687
23.252781,70.691093
23.060280,70.624969
23.116659,70.603027
23.077221,70.578033
22.992220,70.599426
23.009720,70.573029
22.784161,70.519699
22.656389,70.563873
22.572781,70.498306
22.505280,70.528870
22.340549,70.490250
22.290831,70.499153
22.310829,70.529984
22.269440,70.529137
22.175280,70.466637
# Triangles
1,45,2
43,2,44
44,2,45
9,40,12
41,40,9
43,9,3
9,43,41
43,3,2
40,39,15
41,43,42
3,7,4
4,6,5
4,7,6
3,8,7
13,12,15
3,9,8
16,15,38
13,15,14
11,10,9
12,11,9
40,15,12
15,39,38
38,37,16
19,17,16
35,20,16
20,19,16
16,37,35
36,35,37
35,34,32
33,32,34
32,21,20
35,32,20
31,21,32
17,19,18
21,23,22
23,21,24
31,24,21
31,25,24
31,29,25
25,29,27
25,27,26
29,28,27
30,29,31
