# Norway region 10
24 21
# Outer Vertices
23.156389,70.274406
23.082781,70.288857
23.070271,70.308868
23.136391,70.384140
23.115549,70.393593
23.053890,70.340813
22.878611,70.394150
22.961670,70.416092
22.892500,70.442200
23.096390,70.515533
23.223049,70.515533
23.178610,70.544693
23.253889,70.535812
23.262779,70.472473
23.324169,70.523857
23.406670,70.555252
23.530001,70.538040
23.387779,70.610260
23.468330,70.621643
23.591940,70.583038
23.579170,70.520248
23.656940,70.466370
23.643890,70.438309
23.156389,70.274406
# Triangles
1,23,3
10,9,3
1,3,2
6,5,7
8,7,9
4,3,9
4,9,7
5,4,7
3,23,13
12,10,13
13,10,3
14,13,22
20,22,21
14,22,16
13,23,22
16,22,20
18,16,19
18,17,16
19,16,20
14,16,15
10,12,11
