# Norway region 19
45 42
# Outer Vertices
15.059170,68.572479
14.810560,68.616928
14.965560,68.661362
15.157780,68.694977
15.150000,68.749153
14.996670,68.761917
15.066110,68.743874
14.996390,68.698303
14.678330,68.707474
14.620280,68.622757
14.448610,68.604141
14.408610,68.635246
14.371110,68.683594
14.539160,68.731918
14.438610,68.753860
14.520000,68.801361
14.551390,68.798576
14.562780,68.748581
14.642780,68.784973
14.607780,68.799973
14.621670,68.823303
14.676670,68.825256
14.673610,68.758591
14.902220,68.754433
14.950550,68.806091
14.905280,68.841919
14.951670,68.860527
15.001390,68.796371
15.039720,68.847473
15.148610,68.812187
15.119170,68.855263
15.011670,68.941360
15.011670,68.970810
15.087780,69.008034
15.144440,69.008324
15.238610,68.908310
15.293050,68.912201
15.237780,68.823868
15.375280,68.849426
15.356390,68.803864
15.273890,68.758034
15.368610,68.740250
15.401390,68.718872
15.395830,68.676651
15.059170,68.572479
# Triangles
11,10,13
13,12,11
15,14,13
10,9,13
2,1,0
18,17,8
8,17,9
23,8,7
3,2,0
9,17,13
15,13,17
20,19,18
18,21,20
16,15,17
23,22,8
5,24,23
26,25,24
26,24,27
22,21,18
22,18,8
5,23,7
6,5,7
5,4,27
40,3,43
43,3,0
41,43,42
41,40,43
40,37,4
40,4,3
39,37,40
4,28,27
31,33,32
33,31,30
30,34,33
35,29,37
37,29,4
39,38,37
34,30,35
36,35,37
35,30,29
28,4,29
27,24,5
