# Norway region 8
26 23
# Outer Vertices
25.551941,70.923859
25.416660,70.982193
25.560829,71.007202
25.462780,71.025253
25.326111,71.006638
25.294439,71.042213
25.550280,71.096916
25.718611,71.047760
25.687500,71.091370
25.552219,71.140259
25.784719,71.154694
25.806660,71.148323
25.781940,71.103317
26.019440,71.118317
26.032221,71.078873
25.887501,71.044983
25.965830,71.031082
25.928329,71.004433
26.056110,70.996643
26.167500,71.042763
26.218889,71.038589
26.200279,71.005249
25.833330,70.958313
25.738331,70.974983
25.741110,70.947746
25.551941,70.923859
# Triangles
1,25,2
25,23,2
23,25,24
2,23,7
5,3,6
3,5,4
3,2,6
2,7,6
8,7,12
9,8,10
23,12,7
15,22,17
17,22,18
15,17,16
19,18,21
21,18,22
20,19,21
12,11,10
12,15,13
12,10,8
13,15,14
12,22,15
22,12,23
