# Norway region 18
28 25
# Outer Vertices
18.190550,69.529984
17.999439,69.583313
18.031940,69.627762
18.268610,69.619141
18.320000,69.609154
18.399719,69.636093
18.291941,69.632751
18.187771,69.701370
18.632219,69.689697
18.351669,69.723312
18.342501,69.782761
18.476940,69.776917
18.484440,69.744423
18.546391,69.796921
18.650000,69.799423
18.646391,69.726357
18.709721,69.684143
18.784439,69.773590
18.661940,69.861076
18.693050,69.884407
18.995831,69.824982
19.057779,69.787201
19.059719,69.759407
18.794170,69.671921
18.789721,69.629433
18.846390,69.603867
18.762220,69.562759
18.190550,69.529984
# Triangles
1,27,2
2,27,3
4,3,27
4,26,5
6,5,7
10,9,11
12,11,9
13,12,8
8,12,9
5,8,7
4,27,26
8,16,15
16,8,26
15,14,13
26,25,24
23,16,24
24,16,26
8,5,26
17,16,23
18,17,19
23,20,17
23,22,20
21,20,22
17,20,19
15,13,8
