# Norway region 4
62 59
# Outer Vertices
17.040831,69.011368
17.136110,69.069702
16.956110,69.067749
16.811661,69.049698
16.767500,69.090263
16.801390,69.116364
17.045280,69.128860
17.173889,69.195824
16.895550,69.192467
16.875830,69.221359
17.122780,69.246368
16.896660,69.299698
17.046671,69.317467
17.115829,69.326103
17.085550,69.357193
16.876110,69.356087
17.025551,69.397751
17.384720,69.360809
17.377769,69.381088
17.285271,69.410812
17.480829,69.419693
17.481670,69.430252
17.261110,69.444427
17.186939,69.490807
17.212780,69.500259
17.379721,69.473587
17.301670,69.526093
17.401939,69.523033
17.590000,69.455261
17.610830,69.474701
17.459440,69.564697
17.469170,69.597748
17.538610,69.580811
17.625549,69.503036
17.696390,69.512756
17.652220,69.588593
17.693050,69.594971
17.747780,69.538589
17.829439,69.588028
17.888611,69.547470
17.822500,69.461357
17.845551,69.444702
17.948330,69.522751
18.053049,69.490807
17.943050,69.426086
18.002781,69.404984
18.019720,69.441650
18.074169,69.430817
18.100830,69.358032
17.917500,69.325531
17.921110,69.286636
17.968611,69.256638
17.875830,69.239700
18.005550,69.196373
17.901390,69.168030
17.485279,69.151093
17.525829,69.195534
17.469440,69.200256
17.173330,69.066650
17.186939,69.044693
17.201389,69.023857
17.040831,69.011368
# Triangles
5,4,3
5,3,2
9,8,10
2,6,5
1,59,58
60,59,1
61,60,1
7,58,57
12,11,10
1,7,6
7,1,58
2,1,6
10,7,13
7,57,17
7,10,8
13,12,10
13,17,14
15,14,16
13,7,17
23,22,24
14,17,16
19,18,20
26,25,27
27,21,28
21,27,25
18,17,20
25,24,22
55,54,56
56,54,52
22,21,25
57,56,20
56,52,28
21,20,28
20,56,28
53,52,54
50,49,52
51,50,52
44,49,45
48,47,45
48,45,49
41,49,44
49,41,52
47,46,45
30,29,32
34,29,40
34,33,29
29,28,40
32,29,33
30,32,31
36,35,34
34,37,36
40,28,52
44,42,41
42,44,43
37,40,38
38,40,39
40,37,34
52,41,40
20,17,57
