# Norway region 20
116 113
# Outer Vertices
28.015240,70.069366
28.133610,70.082474
28.232220,70.165527
28.197220,70.259979
28.246111,70.412201
28.322500,70.436371
28.331940,70.474136
28.454439,70.488861
28.466110,70.453873
28.509159,70.444138
28.556660,70.504967
28.395000,70.547470
28.509159,70.675262
28.626110,70.677467
28.522221,70.720810
28.674440,70.814972
28.853889,70.880539
29.100559,70.873306
29.400551,70.774979
29.296659,70.740540
29.330000,70.707474
29.452221,70.694427
29.677219,70.743027
29.781660,70.731644
29.776661,70.674149
29.738890,70.647476
29.689440,70.613586
29.835550,70.635529
29.967220,70.706360
30.101940,70.709137
30.202770,70.669983
30.099440,70.640533
30.338329,70.605530
30.341660,70.591370
30.152769,70.528587
30.449440,70.556374
30.597219,70.537750
30.805269,70.409416
30.943890,70.449692
31.064159,70.361649
31.015551,70.333038
31.045561,70.311081
31.063330,70.280258
30.523050,70.240540
30.350000,70.168030
30.384720,70.147476
30.343611,70.121643
30.143610,70.085533
30.157499,70.066360
29.780550,70.066933
28.731939,70.177467
28.594721,70.163857
28.753889,70.156372
28.612499,70.107758
28.743891,70.097748
29.684170,69.966919
29.405270,69.868027
29.422779,69.852753
29.536390,69.909416
29.732220,69.909698
29.767460,69.833023
29.523890,69.702187
29.522499,69.682213
29.499720,69.657204
29.664721,69.731644
30.064159,69.768044
29.958879,69.711639
29.941669,69.686653
30.072220,69.739151
30.121111,69.699982
30.188890,69.692467
30.114441,69.754967
30.206940,69.766083
30.206390,69.785812
30.158051,69.805252
30.178049,69.877197
30.308611,69.878593
30.402769,69.822479
30.418329,69.700531
30.396660,69.679138
30.411390,69.665527
30.452221,69.688583
30.450550,69.773033
30.468330,69.814423
30.649719,69.809982
30.724440,69.768044
30.784550,69.791367
30.858959,69.789658
30.954720,69.681351
30.950270,69.603577
30.910000,69.548859
30.796940,69.530258
30.511391,69.549133
30.188330,69.666924
30.083891,69.656357
30.072769,69.631073
30.142771,69.628304
30.176380,69.566071
30.029160,69.476639
29.309999,69.315247
29.309940,69.299423
29.309740,69.235382
29.309719,69.227188
29.230551,69.101913
29.087500,69.033859
29.011110,69.034409
28.964769,69.051910
28.786940,69.119133
28.781670,69.149696
28.826941,69.238022
29.285549,69.463593
29.294720,69.495239
29.098881,69.708023
28.379721,69.827469
28.094160,69.938568
28.015240,70.069366
# Triangles
108,107,109
109,107,106
105,104,106
104,109,106
109,104,103
110,109,99
115,114,1
1,114,113
99,111,110
2,1,113
111,57,112
112,54,113
100,109,103
63,98,64
101,100,103
102,101,103
63,57,111
63,99,98
62,61,63
57,63,61
100,99,109
56,112,57
57,61,58
60,59,58
66,64,67
61,60,58
63,111,99
26,21,49
4,3,5
5,3,2
10,9,50
51,5,2
8,51,9
51,8,5
50,9,51
51,2,53
2,113,53
7,6,8
12,11,10
12,10,13
6,5,8
10,50,13
52,51,53
17,13,50
20,19,50
54,112,56
26,25,22
20,49,21
22,25,24
13,16,15
19,17,50
16,13,17
19,18,17
56,55,54
21,26,22
50,49,20
24,23,22
13,15,14
53,113,54
67,98,95
64,66,65
95,98,97
67,95,94
94,68,67
96,95,97
69,94,93
68,94,69
71,70,72
93,70,69
93,79,70
93,92,80
70,79,72
81,80,92
91,90,89
89,88,91
85,92,91
88,87,91
73,72,76
77,72,79
77,79,78
85,84,92
84,81,92
86,85,91
87,86,91
81,84,82
73,75,74
93,80,79
49,47,34
34,44,35
49,34,27
75,73,76
34,47,44
47,49,48
34,33,32
28,27,31
32,31,34
31,27,34
30,29,31
31,29,28
27,26,49
46,45,44
46,44,47
84,83,82
44,43,35
38,37,40
35,43,36
43,37,36
42,41,40
40,39,38
42,40,37
42,37,43
72,77,76
67,64,98
