# Norway region 16
65 62
# Outer Vertices
14.985000,68.263031
15.000000,68.303040
15.229440,68.449692
15.335830,68.485260
15.181670,68.522202
15.222780,68.560532
15.451940,68.552467
15.438060,68.615807
15.631940,68.605797
15.458330,68.656921
15.435560,68.703873
15.451670,68.729980
15.713610,68.698593
15.645550,68.739151
15.509160,68.736359
15.454720,68.756927
15.459440,68.808296
15.638610,68.818039
15.553610,68.843033
15.569170,68.878036
15.636110,68.946640
15.886940,68.963593
15.911660,68.951920
15.875830,68.792213
15.763330,68.732758
15.939720,68.785538
15.984440,68.744980
15.863890,68.646927
15.773610,68.626373
15.739440,68.526093
15.808610,68.554428
15.812500,68.606644
15.976390,68.665817
16.073330,68.633591
16.083050,68.677467
16.037781,68.696373
16.067221,68.727753
16.203609,68.729980
16.206390,68.754967
16.096390,68.792763
16.087219,68.813873
16.178890,68.851639
16.292770,68.837479
16.243050,68.898590
16.553329,68.821640
16.492500,68.787750
16.555830,68.773857
16.528610,68.721077
16.573610,68.702187
16.507500,68.557480
16.099440,68.534149
15.960280,68.380814
15.883330,68.362198
15.869720,68.399406
15.864440,68.462196
15.855550,68.431923
15.778610,68.434418
15.599720,68.307480
15.426110,68.333588
15.335000,68.326103
15.340830,68.343872
15.611390,68.473312
15.542220,68.507477
15.559170,68.472198
14.985000,68.263031
# Triangles
2,64,63
60,59,58
3,5,4
2,1,64
5,3,6
58,57,61
6,3,63
61,60,58
61,57,56
62,8,7
62,6,63
62,61,8
29,61,56
29,8,61
2,63,3
9,8,11
9,11,10
11,8,12
16,15,14
17,14,13
17,16,14
6,62,7
12,8,28
24,28,27
28,24,12
8,29,28
12,24,13
20,19,17
13,24,17
17,19,18
20,17,23
17,24,23
29,56,30
52,51,53
54,53,51
54,32,30
30,32,31
56,54,30
25,24,27
54,51,50
54,56,55
33,32,50
34,33,37
32,54,50
33,50,37
36,35,34
50,49,37
49,48,47
47,37,49
26,25,27
21,23,22
40,39,41
21,20,23
38,41,39
42,38,37
45,37,47
47,46,45
42,37,45
42,44,43
44,42,45
41,38,42
36,34,37
