# Norway region 21
1606 1603
# Outer Vertices
10.904170,63.894161
11.026670,63.875542
11.077220,63.837490
10.955830,63.753880
10.047780,63.496101
9.919722,63.506378
9.792221,63.668598
10.046670,63.737209
10.086110,63.763882
9.539444,63.662769
9.558054,63.723598
9.778889,63.770260
9.543888,63.763599
9.582499,63.787491
10.151110,63.939430
9.994444,63.925541
9.952221,63.926929
10.084440,63.956661
10.120000,63.985271
9.934444,63.956100
9.994444,64.013603
9.995832,64.101639
10.030000,64.111649
10.103050,64.086090
10.220280,64.116364
10.108610,64.121094
10.175280,64.164139
10.180560,64.197197
10.376670,64.191650
10.251110,64.241638
10.491660,64.293297
10.447220,64.324142
10.505280,64.367477
10.603610,64.340263
10.651940,64.358032
10.460550,64.403030
10.512220,64.428307
10.631110,64.393044
10.620000,64.445534
10.762220,64.379967
10.853050,64.372482
10.791390,64.438026
10.682780,64.434692
10.668330,64.452187
10.839440,64.465530
10.814440,64.507751
10.897220,64.469971
10.966390,64.503036
10.915550,64.578583
10.972220,64.601357
11.186390,64.473038
11.163060,64.443039
11.257500,64.452477
11.337780,64.429703
11.328050,64.398323
11.235550,64.330544
11.408610,64.446091
11.655550,64.473312
11.438610,64.464981
11.470550,64.511093
11.567780,64.533310
11.768330,64.594147
11.635000,64.582474
11.614720,64.621094
11.554440,64.598862
11.595000,64.583862
11.546390,64.563026
11.501670,64.575531
11.392500,64.673309
11.403050,64.707474
11.618060,64.734154
11.551670,64.761642
11.631940,64.773033
11.838610,64.796921
11.671110,64.834702
11.658050,64.844971
12.095280,64.958313
12.190550,64.933868
12.205830,64.949692
12.073890,64.972748
11.893610,64.939697
11.375830,64.745796
11.235550,64.734154
11.353890,64.764420
11.422220,64.811371
11.257780,64.812759
11.257220,64.832199
11.649170,64.888603
11.691670,64.908577
11.246390,64.855797
11.306390,64.886642
11.562780,64.899979
11.833610,64.982193
11.810280,65.011368
11.975000,65.065811
12.155830,65.035248
12.174170,64.992477
12.207500,65.003036
12.192780,65.047203
12.626110,65.123032
12.875560,65.279137
12.688060,65.198593
12.465830,65.133324
12.366660,65.153313
12.496940,65.193314
12.408610,65.229980
12.704440,65.252472
12.423610,65.272202
12.271670,65.227203
12.262220,65.243874
12.461110,65.317200
12.415550,65.329971
12.508610,65.365807
12.658890,65.320251
12.686670,65.332474
12.645280,65.355797
12.562500,65.358307
12.481110,65.443314
12.565000,65.443863
12.567780,65.414429
12.658890,65.407204
12.648890,65.444138
12.774720,65.458313
12.589170,65.482483
12.565830,65.515533
12.618060,65.525253
12.568050,65.586357
12.531110,65.516922
12.425550,65.526917
12.389170,65.551933
12.416390,65.590813
12.355550,65.590263
12.374170,65.656647
12.525000,65.728027
12.585550,65.704147
12.615280,65.646637
12.716110,65.636093
12.789440,65.642761
12.661390,65.661926
12.553610,65.755539
12.623610,65.798576
12.715830,65.786636
12.691110,65.838318
12.620280,65.821640
12.609170,65.842758
12.699170,65.933029
12.841390,65.966087
13.133890,65.865807
13.177780,65.855797
13.121940,65.940262
12.931940,65.974983
12.926940,65.989151
13.040280,66.078033
12.728330,66.038589
12.673890,66.066933
12.778610,66.107758
12.990280,66.135529
13.311940,66.220810
13.573890,66.230530
13.580550,66.179977
13.537780,66.138870
13.549720,66.100540
13.642770,66.154694
13.781110,66.155807
13.635000,66.181923
13.679720,66.231918
13.994440,66.243027
14.145830,66.327477
14.107500,66.335533
13.900830,66.266922
13.748060,66.291367
13.719440,66.252197
13.600280,66.240540
13.594440,66.264137
13.577780,66.281921
13.049440,66.176361
13.029440,66.196373
13.216110,66.274979
13.505280,66.295807
13.533050,66.308594
13.300280,66.371918
13.326940,66.318039
13.192220,66.293297
13.023330,66.322197
13.000280,66.351357
13.171390,66.406082
13.146390,66.439697
12.970000,66.518311
13.087220,66.536636
13.213610,66.507202
13.227220,66.449982
13.266670,66.461357
13.261390,66.517471
13.346390,66.536926
13.668330,66.511642
13.481110,66.553864
13.580550,66.598862
13.277500,66.539978
13.203050,66.559418
13.247780,66.609421
13.404720,66.619423
13.197220,66.640533
13.195830,66.663040
13.476110,66.647751
13.265550,66.700256
13.279170,66.721077
13.461110,66.709137
13.758050,66.710533
13.887780,66.733307
13.562140,66.715042
13.539720,66.736923
13.565280,66.755539
13.754440,66.756088
13.568330,66.771362
13.990830,66.786926
13.793330,66.809418
13.693050,66.856369
13.542220,66.894150
13.555830,66.930252
13.948060,66.992752
13.970000,66.982193
13.890270,66.950813
13.956940,66.920258
14.047220,66.983307
14.017780,67.021637
14.066110,67.053864
14.122500,66.980263
14.131390,66.948303
14.226940,66.978027
14.257500,67.057480
14.539160,67.042763
14.553050,67.011093
14.596670,67.035812
14.574440,67.053589
14.456670,67.061920
14.303330,67.091370
14.321110,67.141922
14.448330,67.164429
14.428890,67.137756
14.428330,67.105797
14.481670,67.150818
14.753050,67.138603
14.712500,67.163040
14.555560,67.174423
14.574170,67.194702
14.980000,67.209427
14.891390,67.146088
14.960000,67.105263
15.008610,67.101929
14.944720,67.155533
15.076110,67.210251
15.393050,67.150818
15.381670,67.092758
15.495550,67.065262
15.440000,67.093872
15.471940,67.160812
15.384440,67.191360
15.390000,67.205544
15.472780,67.204971
15.063890,67.248032
15.134720,67.266647
15.151940,67.308868
14.782780,67.264977
14.815000,67.245247
14.618330,67.211906
14.693890,67.237762
14.693890,67.275528
14.622780,67.255539
14.328610,67.240540
14.616390,67.383034
14.573060,67.395248
14.670280,67.423859
14.815280,67.399696
14.828610,67.374969
15.048330,67.440811
14.834720,67.440262
14.727500,67.493317
14.922500,67.556091
15.050550,67.570824
15.133050,67.552200
15.140550,67.527206
14.986940,67.549423
15.030830,67.519699
15.006940,67.486649
14.832220,67.472473
14.990830,67.464706
15.185830,67.518860
15.195000,67.479141
15.310280,67.483032
15.460280,67.465530
15.640000,67.266373
15.701670,67.304977
15.516670,67.425537
15.558050,67.460251
15.590280,67.501373
15.894440,67.563309
15.722780,67.558296
15.531940,67.504967
15.233610,67.529984
15.228610,67.564148
15.459440,67.581093
15.391670,67.628311
15.211390,67.605797
15.180560,67.621368
15.268330,67.667480
15.655280,67.678307
15.453610,67.705544
15.414440,67.739967
15.615550,67.746643
15.829720,67.673576
15.769720,67.730530
15.589170,67.766647
15.410280,67.796082
15.453330,67.832748
15.435560,67.852478
15.357780,67.849136
15.379170,67.797203
15.282220,67.756088
14.905280,67.647751
14.736670,67.648323
14.739720,67.662201
15.109170,67.742752
14.839440,67.771637
14.785550,67.782471
14.755550,67.799973
14.802220,67.823868
15.032500,67.839706
15.099160,67.854424
14.849440,67.844421
14.992220,67.893044
15.225280,67.872757
15.216110,67.862198
15.198890,67.828583
15.335000,67.898323
15.548890,67.916092
15.521110,67.877472
15.566940,67.904137
15.781670,67.947479
15.861670,67.898857
15.965280,67.989700
15.847780,68.052467
15.599440,68.032761
15.526390,68.075256
15.410830,68.008034
15.413890,67.989151
15.321660,67.998581
15.283050,68.035538
15.358890,68.080544
15.501940,68.131638
15.530280,68.089706
15.598890,68.123032
15.726660,68.140808
15.734440,68.089142
15.617500,68.088028
15.654440,68.044693
15.922500,68.130814
15.873890,68.182747
15.954170,68.188583
15.953330,68.238586
16.005831,68.244423
16.050550,68.226089
16.032221,68.165817
16.103609,68.166092
16.092501,68.068039
16.040831,68.028587
16.204720,67.969704
16.217220,67.888031
16.414440,67.814697
16.509720,67.802200
16.251659,67.896637
16.277220,67.949142
16.207500,68.001648
16.273890,68.006363
16.417500,67.903030
16.466660,67.903870
16.327770,67.995796
16.348890,68.006638
16.460279,67.958588
16.458050,67.981087
16.499161,68.010803
16.372499,68.025253
16.368610,68.041641
16.462200,68.068771
16.684999,68.049973
16.675831,68.073303
16.294439,68.083313
16.250830,68.129433
16.413610,68.134140
16.419439,68.184143
16.162781,68.197197
16.171940,68.220261
16.340269,68.224136
16.331671,68.252197
16.251659,68.247757
16.103331,68.276917
16.190001,68.316360
16.543890,68.239700
16.566111,68.193039
16.797779,68.127197
16.750549,68.152763
16.578051,68.265533
16.245279,68.330261
16.479441,68.390533
16.838051,68.375259
16.834440,68.318039
17.151390,68.363861
17.329439,68.250526
17.315001,68.164429
17.366940,68.184692
17.354719,68.226639
17.400829,68.230530
17.399170,68.258873
17.267780,68.307747
17.200830,68.366928
17.258610,68.401917
17.448891,68.372757
17.578051,68.362473
17.370001,68.406082
17.375830,68.415527
17.594370,68.423340
17.696369,68.404449
17.763889,68.393860
17.465000,68.450813
17.552780,68.523857
17.519171,68.525253
17.225559,68.444977
17.010559,68.437187
17.080000,68.456917
17.095831,68.476639
16.991659,68.504150
16.843611,68.448593
16.498890,68.437469
16.484440,68.484970
16.481390,68.522202
16.637220,68.543030
16.564159,68.571907
16.566111,68.604713
16.640551,68.643044
16.999161,68.700256
17.154440,68.629150
17.184999,68.644417
17.094999,68.679703
17.112221,68.695251
17.257500,68.720543
17.628330,68.660812
17.670561,68.663857
17.468439,68.690292
17.423889,68.735809
17.290279,68.732758
17.243050,68.759697
17.475830,68.808868
17.767780,68.754700
17.469999,68.830261
17.715269,68.889977
17.828329,68.863037
17.848330,68.875259
17.685829,68.929138
17.465830,68.900253
17.431660,68.910812
17.538891,68.962479
17.487780,68.989967
17.680269,69.089981
17.648609,69.108032
18.152220,69.152206
18.068050,69.171371
18.097771,69.230263
17.989441,69.231644
18.016390,69.303864
18.172220,69.386368
18.151661,69.455811
18.285000,69.488861
18.356390,69.458862
18.386391,69.415527
18.358061,69.388870
18.431110,69.393311
18.499720,69.368317
18.506109,69.256927
18.541660,69.322197
18.571110,69.355797
18.689720,69.257751
18.707220,69.279419
18.667219,69.304977
18.687771,69.317200
18.885830,69.317467
18.453890,69.449142
18.471661,69.514420
18.841940,69.552750
18.867769,69.529984
18.847219,69.501373
19.117220,69.355263
19.348890,69.334702
19.381109,69.307747
19.345280,69.283577
19.187771,69.273033
19.266670,69.263870
19.251110,69.236923
19.311661,69.221359
19.506941,69.223862
19.444719,69.255814
19.449720,69.321907
19.352501,69.374687
19.124439,69.381363
18.995831,69.467194
19.029440,69.513603
19.261391,69.526642
19.213610,69.566360
19.000271,69.534416
18.946110,69.573868
18.956671,69.624420
19.103331,69.699692
19.106390,69.739700
19.579720,69.801086
19.780279,69.803307
19.772779,69.780533
19.676390,69.668297
19.723610,69.655533
19.714161,69.603317
19.531389,69.393593
19.686939,69.434418
19.741940,69.607758
19.796940,69.613312
20.115549,69.581093
19.851110,69.630814
19.821110,69.697479
19.997499,69.839706
19.972771,69.784698
20.025000,69.775528
20.166660,69.935806
20.165831,69.885529
20.217501,69.852478
20.200550,69.921371
20.281940,69.973862
20.318331,69.959702
20.424999,69.869423
20.321390,69.663589
20.387501,69.621094
20.372780,69.584702
20.271111,69.559143
20.303049,69.537483
20.190550,69.402206
19.981939,69.335533
19.918329,69.260246
19.968050,69.262482
20.040550,69.315262
20.288610,69.388313
20.484440,69.576920
20.639441,69.523857
20.853609,69.494713
20.709440,69.527763
20.481390,69.638870
20.538891,69.682480
20.541389,69.721077
20.479719,69.759140
20.803890,69.803589
20.826111,69.835533
20.791389,69.873032
20.922501,69.911362
21.091660,69.940262
20.893610,69.849426
21.000000,69.784149
21.051670,69.791924
20.994440,69.819427
21.106939,69.867477
21.188890,69.856369
21.126390,69.809418
21.162500,69.810532
21.226110,69.849136
21.211670,69.900528
21.328051,69.905807
21.206110,69.938026
21.253330,70.003036
21.319441,70.022202
21.442780,70.017471
22.068609,69.731369
22.100830,69.751648
21.914440,69.833313
21.997219,69.833313
22.017220,69.853317
21.926941,69.880814
21.915279,69.949692
22.014999,69.982193
22.067499,69.940262
22.050831,70.010803
22.115549,70.028870
21.836390,70.018860
21.811661,70.042763
22.031670,70.064148
22.096661,70.113312
21.932220,70.079422
21.481390,70.095543
21.433331,70.141647
21.487780,70.172760
21.309719,70.161362
21.208950,70.207352
21.438330,70.268044
21.446110,70.231087
21.499161,70.209976
21.516380,70.303864
21.573891,70.318588
21.613609,70.265533
21.730000,70.237473
21.870831,70.142197
21.882219,70.174149
21.805000,70.241089
21.821110,70.263870
22.003611,70.320824
22.009159,70.298859
21.996670,70.278030
22.084160,70.304703
22.112221,70.291092
22.106939,70.240807
22.146391,70.240250
22.153891,70.283043
22.310280,70.280533
22.299160,70.252197
22.277220,70.195824
22.237780,70.134140
22.553610,70.127197
22.327499,70.165527
22.377220,70.249687
22.699440,70.222748
22.977501,70.194138
22.950279,70.171921
22.367500,70.059692
23.016670,70.141647
22.991659,70.088318
23.030279,70.024406
23.121111,70.040253
23.148050,69.969147
23.101110,69.946373
23.321110,69.992203
23.323330,69.943863
23.532780,70.021637
23.248610,70.052750
23.181940,70.093307
23.365829,70.106644
23.403610,70.139137
23.305269,70.168869
23.419720,70.188309
23.283051,70.198593
23.253330,70.218307
23.513611,70.236923
23.406940,70.245247
23.612499,70.298576
23.465000,70.311371
23.518610,70.363586
23.854160,70.495247
24.030279,70.507202
24.355829,70.453873
24.303329,70.488861
24.118050,70.531921
24.106670,70.546082
24.203609,70.579147
24.287781,70.662483
24.363050,70.688583
24.530001,70.654419
24.719721,70.617203
24.737780,70.642471
24.699169,70.673859
24.245550,70.777206
24.265551,70.836090
24.401939,70.865540
24.634720,70.775818
24.645830,70.792763
24.608061,70.856369
24.721939,70.867752
24.583330,70.919983
24.591940,70.963028
24.707500,70.973587
24.813049,70.944138
24.985279,70.911087
24.988050,70.974426
25.063330,70.954147
25.070000,70.933868
24.924440,70.863312
25.067221,70.852203
25.088329,70.891922
25.161110,70.915817
25.253330,70.844704
25.252781,70.786087
25.346390,70.809143
25.392780,70.892761
25.343611,70.938583
25.347219,70.965813
25.393610,70.967484
25.534439,70.914429
25.532499,70.892761
25.445551,70.862473
25.466940,70.836090
25.691669,70.888313
25.855551,70.893860
25.907780,70.886642
25.913330,70.852478
25.629169,70.757477
25.655279,70.729713
25.630280,70.713028
25.143049,70.529984
25.084999,70.496368
25.258890,70.520538
25.269720,70.492477
25.058050,70.479424
25.283890,70.459427
25.256660,70.387756
25.167219,70.397202
25.091391,70.350540
25.203890,70.326637
25.199720,70.294693
24.988050,70.228867
24.962500,70.188309
24.948610,70.083313
25.034719,70.059692
25.047501,70.079971
25.004999,70.110527
25.016390,70.131638
25.092501,70.147202
25.083330,70.104141
25.143610,70.076370
25.264999,70.102203
25.277500,70.136093
25.513611,70.264137
25.535000,70.303589
25.423889,70.322479
25.460550,70.354424
26.007771,70.608582
26.072500,70.710533
26.545561,70.933029
26.693880,70.952477
26.726391,70.921371
26.669720,70.822479
26.743330,70.822746
26.627781,70.701370
26.420280,70.665527
26.351391,70.636093
26.544720,70.658577
26.653610,70.634407
26.504999,70.363037
26.561110,70.349136
26.801941,70.448303
26.798330,70.477203
27.100281,70.467194
26.962780,70.531372
27.058331,70.610527
27.268610,70.583038
27.093330,70.641922
27.136391,70.664978
27.097500,70.691933
27.139721,70.742203
27.342220,70.753036
27.280550,70.768593
27.319160,70.824417
27.626390,70.799423
27.475830,70.824417
27.536390,70.839706
27.497499,70.864433
27.258329,70.883034
27.128889,70.915253
27.156111,70.967484
27.349159,70.943314
27.218330,71.013031
27.273050,71.030258
27.475559,71.003860
27.544720,70.948593
27.573610,70.968307
27.525000,71.034973
27.531111,71.081917
27.647499,71.091637
27.652220,71.122482
27.735830,71.093307
27.696110,71.059418
27.886110,71.032204
28.165279,71.075256
28.235550,71.073303
28.261391,71.045258
28.198059,71.016922
28.486940,70.991089
28.550831,70.968307
28.443609,70.860260
28.271111,70.813026
28.252220,70.787483
28.137779,70.780258
27.993050,70.811653
27.764999,70.779419
28.113609,70.737762
28.075001,70.703033
27.875549,70.671921
27.663891,70.602478
27.836941,70.615250
28.212500,70.700531
28.297779,70.708038
28.288891,70.654694
28.241940,70.618874
27.851669,70.478867
27.881390,70.425537
27.970831,70.491364
28.182220,70.497757
28.041109,70.447746
28.065550,70.435532
28.231939,70.505814
28.335550,70.505539
28.153891,70.369423
28.156111,70.244141
28.185829,70.159416
28.149170,70.118874
28.015240,70.069366
27.806660,70.079422
27.377220,70.002762
27.292500,69.950531
27.038610,69.908310
26.807770,69.951920
26.460550,69.931923
26.369720,69.849983
25.988880,69.706627
25.942221,69.667473
25.975830,69.630249
25.934441,69.566360
25.853050,69.546921
25.830549,69.378304
25.751110,69.336090
25.708611,69.206627
25.809160,69.011368
25.612221,68.881348
25.384720,68.880524
25.166660,68.785797
25.095831,68.629143
24.935551,68.593857
24.918329,68.561897
24.881390,68.558578
24.797779,68.640808
24.690269,68.676361
24.131390,68.779968
24.044720,68.823868
23.856380,68.832474
23.703609,68.715263
23.204161,68.628571
23.063881,68.695511
22.398331,68.711090
22.348610,68.842468
21.681940,69.284698
21.320829,69.326080
21.055000,69.228577
21.039721,69.182457
21.066111,69.126358
21.113050,69.108017
21.067499,69.039139
20.738331,69.096359
20.586090,69.063141
20.096939,69.042191
20.314720,68.928299
20.350269,68.786636
20.202499,68.662193
19.956381,68.543854
20.211109,68.482193
20.175831,68.448013
19.937771,68.337479
18.952221,68.487747
18.611940,68.475250
18.358049,68.539139
18.090830,68.507751
18.045830,68.409409
18.155270,68.166077
17.884159,67.945511
17.273609,68.090530
17.188330,68.030258
16.726940,67.899139
16.570271,67.656921
16.382500,67.515533
16.192221,67.499977
16.085831,67.411636
16.399160,67.177750
16.353889,67.017754
16.010000,66.890808
15.625830,66.605797
15.362780,66.479973
15.468050,66.283859
15.025280,66.149979
14.505000,66.132462
14.634720,65.826920
14.503890,65.593307
14.493050,65.313583
14.368890,65.246628
14.319440,65.129959
13.696940,64.629410
13.682220,64.571091
14.116390,64.470520
14.154720,64.185791
14.048930,64.080170
14.040500,64.071747
13.981660,64.013031
13.230000,64.093033
12.836660,64.023033
12.675000,63.965542
12.324720,63.709431
12.139440,63.584148
12.195000,63.485260
11.936390,63.272209
12.168610,63.015820
12.028890,62.892490
12.089440,62.749432
12.011940,62.601379
12.210000,62.389980
12.295830,62.261662
12.124440,61.728588
12.406670,61.573318
12.530000,61.566090
12.856110,61.362492
12.655000,61.062481
12.294160,61.029430
12.229160,60.985260
12.587500,60.526649
12.608050,60.468590
12.589720,60.399151
12.491110,60.301380
12.476940,60.076382
12.163050,59.896931
11.956940,59.896931
11.815280,59.845821
11.891110,59.794708
11.902780,59.707760
11.666110,59.595821
11.787180,59.311871
11.790830,59.303310
11.798330,59.245258
11.787480,59.223660
11.739720,59.128590
11.751110,59.090260
11.626660,58.909149
11.463050,58.883598
11.427780,58.893040
11.420290,58.995998
11.356110,59.107208
11.171390,59.124981
11.173610,59.193321
11.150280,59.153320
11.097780,59.132488
11.064170,59.116650
10.941940,59.186378
10.938890,59.134430
10.906110,59.138599
10.903610,59.195541
10.825000,59.149429
10.782500,59.208881
10.729170,59.235538
10.780830,59.309990
10.667500,59.319149
10.663610,59.359440
10.585830,59.427761
10.653610,59.495819
10.676390,59.436939
10.691670,59.483879
10.557780,59.728600
10.584440,59.789989
10.640280,59.856659
10.671940,59.839710
10.716110,59.735821
10.759440,59.841930
10.725830,59.896648
10.571390,59.886379
10.471670,59.843319
10.496940,59.721931
10.604440,59.629711
10.606940,59.582489
10.558050,59.543049
10.458330,59.513050
10.419440,59.528599
10.428330,59.596371
10.374720,59.702770
10.228610,59.731380
10.231390,59.718601
10.375000,59.662491
10.389720,59.631378
10.390000,59.566929
10.358330,59.523041
10.263890,59.552761
10.246940,59.537769
10.485000,59.409710
10.449720,59.344711
10.513610,59.298599
10.447220,59.239712
10.363890,59.265270
10.321110,59.159161
10.263610,59.106659
10.262220,59.033871
10.227220,59.112770
10.220830,59.016930
10.130830,58.997490
10.130830,59.016102
10.163060,59.046650
10.019170,59.028599
10.025830,58.971661
9.996387,58.959431
9.813332,58.961929
9.842777,59.000542
9.755278,59.031380
9.691944,59.090260
9.686943,59.045551
9.654722,59.052212
9.633888,59.128601
9.544167,59.104988
9.712221,59.018600
9.351110,58.857491
9.299721,58.875271
9.280554,58.830540
9.409443,58.841381
9.448332,58.821381
9.339998,58.750820
9.067221,58.736370
9.224165,58.714161
9.167776,58.682491
9.197222,58.662209
8.951387,58.579151
8.931110,58.547211
8.544998,58.306099
8.248055,58.201931
8.211111,58.115551
8.163055,58.142208
8.118055,58.095268
8.031944,58.129162
8.077499,58.154991
8.026110,58.221100
8.028332,58.174709
7.934722,58.079430
7.829166,58.069988
7.654722,58.040272
7.362778,58.012760
7.241944,58.054989
7.049166,57.996101
6.998055,58.003319
7.101944,58.080269
6.960555,58.060822
6.986944,58.106930
6.903610,58.051102
6.892777,58.092770
6.990277,58.135540
6.774444,58.174160
6.813611,58.117210
6.752500,58.116940
6.691388,58.119709
6.749444,58.089710
6.777222,58.058601
6.597777,58.070271
6.530833,58.114159
6.849166,58.270821
6.665277,58.225552
6.645632,58.288509
6.705000,58.314430
6.647778,58.318878
6.607778,58.237770
6.326666,58.274429
5.983333,58.398880
5.956944,58.471661
5.757222,58.486660
5.620832,58.559711
5.456278,58.750648
5.575277,58.892769
5.550278,58.913879
5.548055,58.952492
5.610833,58.904430
5.626111,58.930271
5.525277,58.985271
5.563333,59.031101
5.714722,58.970829
5.712777,58.865822
5.819722,58.933601
5.874999,58.956928
6.130278,58.833881
6.230277,58.838329
6.088055,58.865822
6.059444,58.902489
6.123610,58.959991
6.381389,59.015820
6.146388,58.991100
6.027499,58.901932
5.974166,58.962212
6.023611,58.991940
6.015277,59.015541
5.928333,59.015541
5.866388,59.072208
5.887221,59.096371
6.127777,59.145550
6.009444,59.143040
6.007222,59.164440
6.111388,59.228600
6.455277,59.324989
6.115833,59.260818
6.090278,59.304150
6.184999,59.308601
6.179444,59.320541
5.995555,59.329708
6.044999,59.381649
6.185833,59.428322
6.235555,59.504990
6.468888,59.555271
6.246666,59.520550
6.247222,59.540539
6.147499,59.450821
6.011389,59.398319
5.985277,59.425819
5.988889,59.374710
5.926110,59.352772
5.876944,59.408871
5.896667,59.447208
6.080000,59.466099
6.139999,59.484711
5.884444,59.478321
5.805277,59.532490
5.650555,59.399429
5.789444,59.428879
5.861944,59.376930
5.856667,59.345539
5.622499,59.287209
5.610000,59.299992
5.648611,59.327209
5.582500,59.394711
5.572499,59.319988
5.511110,59.274990
5.438611,59.293598
5.439444,59.398880
5.415000,59.393879
5.406944,59.321098
5.379444,59.296101
5.338055,59.417488
5.326666,59.368038
5.300277,59.339710
5.194722,59.436378
5.179722,59.514431
5.273333,59.591930
5.383333,59.646381
5.407777,59.590820
5.434722,59.623322
5.392777,59.663319
5.491944,59.730820
5.495832,59.568600
5.414721,59.538319
5.410832,59.503319
5.502500,59.530540
5.541666,59.580540
5.524166,59.617489
5.555555,59.671940
5.593888,59.675270
5.761110,59.606380
5.771388,59.646648
5.878055,59.651100
5.755278,59.664150
5.745832,59.682491
5.840278,59.731380
6.066667,59.743881
6.313055,59.852772
5.973332,59.753040
5.932500,59.786930
5.963888,59.813042
5.952499,59.855259
5.919167,59.788601
5.818889,59.770260
5.669722,59.849991
5.743610,59.911652
5.959999,59.951649
5.984166,59.974430
5.953610,60.002769
6.034166,60.066929
6.243055,60.111370
6.258888,60.158600
6.113610,60.102211
6.078055,60.163052
6.079721,60.195271
6.155555,60.219711
6.204720,60.295551
6.536666,60.429710
6.640555,60.410259
6.579721,60.341648
6.504444,60.113602
6.524444,60.081928
6.577499,60.271381
6.702222,60.400269
6.833888,60.473598
7.021667,60.474709
7.104444,60.499149
6.899444,60.506100
7.013611,60.587490
6.952499,60.570820
6.849999,60.489712
6.620555,60.429440
6.591110,60.454430
6.631389,60.476101
6.686666,60.517208
6.475555,60.444439
6.236111,60.371929
6.118610,60.368038
6.187778,60.347759
6.143332,60.306099
6.160277,60.280819
6.121111,60.236931
6.003333,60.268040
5.957500,60.206379
5.852777,60.153599
5.878611,60.041660
5.756666,59.985821
5.704721,60.006939
5.690555,60.066380
5.768611,60.059711
5.794722,60.088871
5.707500,60.088600
5.724444,60.139992
5.789721,60.207489
5.579166,60.140270
5.544444,60.156101
5.707500,60.234711
5.602500,60.258041
5.568333,60.246380
5.669722,60.345539
5.665833,60.366379
5.581388,60.288319
5.401667,60.131939
5.316388,60.196930
5.338611,60.217770
5.222777,60.203880
5.309999,60.263050
5.168056,60.277210
5.166389,60.311100
5.225277,60.318321
5.148611,60.336102
5.145000,60.366379
5.203888,60.392208
5.296944,60.389149
5.252500,60.428051
5.235833,60.490822
5.292777,60.524990
5.320555,60.519161
5.494444,60.419430
5.633611,60.415272
5.713611,60.469990
5.702777,60.553600
5.742222,60.652760
5.661944,60.703320
5.681944,60.755821
5.592500,60.695820
5.530277,60.691380
5.516110,60.619991
5.261389,60.553051
5.198610,60.577492
5.093333,60.660549
5.222777,60.622761
4.967500,60.783039
4.997222,60.804710
5.298055,60.711651
5.314722,60.668598
5.373888,60.634430
5.365555,60.674431
5.405833,60.701931
5.243610,60.758041
5.248333,60.781940
5.520833,60.872211
5.483889,60.907211
5.145555,60.807770
5.035555,60.851650
4.992777,60.960270
5.084167,60.944439
5.077222,60.885269
5.097777,60.874710
5.103889,60.924160
5.081388,60.966648
5.002500,60.997490
5.024166,61.049992
5.115555,61.072769
5.411944,61.022209
5.483055,61.056660
5.893888,61.124149
6.372222,61.061939
6.351944,61.032211
6.372222,61.008320
6.421944,61.073040
6.546944,61.094711
6.608611,61.170818
6.855000,61.128040
6.867222,61.087769
6.953610,61.083050
6.982222,61.049709
6.999166,60.993320
6.870832,60.933880
7.025000,60.974152
7.128333,60.927490
7.113889,60.860271
7.162777,60.899429
7.167500,60.944149
7.071944,60.974709
6.996666,61.085270
7.020000,61.100552
7.382777,61.111660
7.358611,61.153320
7.614166,61.196930
7.693333,61.227489
7.580832,61.205269
7.362778,61.202770
7.303888,61.294430
7.364166,61.364990
7.519444,61.450260
7.343055,61.388321
7.313333,61.351379
7.240277,61.290821
7.307221,61.215549
7.360555,61.186378
7.292222,61.158039
7.223888,61.181099
7.148611,61.142769
6.926666,61.116940
6.918611,61.144989
7.004444,61.177490
6.694444,61.183041
6.559722,61.229431
6.696666,61.345829
6.703610,61.401371
6.664166,61.337769
6.493055,61.260269
6.538055,61.203880
6.461111,61.207211
6.510555,61.151371
6.476666,61.127491
6.248610,61.133320
6.176389,61.179150
5.885555,61.157490
5.383055,61.068878
5.061388,61.156940
5.084722,61.188881
5.223611,61.168880
5.189166,61.208050
4.988055,61.219440
4.986111,61.255821
4.996388,61.279148
5.235555,61.334709
5.293888,61.307491
5.311388,61.255550
5.338888,61.259991
5.320277,61.318050
5.254722,61.341930
5.331388,61.349709
5.383611,61.374149
5.040555,61.317760
4.999722,61.352772
5.005833,61.382488
5.043056,61.399151
4.948889,61.412769
5.189166,61.470539
5.527499,61.428600
5.550555,61.445541
5.804999,61.452770
5.667222,61.494160
5.544444,61.457211
5.171389,61.504429
5.137500,61.536098
5.355833,61.554440
5.223611,61.569149
5.160277,61.594151
5.342777,61.575550
5.424444,61.583599
5.219166,61.627209
4.963333,61.638050
4.965555,61.719151
5.060555,61.746101
5.131944,61.706928
5.154166,61.731659
5.072778,61.755550
5.105000,61.777760
5.293611,61.863602
5.410000,61.911381
5.595833,61.895260
5.744721,61.842209
5.683055,61.837212
5.626389,61.808601
5.885555,61.848320
5.947222,61.835270
5.921111,61.761929
5.973055,61.830540
6.016110,61.822491
6.102221,61.767490
6.181389,61.771381
6.061944,61.830540
6.376389,61.806660
6.518332,61.808601
6.586160,61.849609
6.658333,61.869709
6.758055,61.846100
6.815555,61.872761
6.674722,61.894711
6.476388,61.825550
6.016110,61.866650
5.824166,61.864712
5.960278,61.909988
5.519444,61.927212
5.277778,61.906651
5.125555,61.906380
5.149444,61.974152
5.401111,62.021648
5.228055,62.085819
5.124999,62.128880
5.073610,62.153049
5.086389,62.186649
5.193889,62.201649
5.281111,62.124981
5.400277,62.083881
5.473332,62.008041
5.528889,62.073879
5.565555,62.072491
5.422500,62.104710
5.384444,62.128040
5.415000,62.175819
5.483611,62.184158
5.672777,62.137211
5.672777,62.170269
5.858611,62.198318
5.921111,62.172211
5.919999,62.113602
5.849722,62.041370
5.878611,62.035259
5.964999,62.138321
6.046389,62.094990
6.365000,62.058601
6.098611,62.101379
5.925278,62.198879
5.923055,62.220539
5.990833,62.217491
5.951666,62.256378
6.051666,62.306660
6.323889,62.365822
6.588333,62.129429
6.572222,62.167210
6.418056,62.304989
6.386110,62.363602
6.411111,62.387211
6.508888,62.394989
6.567778,62.354160
6.553611,62.409710
6.696575,62.441460
6.883055,62.411381
7.000555,62.254162
6.989434,62.176991
6.942499,62.140541
6.978333,62.088329
7.176666,62.102489
7.010833,62.098320
6.967777,62.119709
7.037222,62.272209
7.326388,62.272491
6.975277,62.309990
6.923566,62.361698
6.954166,62.385818
6.799722,62.457211
6.380555,62.418880
6.293333,62.452209
6.675555,62.491379
6.621666,62.514992
6.263611,62.521099
6.246944,62.574711
6.325555,62.607208
6.565555,62.608318
6.612222,62.560822
6.622222,62.617210
6.769166,62.651100
6.924444,62.577770
6.912777,62.647209
7.095555,62.643318
7.036944,62.610538
7.099722,62.608601
7.128888,62.527760
7.160832,62.627491
7.515277,62.539989
7.539166,62.499149
7.765555,62.577770
7.474444,62.566101
7.418888,62.595539
7.414721,62.627491
7.488889,62.632771
7.503055,62.605820
7.506666,62.660259
7.630278,62.699162
7.905277,62.731930
8.115000,62.697491
8.139166,62.706928
8.046665,62.747490
8.063332,62.774712
7.445555,62.683601
7.408055,62.713871
7.367777,62.726101
7.640555,62.783039
7.625833,62.795269
7.384999,62.751381
6.950277,62.725552
6.975277,62.799431
7.099722,62.824162
7.003333,62.838600
6.881944,62.915821
7.098332,62.986931
7.298055,63.001930
7.448610,62.912769
7.520833,62.917488
7.648889,62.969151
7.760833,62.975819
7.784166,62.960541
7.739721,62.939430
7.676944,62.908329
7.977777,62.973320
8.081944,62.942490
8.175554,62.802212
8.570000,62.672489
8.552500,62.716648
8.178610,62.844990
8.171665,62.890820
8.208055,62.907490
7.970277,63.026661
7.900833,62.994709
7.879167,63.010540
8.063610,63.108318
8.117222,63.091930
8.138054,63.035820
8.339167,62.961380
8.332499,62.874710
8.530832,62.841381
8.541388,62.856659
8.500555,62.872761
8.699444,62.819988
8.663055,62.850552
8.482222,62.897209
8.423332,62.956100
8.656666,62.966381
8.653889,62.984440
8.374443,62.971100
8.321110,62.995270
8.371666,63.005821
8.464998,63.023602
8.226387,63.027760
8.159166,63.120270
8.228054,63.129990
8.283609,63.074162
8.324444,63.088329
8.240000,63.145550
8.365555,63.137489
8.570833,63.139149
8.631388,63.182491
8.941944,63.209148
8.615000,63.200260
8.477777,63.293598
8.763611,63.345268
8.636665,63.390270
8.652777,63.409161
8.831110,63.427490
8.880278,63.394989
8.961111,63.434711
9.015276,63.464989
9.146111,63.374149
9.099998,63.345829
9.091665,63.292210
9.296944,63.364159
9.478611,63.403049
9.214167,63.367771
9.162222,63.391380
9.189444,63.431931
9.304998,63.444149
9.332222,63.461651
9.257500,63.496101
9.291111,63.457760
9.215555,63.452770
9.150000,63.479160
9.163610,63.499439
9.385277,63.560261
9.374998,63.521381
9.409443,63.508598
9.423611,63.537769
9.535000,63.569439
9.571665,63.538879
9.538887,63.606098
9.720554,63.636379
9.961666,63.430271
9.943333,63.393040
9.884722,63.348049
9.845554,63.320271
10.255000,63.321381
10.274720,63.277489
10.257500,63.337212
10.101940,63.352772
10.041110,63.387489
10.064440,63.419708
10.157780,63.445541
10.471390,63.452492
10.804440,63.416660
10.914720,63.461102
10.781670,63.480259
10.776940,63.531940
10.914440,63.561100
10.666110,63.553879
10.984170,63.703880
11.084440,63.698879
11.253610,63.767769
11.455830,63.787209
11.462500,63.804440
11.415280,63.846100
11.115000,63.843601
11.096670,63.889149
11.264720,63.960819
11.435830,63.978321
11.492780,64.019417
11.254440,64.028870
11.245830,64.060242
11.356940,64.106369
11.305830,64.116364
11.180280,64.008034
10.621940,63.825260
10.589170,63.802761
10.904170,63.894161
# Triangles
1115,1114,1116
1055,1054,1056
1118,1117,1120
1122,1121,1123
1117,1116,1133
1119,1118,1120
1114,1113,1116
1056,1053,1061
1061,1052,1051
1053,1052,1061
1056,1061,1057
1061,1051,1050
1057,1061,1060
1059,1058,1057
1113,1112,1116
1111,1109,1108
1111,1110,1109
1111,1108,1106
1059,1057,1060
1112,1111,1105
1054,1053,1056
1116,1112,1134
1124,1123,1120
1120,1123,1121
1125,1124,1120
1125,1133,1132
1125,1120,1133
1120,1117,1133
1127,1132,1131
1126,1125,1127
1128,1130,1129
1128,1127,1131
1130,1128,1131
1125,1132,1127
1112,1135,1134
1134,1133,1116
1135,1105,1139
1105,1104,1139
1140,1139,1141
1105,1111,1106
1135,1139,1138
1136,1138,1137
1136,1135,1138
1143,1142,1144
1139,1104,1141
1135,1112,1105
1050,1049,1061
1049,1062,1061
1064,1062,1049
1072,1071,1073
1062,1064,1063
1047,1065,1049
1076,1075,1077
1075,1074,1077
1074,1078,1077
1080,1079,1078
1074,1073,1070
1067,1066,1068
1066,1065,1068
1065,1064,1049
1065,1069,1068
1071,1070,1073
1083,1085,1084
1082,1081,1078
1080,1078,1081
1086,1085,1089
1069,1078,1070
1078,1069,1082
1070,1078,1074
1086,1088,1087
1089,1085,1082
1049,1048,1047
1100,1099,1098
1096,1101,1100
1104,1103,1141
1141,1144,1142
1151,1150,1152
1145,1144,1141
1153,1152,1154
1096,1100,1098
1106,1108,1107
1097,1096,1098
1095,1101,1096
1086,1089,1088
1149,1148,1147
1146,1149,1147
1101,1094,1102
1101,1095,1094
1145,1102,1093
1102,1145,1141
1141,1103,1102
1156,1150,1149
1090,1089,1082
1156,1149,1146
1094,1093,1102
1154,1152,1150
1219,1221,1220
1222,1221,1218
1216,1218,1217
1221,1219,1218
1239,1238,1240
1238,1237,1240
1225,1224,1223
1216,1215,1218
1218,1215,1222
1226,1223,1222
1214,1213,1215
1222,1215,1227
1211,1210,1213
1211,1213,1212
1213,1227,1215
1222,1227,1226
1244,1237,1245
1237,1244,1240
1237,1236,1245
1247,1246,1245
1245,1236,1247
1223,1226,1225
1243,1240,1244
1256,1255,1254
1257,1256,1253
1256,1254,1253
1261,1260,1259
1261,1259,1262
1252,1258,1257
1252,1257,1253
1242,1241,1240
1247,1249,1248
1247,1250,1249
1243,1242,1240
1252,1263,1258
1320,1322,1321
1262,1258,1263
1320,1319,1322
1262,1259,1258
1264,1263,1251
1329,1322,1319
1322,1329,1323
1263,1252,1251
1264,1251,1250
1326,1325,1324
1198,1197,1196
1195,1198,1196
1194,1198,1195
1199,1198,1194
1203,1205,1204
1201,1199,1202
1202,1199,1193
1202,1205,1203
1200,1199,1201
1208,1205,1202
1146,1158,1156
1146,1159,1158
1156,1158,1157
1150,1156,1155
1193,1192,1202
1162,1164,1163
1162,1161,1164
1164,1160,1165
1191,1202,1192
1194,1193,1199
1154,1150,1155
1206,1208,1207
1228,1227,1210
1210,1209,1228
1209,1229,1228
1205,1208,1206
1235,1250,1247
1250,1235,1234
1235,1247,1236
1231,1233,1232
1234,1233,1250
1250,1233,1265
1209,1208,1229
1213,1210,1227
1191,1188,1186
1191,1190,1188
1186,1188,1187
1191,1186,1229
1190,1189,1188
1230,1229,1231
1229,1186,1231
1265,1233,1231
1267,1265,1231
1319,1341,1330
1186,1185,1268
1231,1186,1268
1168,1160,1169
1229,1208,1202
1229,1202,1191
1265,1264,1250
1164,1161,1160
1318,1317,1343
1039,1038,1037
1039,1037,1036
1030,1029,1031
1039,1036,1040
1033,1036,1035
1036,1033,1040
1032,1029,1027
1035,1034,1033
1032,1031,1029
1032,1041,1033
1027,1029,1028
1027,1025,1024
1018,1024,1022
1022,1024,1023
1021,1018,1022
1020,1018,1021
1041,1032,1024
1017,1014,1018
1014,1017,1015
1013,1012,1014
1015,1017,1016
1024,1032,1027
1027,1026,1025
1024,1018,1041
1041,1018,1082
1019,1018,1020
1042,1041,1044
1044,1041,1069
1069,1065,1045
1091,1090,1082
1083,1082,1085
1044,1043,1042
1045,1044,1069
1045,1047,1046
1069,1041,1082
1082,1018,1091
1040,1033,1041
1005,1018,1011
1009,1011,1010
1009,1008,1007
1009,1007,1005
1005,1011,1009
1006,1005,1007
1005,1004,1001
1005,1001,1000
1002,1004,1003
997,1000,999
1001,1004,1002
1005,1175,1018
1011,1018,1012
1014,1012,1018
997,1005,1000
987,991,989
989,991,990
987,989,988
998,997,999
993,995,994
992,991,993
993,991,987
987,973,993
993,996,995
985,984,986
926,925,928
926,928,927
923,928,925
986,983,982
983,986,984
982,987,986
982,980,979
923,925,924
981,980,982
929,928,923
987,982,973
973,996,993
940,939,938
941,940,942
982,979,978
942,940,938
978,977,975
975,977,976
982,978,973
942,944,943
938,935,942
997,996,966
935,937,936
933,935,934
919,929,923
931,930,929
933,931,935
931,933,932
942,931,948
922,921,920
920,919,922
918,931,929
922,919,923
931,942,935
937,935,938
929,919,918
1175,1005,1289
973,975,974
1093,1091,1146
1091,1093,1092
1159,1146,1170
1146,1145,1093
1169,1159,1170
1171,1170,1172
1170,1146,1091
1169,1160,1159
1168,1166,1165
1184,1268,1185
1168,1167,1166
1168,1165,1160
1170,1091,1174
1180,1182,1181
1172,1174,1173
1174,1172,1170
1180,1179,1183
1178,1183,1179
1180,1183,1182
1176,1175,1177
1178,1177,1277
1280,1177,1175
1175,1281,1280
1183,1178,1277
1183,1268,1184
1174,1091,1175
1018,1175,1091
1177,1280,1277
1265,1267,1266
1270,1269,1268
1183,1270,1268
1315,1313,1316
1313,1315,1314
1316,1313,1317
1273,1270,1277
1311,1313,1312
1271,1270,1273
1231,1268,1267
1273,1277,1275
1275,1277,1276
1273,1275,1274
1278,1277,1280
1279,1278,1280
1284,1283,1285
1303,1305,1304
1302,1305,1303
1285,1283,1282
1271,1273,1272
1183,1277,1270
1308,1306,1305
978,975,973
972,971,970
973,972,967
964,963,962
972,970,969
966,996,967
957,966,965
968,967,972
968,972,969
964,958,965
962,961,964
1288,1175,1289
946,945,947
942,947,944
942,948,947
944,947,945
964,961,959
958,964,959
957,965,958
931,953,948
960,959,961
953,949,948
915,918,917
954,931,918
1289,1005,997
1285,1282,1286
1286,1282,1281
1288,1287,1286
1175,1286,1281
1301,1300,1298
1298,1300,1299
1297,1302,1301
1293,1291,1290
1286,1175,1288
1305,1302,1297
966,1289,997
952,950,953
952,951,950
931,954,953
915,917,916
918,915,954
901,956,955
915,914,907
914,911,907
911,914,913
915,907,955
954,915,955
957,956,1501
966,957,1501
949,953,950
955,907,901
967,996,973
1313,1311,1317
1065,1047,1045
1297,1301,1298
1323,1327,1326
1335,1338,1336
1336,1338,1337
1326,1324,1323
1340,1339,1338
1345,1348,1346
1348,1347,1346
1340,1335,1334
1327,1323,1328
1333,1331,1334
1334,1331,1330
1333,1332,1331
1319,1330,1329
1340,1338,1335
1348,1351,1349
1334,1341,1340
1351,1348,1352
1342,1341,1318
1366,1362,1352
1352,1348,1345
1352,1345,1344
1334,1330,1341
1341,1319,1318
1323,1329,1328
1353,1352,1361
1355,1354,1356
1357,1356,1354
1357,1353,1358
1357,1354,1353
1350,1349,1351
1358,1361,1360
1359,1358,1360
1388,1387,1389
1361,1358,1353
1386,1398,1390
1398,1386,1400
1390,1387,1386
1362,1361,1352
1390,1398,1397
1396,1391,1390
1395,1391,1396
1392,1391,1395
1400,1399,1398
1401,1403,1402
1396,1390,1397
1404,1401,1400
1390,1389,1387
1366,1363,1362
1344,1343,1369
1369,1343,1372
1344,1369,1366
1372,1343,1317
1311,1375,1373
1369,1372,1371
1374,1373,1375
1367,1366,1369
1367,1369,1368
1370,1369,1371
1372,1317,1373
1318,1343,1342
1307,1306,1308
1311,1310,1309
1305,1297,1309
1291,1293,1292
1290,1289,1294
1311,1309,1376
1305,1309,1308
1379,1376,1309
1295,1380,1297
1290,1294,1293
1297,1380,1309
1296,1295,1297
1294,1440,1436
1311,1376,1375
1373,1317,1311
1294,1436,1295
1363,1365,1364
1365,1363,1366
1384,1383,1385
1410,1407,1405
1400,1386,1410
1400,1410,1405
1413,1412,1411
1411,1385,1413
1407,1410,1409
1411,1410,1385
1385,1383,1413
1386,1385,1410
1382,1381,1422
1378,1377,1379
1380,1379,1309
1382,1422,1414
1434,1422,1381
1415,1414,1421
1383,1414,1413
1415,1418,1416
1380,1436,1435
1439,1438,1437
1439,1437,1436
1381,1380,1434
1435,1434,1380
1380,1295,1436
1414,1383,1382
1376,1379,1377
1294,1289,1474
1366,1352,1344
1393,1392,1394
1394,1392,1395
1404,1403,1401
1407,1409,1408
1406,1405,1407
1404,1400,1405
1419,1418,1420
1418,1417,1416
1423,1428,1424
1420,1418,1415
1434,1432,1431
1433,1432,1434
1421,1420,1415
1428,1423,1430
1426,1425,1424
1434,1431,1423
1443,1442,1441
1427,1424,1428
1443,1461,1459
1414,1422,1421
1423,1422,1434
1447,1446,1445
1451,1448,1452
1424,1427,1426
1447,1445,1444
1450,1449,1451
1451,1449,1448
1447,1454,1453
1448,1453,1452
1453,1448,1447
1455,1447,1444
1456,1444,1443
1443,1459,1456
1456,1459,1457
1429,1428,1430
1455,1444,1456
1457,1459,1458
1486,1484,1483
1488,1487,1489
1455,1454,1447
1423,1431,1430
1440,1461,1441
1461,1460,1459
1464,1463,1440
1463,1462,1461
1467,1466,1469
1461,1440,1463
1441,1461,1443
1479,1478,1481
1469,1468,1467
1481,1480,1479
1466,1470,1469
1486,1485,1484
1472,1471,1470
1470,1466,1465
1440,1465,1464
1440,1294,1465
1472,1470,1465
1473,1465,1474
1478,1477,1481
1497,1482,1481
1473,1472,1465
1475,1500,1477
1476,1475,1477
1294,1474,1465
1474,1501,1475
1482,1492,1483
1483,1492,1491
1490,1483,1491
1483,1490,1486
1497,1477,1498
1493,1497,1496
1492,1497,1493
1492,1482,1497
1495,1494,1496
1486,1490,1489
1508,1507,1506
1493,1496,1494
1481,1477,1497
1489,1487,1486
1499,1477,1500
1499,1498,1477
1503,1513,1505
1503,1505,1504
1506,1505,1511
1509,1511,1510
1511,1509,1506
1506,1509,1508
1529,1528,1527
1527,1530,1529
1511,1505,1512
1501,1500,1475
1440,1439,1436
1289,1501,1474
1521,1520,1519
1524,1523,1525
1526,1530,1527
1532,1531,1533
1531,1526,1533
1530,1526,1531
1522,1526,1523
1533,1526,1534
1513,1512,1505
1514,1517,1515
1517,1516,1515
1549,1517,1572
1518,1517,1521
1517,1502,1501
1502,1513,1503
1521,1519,1518
1534,1526,1522
1514,1502,1517
1522,1521,1536
1525,1523,1526
1536,1535,1522
1521,1517,1536
1522,1535,1534
1537,1536,1539
1517,1548,1536
1514,1513,1502
1539,1538,1537
1541,1540,1539
1544,1548,1547
1536,1543,1539
1544,1536,1548
1546,1545,1547
1539,1542,1541
1542,1539,1543
1547,1545,1544
1543,1536,1544
1552,1551,1553
1554,1553,1551
1550,1554,1551
1558,1560,1559
1558,1556,1560
1556,1558,1557
1560,1556,1561
1555,1563,1562
1550,1563,1555
1561,1556,1562
1562,1556,1555
1554,1550,1555
1548,1517,1549
1517,1501,1574
1550,1572,1566
1577,1576,1578
1572,1574,1573
1579,1576,1575
1570,1569,1571
1571,1569,1568
1579,1578,1576
1575,1580,1579
1550,1549,1572
898,897,896
898,896,1582
900,899,901
899,898,901
898,1574,901
896,895,894
1581,1580,1574
1574,1580,1575
898,1582,1581
1581,1574,898
1583,1582,1585
894,1590,1582
894,1582,896
1574,1572,1517
1574,1501,956
894,893,892
1564,1550,1565
1572,1568,1566
1565,1550,1566
1566,1568,1567
1568,1572,1571
9,8,11
9,11,10
8,14,11
6,5,7
4,1604,8
1584,1583,1585
1586,1585,1587
1585,1588,1587
1588,1585,1582
1590,1589,1582
892,1590,894
7,5,4
1604,4,3
11,13,12
1591,1590,892
1588,1582,1589
1604,3,1605
892,1597,1591
4,8,7
14,8,1604
1597,892,891
1550,1564,1563
1289,966,1501
15,17,16
13,11,14
17,14,18
24,23,18
15,14,17
18,20,19
20,22,21
22,20,23
25,24,26
20,18,23
18,14,24
3,1,1605
28,1603,30
1,3,2
24,28,27
24,27,26
28,30,29
39,34,1603
1601,55,1602
14,1604,24
1595,1594,1593
1604,28,24
28,1604,1603
31,30,32
32,30,33
33,1603,34
1602,40,1603
36,34,37
30,1603,33
39,38,37
41,43,42
37,34,39
35,34,36
41,40,44
44,40,46
46,40,47
51,40,55
47,40,51
1603,40,39
44,46,45
48,47,49
50,49,47
51,50,47
51,55,52
44,43,41
1602,55,40
1599,1598,1600
1600,55,1601
1600,56,55
55,54,52
1596,1595,1592
1592,1591,1596
1597,56,1600
53,52,54
82,81,83
69,68,67
1600,1598,1597
59,58,60
57,56,1597
57,60,58
60,57,61
1597,891,57
66,64,67
66,65,64
64,70,69
62,61,63
63,70,64
70,63,61
61,72,70
64,69,67
57,891,61
1591,1597,1596
86,85,84
87,81,80
84,83,81
71,70,72
86,84,87
87,84,81
91,89,88
91,90,89
74,73,75
92,91,88
76,75,73
80,79,94
92,88,80
77,76,73
61,890,77
73,61,77
79,96,95
79,95,94
94,92,80
97,96,78
78,99,97
78,96,79
94,93,92
99,98,97
87,80,88
61,73,72
77,889,78
1593,1592,1595
901,1574,956
906,901,907
61,891,890
906,903,902
908,907,911
77,890,889
913,912,911
102,104,103
107,109,108
109,107,110
106,104,101
112,111,110
901,906,902
906,905,903
908,911,910
909,908,910
104,106,105
106,110,107
113,106,114
115,114,120
99,78,889
101,104,102
116,115,119
904,903,905
110,113,112
118,117,119
128,127,130
127,126,130
132,131,130
130,126,133
130,129,128
130,133,132
125,124,123
125,123,122
136,135,125
116,119,117
126,125,135
135,134,126
140,139,138
143,142,144
122,121,120
140,138,141
126,134,133
115,120,119
122,120,114
100,122,114
100,106,101
122,136,125
114,106,100
148,100,881
888,99,889
888,100,99
122,100,137
138,137,141
146,142,141
137,148,147
148,137,100
141,137,146
136,122,137
106,113,110
887,882,888
886,882,887
885,884,883
886,885,882
885,883,882
148,880,161
881,100,882
879,878,877
879,877,163
880,879,161
880,148,881
100,888,882
876,875,877
145,142,146
152,151,150
146,137,147
152,150,149
155,153,152
157,152,149
175,177,176
157,156,152
152,156,155
148,157,149
153,155,154
161,160,157
160,159,158
161,163,162
161,879,163
164,163,165
148,161,157
163,877,166
173,171,170
165,163,166
171,173,172
875,167,166
160,158,157
166,877,875
874,231,875
142,145,144
183,185,184
186,188,187
180,190,185
182,185,183
182,180,185
186,185,190
189,188,186
190,189,186
178,175,174
179,178,174
194,193,179
173,170,174
170,169,194
179,174,194
178,177,175
194,174,170
180,191,190
193,191,180
193,192,191
179,193,180
196,195,194
194,207,196
197,199,198
169,208,194
180,182,181
203,200,196
202,200,203
201,200,202
199,197,200
206,205,203
200,197,196
203,205,204
196,206,203
218,217,216
209,211,210
206,196,207
211,209,212
208,214,212
212,214,213
168,214,208
212,209,208
215,214,222
216,215,221
221,215,222
221,219,218
220,219,221
221,218,216
222,214,227
194,208,207
208,169,168
226,223,227
214,168,167
223,222,227
225,223,226
214,228,227
214,167,228
231,229,228
236,239,238
239,236,235
236,238,237
235,234,239
228,167,231
223,225,224
229,231,230
241,240,233
874,232,231
233,232,241
167,875,231
247,241,232
233,240,234
246,245,242
246,241,247
246,242,241
244,242,245
240,239,234
874,247,232
272,271,266
269,268,267
243,242,244
269,267,266
270,269,271
271,269,266
319,318,320
277,276,284
266,265,262
266,273,272
263,265,264
284,276,275
285,284,275
324,323,325
325,323,322
277,281,278
326,325,322
320,318,321
266,262,273
263,262,265
248,250,249
247,874,872
252,250,248
250,252,251
285,275,274
247,872,248
277,283,281
284,283,277
286,274,287
281,283,282
278,280,279
274,273,261
281,280,278
259,258,260
256,255,257
252,872,253
287,274,261
286,285,274
288,287,261
298,297,300
261,260,258
261,258,288
252,248,872
874,873,872
321,326,322
318,317,321
304,303,302
321,317,332
328,327,329
326,321,327
330,329,327
332,317,315
331,330,327
332,331,327
321,332,327
333,332,315
316,315,317
305,304,301
311,313,312
301,304,302
306,308,307
314,333,315
334,333,314
343,345,344
335,314,313
314,335,334
345,343,347
301,300,305
273,262,261
255,290,258
255,254,253
258,290,289
258,257,255
290,253,870
253,872,871
870,253,871
253,290,255
258,289,288
305,300,297
305,308,306
291,294,293
293,292,291
291,870,867
870,291,290
867,870,869
295,291,867
868,867,869
295,867,866
308,305,309
297,296,305
309,305,296
295,366,309
310,309,338
866,366,295
295,309,296
865,367,866
337,336,311
294,291,295
367,865,864
335,311,336
335,313,311
339,338,366
337,310,338
311,310,337
366,338,309
372,371,370
364,366,365
366,364,339
373,369,368
373,368,374
375,377,376
373,370,369
864,863,368
374,863,379
368,863,374
866,367,366
863,383,379
373,372,370
378,377,379
382,380,379
377,374,379
374,377,375
864,368,367
299,298,300
345,347,346
342,348,343
343,348,347
355,354,340
353,341,354
342,341,349
354,341,340
349,348,342
350,349,353
353,352,351
353,351,350
349,341,353
364,363,361
387,384,397
382,381,380
397,384,398
384,387,385
364,361,355
363,362,361
386,385,387
383,382,379
384,383,398
355,340,339
355,339,364
361,357,355
359,358,357
359,361,360
357,361,359
356,355,357
396,392,388
392,395,393
395,394,393
389,388,391
392,396,395
397,396,388
400,402,401
388,387,397
403,402,400
432,431,434
434,433,432
435,434,436
437,436,434
437,434,430
391,388,392
390,389,391
404,400,399
862,405,398
398,383,863
861,405,862
407,406,405
407,861,408
404,398,405
403,400,404
413,412,414
412,411,415
407,405,861
430,434,431
410,408,860
411,410,416
415,414,412
416,860,421
860,416,410
859,421,860
861,860,408
411,416,415
418,416,419
422,421,423
419,416,420
858,857,421
416,421,420
417,416,418
859,858,421
409,408,410
439,428,425
426,425,427
425,428,427
425,440,439
439,429,428
430,429,438
423,445,444
425,424,443
444,424,423
451,421,857
444,443,424
441,440,442
445,423,421
430,438,437
476,856,855
855,854,479
850,852,851
850,854,853
850,497,854
826,825,824
827,824,822
826,824,827
822,824,823
463,857,856
853,852,850
850,849,846
399,398,404
398,863,862
438,429,439
425,443,440
443,442,440
450,448,447
449,448,450
447,446,450
457,459,458
459,457,456
452,451,453
451,455,454
455,857,463
451,454,453
476,855,479
456,455,461
459,461,460
456,461,459
461,463,462
465,464,463
463,468,465
455,463,461
451,857,455
450,446,445
445,451,450
465,467,466
468,463,473
474,476,475
473,476,474
468,473,470
467,465,468
473,471,470
470,469,468
472,471,473
478,477,479
482,481,480
479,483,480
483,479,854
480,483,482
476,473,463
486,485,488
484,488,485
476,479,477
484,483,488
488,487,486
488,483,489
476,463,856
451,445,421
495,493,854
497,846,541
846,497,850
541,846,542
496,854,497
497,499,498
493,490,489
494,493,495
490,493,492
518,497,541
543,542,846
491,490,492
846,544,543
493,483,854
847,846,849
836,835,834
837,836,573
849,848,847
844,546,845
840,844,841
839,844,840
841,844,843
547,844,839
842,841,843
846,845,544
629,574,836
854,496,495
501,503,502
500,499,517
499,497,517
501,500,504
504,500,517
501,504,503
507,506,508
504,517,514
505,504,511
517,516,514
518,517,497
521,540,539
845,546,544
560,547,838
547,546,844
541,540,518
545,544,546
539,537,521
518,540,520
534,521,537
550,549,548
538,537,539
536,534,537
547,553,548
518,520,519
547,839,838
509,506,505
838,837,568
493,489,483
516,515,514
504,514,511
508,506,509
540,521,520
523,522,525
505,510,509
511,510,505
511,514,513
513,512,511
524,523,525
522,526,525
526,522,521
521,529,526
551,550,553
551,553,552
559,558,553
561,560,562
547,559,553
562,560,564
564,560,838
838,565,564
548,553,550
547,560,559
534,529,521
535,534,536
526,528,527
526,529,528
529,534,533
532,529,533
555,554,558
554,553,558
555,558,556
531,530,529
529,532,531
567,566,568
568,566,838
562,564,563
569,568,570
592,594,593
595,594,592
568,571,570
571,568,572
556,558,557
565,838,566
579,578,580
577,580,578
577,576,574
580,577,581
591,590,589
600,589,601
602,601,588
585,584,586
601,589,588
583,586,584
568,837,572
577,574,581
582,581,583
623,581,574
574,573,836
626,625,623
581,623,583
629,623,574
583,616,587
587,586,583
607,588,587
626,623,629
624,623,625
622,617,623
623,617,616
623,616,583
611,587,616
575,574,576
573,572,837
595,591,596
592,591,595
599,596,591
599,589,600
603,602,604
599,591,589
597,599,598
599,597,596
604,607,605
607,604,602
606,605,607
588,607,602
587,610,607
587,611,610
612,611,615
620,622,621
619,617,620
622,620,617
619,618,617
608,610,609
610,608,607
612,615,614
613,612,614
615,611,616
836,834,629
630,629,631
629,628,627
632,631,831
631,629,834
831,631,832
834,832,631
633,632,635
633,635,634
636,635,632
638,637,636
636,632,641
629,627,626
709,830,829
632,830,709
709,828,822
828,827,822
716,710,817
829,828,709
709,822,710
713,712,711
648,632,709
711,716,715
714,713,715
715,713,711
710,716,711
830,632,831
834,833,832
639,638,640
643,642,641
643,641,632
647,643,632
640,638,641
644,643,645
643,646,645
646,643,647
651,650,652
638,636,641
707,704,700
648,708,656
706,705,704
704,707,706
649,653,652
649,652,650
648,654,649
701,700,703
708,707,656
674,700,697
699,698,697
700,699,697
707,700,656
704,703,700
696,675,697
703,702,701
647,632,648
648,709,708
821,710,822
821,820,818
818,820,819
818,817,710
817,816,815
716,817,717
717,719,718
719,717,812
815,814,812
812,814,813
815,812,717
717,817,815
719,812,811
818,710,821
723,811,810
806,739,807
811,720,719
739,806,805
807,739,808
804,785,805
803,802,800
801,800,802
804,803,792
808,736,809
810,809,735
803,800,792
721,720,722
723,722,720
723,810,735
736,808,737
720,811,723
736,735,809
738,737,739
723,735,732
739,805,742
808,739,737
785,792,791
792,796,795
792,800,796
799,797,796
804,792,785
793,792,795
742,741,739
805,785,742
747,742,785
786,790,787
799,798,797
785,791,786
739,741,740
796,800,799
649,654,653
648,655,654
656,700,657
663,658,665
648,656,655
662,659,658
659,662,661
658,663,662
665,658,657
675,679,678
675,674,697
674,657,700
675,696,679
725,724,732
735,733,732
725,730,728
732,724,723
732,731,725
688,680,695
688,687,680
695,694,693
693,689,688
695,693,688
680,696,695
675,678,677
731,730,725
680,679,696
733,735,734
693,690,689
661,660,659
669,665,674
665,664,663
674,673,670
666,665,668
674,665,657
666,668,667
668,665,669
670,672,671
669,674,670
673,672,670
676,675,677
684,681,687
690,693,692
691,690,692
685,687,686
683,682,684
687,685,684
684,682,681
680,687,681
745,744,746
747,744,742
746,744,747
748,747,749
728,730,729
751,750,752
747,785,750
762,752,750
749,747,750
743,742,744
793,795,794
782,781,783
784,781,785
787,790,789
787,789,788
790,786,791
783,781,784
768,750,781
778,777,779
780,779,773
769,781,780
781,750,785
777,773,779
756,755,754
760,757,753
753,752,761
760,753,761
754,753,757
758,757,759
757,756,754
765,764,763
757,760,759
727,726,728
773,770,780
761,752,762
780,770,769
750,768,762
776,775,774
776,773,777
768,781,769
765,768,766
768,765,762
766,768,767
771,770,773
772,771,773
765,763,762
776,774,773
728,726,725
