# Canada region 55
150 147
# Outer Vertices
-120.378098,75.806641
-120.466904,75.821091
-120.489700,75.849983
-120.384499,75.967758
-120.467499,76.012192
-120.593903,75.978027
-120.716103,76.024406
-120.731102,76.057747
-120.648598,76.099701
-120.746399,76.093872
-120.743103,76.117752
-120.659203,76.142471
-120.857201,76.196640
-120.956398,76.177750
-121.012497,76.139137
-121.022797,76.059143
-120.931999,75.959976
-120.999496,75.939697
-121.011101,75.970810
-120.999199,75.994423
-121.259499,75.964417
-121.285004,75.909973
-121.848099,76.039703
-122.134201,76.036362
-122.126701,75.980530
-122.416397,75.928589
-122.676102,75.951637
-122.728897,75.973038
-122.576401,76.007477
-122.580002,76.023323
-122.543900,76.046921
-122.471100,76.110260
-122.589699,76.134697
-122.562500,76.154694
-122.620300,76.174423
-122.842201,76.148590
-122.842796,76.131088
-123.005600,76.093582
-122.942200,76.182213
-122.858597,76.178040
-122.842796,76.227203
-122.651703,76.257477
-122.626404,76.336357
-122.246399,76.409416
-121.550003,76.434692
-121.421997,76.493591
-121.412003,76.553864
-121.226402,76.612762
-121.214699,76.668030
-120.419701,76.793297
-120.365303,76.836090
-120.428596,76.862762
-119.389198,77.184418
-119.295799,77.276642
-119.153297,77.325813
-118.651100,77.360527
-117.512802,77.333313
-117.061996,77.291924
-117.007797,77.294144
-117.105598,77.339981
-117.181999,77.340263
-117.142799,77.361359
-116.848297,77.315811
-116.651703,77.377762
-116.662804,77.391647
-116.994698,77.394417
-117.153099,77.451637
-116.804199,77.493591
-116.769402,77.516373
-116.416901,77.556923
-115.862198,77.429428
-115.495300,77.359421
-115.389198,77.312187
-115.877800,77.215263
-116.390602,77.139977
-116.242500,77.044144
-115.754997,76.960823
-115.746101,76.925262
-115.853302,76.897202
-116.327202,76.935532
-116.355598,76.903313
-115.969200,76.756363
-115.894699,76.703308
-116.093102,76.619141
-116.994698,76.545807
-117.072800,76.503036
-116.983597,76.454971
-117.002502,76.431923
-116.937500,76.358032
-117.095596,76.295258
-117.345596,76.256363
-117.574997,76.268860
-118.059998,76.409149
-117.990799,76.462479
-118.027496,76.484703
-117.904198,76.528313
-117.953903,76.562759
-117.973297,76.596359
-117.904198,76.630539
-117.928299,76.676651
-117.747498,76.766083
-117.738602,76.784149
-117.816704,76.821373
-117.888100,76.818863
-117.960602,76.769974
-118.319504,76.773033
-118.325302,76.751923
-118.304199,76.717484
-118.495003,76.712196
-118.299500,76.563583
-118.546097,76.499977
-118.874199,76.525818
-118.968102,76.505249
-118.955299,76.483032
-118.697800,76.449417
-118.594200,76.383873
-118.566101,76.343033
-118.637497,76.288040
-118.876701,76.277481
-118.936699,76.217194
-118.886398,76.178040
-119.075798,76.083313
-119.245300,76.111359
-119.308296,76.149979
-119.295303,76.186081
-119.456100,76.255539
-119.481903,76.354980
-119.713898,76.331650
-119.659698,76.308868
-119.658302,76.268860
-119.705002,76.262192
-119.572800,76.186371
-119.572800,76.163040
-119.692001,76.162483
-119.671997,76.140259
-119.552803,76.117752
-119.793098,76.114433
-119.674698,76.085251
-119.503899,76.040817
-119.473900,76.018593
-119.481102,75.970810
-119.636902,75.992203
-119.703300,75.942749
-119.606903,75.911087
-119.721901,75.905258
-119.769997,75.879150
-120.025803,75.839981
-120.149200,75.896362
-120.269699,75.821907
-120.378098,75.806641
# Triangles
26,28,27
23,25,24
26,25,28
19,18,17
19,17,16
22,21,20
29,28,30
25,30,28
25,31,30
15,14,20
44,22,20
15,19,16
23,22,43
31,25,23
15,20,19
2,1,3
148,3,149
1,149,3
136,147,146
144,142,145
136,146,145
142,144,143
3,148,147
7,6,8
5,8,6
8,5,4
4,3,49
137,141,138
141,137,142
138,141,140
147,136,3
136,145,142
142,137,136
36,35,39
39,38,36
39,35,40
36,38,37
41,34,33
31,42,33
34,41,35
45,20,14
33,32,31
44,43,22
41,40,35
42,41,33
43,42,31
44,20,45
47,46,45
12,48,47
45,14,47
23,43,31
47,14,13
10,8,11
4,11,8
135,134,136
136,127,3
133,130,136
4,49,11
133,136,134
131,133,132
11,49,12
127,49,3
50,49,127
51,50,52
50,127,52
48,12,49
131,130,133
127,136,130
129,128,130
130,128,127
52,127,126
12,47,13
8,10,9
138,140,139
126,124,112
123,122,124
126,125,124
121,119,124
120,119,121
119,113,124
124,122,121
118,113,119
114,113,118
54,112,111
113,112,124
117,116,115
108,111,110
109,108,110
115,114,117
118,117,114
55,111,108
112,52,126
92,91,93
95,94,93
95,93,91
85,90,89
88,87,89
85,89,87
100,91,90
85,87,86
98,97,96
96,95,98
85,100,90
85,84,57
83,80,84
100,99,98
100,98,95
100,95,91
83,82,81
106,105,108
55,108,105
54,52,112
106,108,107
102,101,56
55,105,103
104,103,105
56,103,102
53,52,54
111,55,54
101,85,57
103,56,55
58,57,84
58,62,59
61,60,59
61,59,62
57,56,101
100,85,101
80,79,74
83,81,80
75,74,79
80,74,62
76,75,78
76,78,77
75,79,78
84,80,62
74,73,70
64,67,65
68,67,64
67,66,65
64,69,68
71,70,73
74,69,63
74,70,69
63,69,64
63,62,74
73,72,71
58,84,62
