# Canada region 14
17 14
# Outer Vertices
-86.676682,67.731644
-86.858337,67.796921
-86.946136,67.909416
-86.843628,67.958588
-86.847778,68.020248
-86.986969,68.061653
-86.978897,68.096916
-86.898064,68.136093
-86.912804,68.169983
-86.712227,68.299149
-86.646683,68.301651
-86.418327,68.213318
-86.435013,68.162483
-86.368622,67.954697
-86.396118,67.859703
-86.563629,67.734154
-86.676682,67.731644
# Triangles
2,1,3
4,3,12
1,0,3
6,5,7
8,7,9
5,4,7
4,9,7
14,3,15
13,3,14
13,12,3
9,4,10
12,11,10
12,10,4
0,15,3
