# Canada region 34
91 88
# Outer Vertices
-96.607788,68.457474
-97.099457,68.587753
-97.121948,68.566650
-97.094452,68.539139
-97.130836,68.517471
-97.475014,68.535538
-97.875839,68.665527
-98.050003,68.694977
-98.105293,68.669693
-98.281677,68.746368
-98.291946,68.765808
-98.243057,68.811920
-98.370010,68.857483
-98.420288,68.829147
-98.394730,68.776917
-98.451134,68.749977
-98.534180,68.750809
-98.618896,68.796371
-98.847504,68.825531
-98.879997,68.852203
-98.811951,68.910538
-98.827507,68.929138
-98.981117,68.950531
-99.006958,68.907761
-99.118057,68.921082
-99.043900,68.864967
-99.188606,68.824142
-99.589737,69.011093
-99.593613,69.031372
-99.476959,69.130814
-98.798073,69.170532
-98.711121,69.199142
-98.706947,69.261368
-98.641953,69.297470
-98.441391,69.298027
-98.393623,69.308029
-98.388062,69.329147
-98.598068,69.430527
-98.609177,69.449692
-98.577507,69.479424
-98.448059,69.461639
-98.436401,69.479424
-98.587227,69.512192
-98.605293,69.535812
-98.567230,69.576370
-98.485573,69.583313
-98.357788,69.559143
-98.248901,69.484970
-98.078613,69.422760
-98.003891,69.435806
-98.078339,69.473038
-98.368057,69.601089
-98.314178,69.722198
-98.211121,69.799423
-98.107788,69.814697
-98.023621,69.882202
-97.874733,69.882477
-97.350853,69.710251
-97.339737,69.701370
-97.489464,69.673859
-97.391678,69.593307
-97.303886,69.698303
-97.113892,69.622192
-96.955566,69.523323
-96.218613,69.311081
-96.172501,69.265259
-96.251404,69.153870
-96.211403,69.128036
-96.235001,69.064148
-96.195282,69.038307
-96.118896,69.025528
-96.156952,69.163307
-96.073624,69.231644
-95.955566,69.141922
-95.924454,69.089417
-95.978058,69.049149
-95.840286,68.877197
-95.688606,68.873581
-95.654167,68.826637
-95.365303,68.899139
-95.210564,68.854713
-95.263062,68.802750
-95.546951,68.668869
-95.550293,68.696640
-95.539169,68.723312
-95.593903,68.752762
-95.801682,68.733871
-95.843903,68.614700
-96.127792,68.563873
-96.291397,68.473038
-96.607788,68.457474
# Triangles
24,26,25
28,27,29
27,26,29
23,22,24
30,24,22
29,24,30
26,24,29
21,30,22
19,18,20
13,16,15
11,10,9
11,9,8
31,20,17
17,20,18
17,16,13
13,31,17
12,11,35
15,14,13
20,31,21
11,49,48
12,31,13
31,30,21
33,32,31
40,39,37
31,34,33
43,42,44
45,44,42
38,37,39
41,40,36
40,37,36
46,45,41
35,48,36
48,35,11
41,36,47
31,12,34
47,36,48
53,50,54
50,53,52
52,51,50
46,41,47
41,45,42
12,35,34
11,8,7
2,5,4
89,68,90
2,4,3
7,6,49
1,5,2
60,6,5
69,89,88
5,1,60
68,1,90
87,86,88
86,85,78
83,82,84
84,82,81
85,84,79
86,77,76
77,86,78
79,81,80
79,78,85
84,81,79
86,76,88
70,88,76
54,49,56
60,63,62
60,49,6
60,62,61
63,60,1
59,49,60
56,55,54
56,49,59
56,59,57
59,58,57
54,50,49
1,68,66
68,67,66
71,70,75
75,70,76
69,88,70
73,75,74
66,65,64
66,64,63
71,73,72
75,73,71
66,63,1
89,69,68
49,11,7
