# Canada region 84
17 14
# Outer Vertices
-62.235001,49.061939
-63.079731,49.225552
-63.582512,49.387211
-63.607780,49.438320
-63.646118,49.516930
-63.881950,49.659161
-64.504997,49.855259
-64.510567,49.868599
-64.445557,49.904430
-64.211960,49.949989
-63.492500,49.840820
-62.953350,49.734711
-62.295280,49.463600
-61.797508,49.279709
-61.663342,49.149151
-61.700562,49.090260
-62.235001,49.061939
# Triangles
9,5,10
4,3,10
10,3,2
7,6,8
9,8,6
6,5,9
5,4,10
12,1,16
16,15,13
14,13,15
2,11,10
11,1,12
16,13,12
11,2,1
