# Canada region 87
103 100
# Outer Vertices
-99.906952,77.778587
-100.607803,77.859970
-100.604202,77.890808
-100.807800,77.992203
-100.837799,78.034973
-100.746902,78.071373
-101.035599,78.196091
-101.289497,78.182480
-101.696701,78.252197
-102.133102,78.282761
-102.590599,78.239700
-102.781403,78.276093
-102.818298,78.300262
-102.666100,78.358582
-102.806099,78.377762
-103.906097,78.272751
-103.898903,78.245796
-104.363602,78.254433
-104.820602,78.355797
-105.050598,78.488037
-105.011902,78.521637
-104.831398,78.569977
-104.397797,78.569977
-103.533302,78.496368
-103.448898,78.534698
-103.497803,78.564148
-103.401901,78.611649
-104.033600,78.619713
-103.989197,78.646088
-103.358101,78.718582
-103.319199,78.740250
-103.439201,78.784973
-103.796097,78.735809
-103.788902,78.754967
-103.695297,78.793869
-103.870598,78.806374
-103.905602,78.768860
-104.170601,78.765808
-104.219704,78.782204
-104.167198,78.816360
-103.827202,78.903870
-104.081100,78.979424
-104.233902,78.991928
-104.471901,78.950531
-104.564201,78.864700
-104.817497,78.802200
-104.988297,78.798309
-105.028603,78.815262
-105.012199,78.844704
-104.688599,78.993591
-104.681099,79.016647
-104.919701,79.052467
-105.395302,79.011642
-105.562500,79.024406
-105.599701,79.081093
-105.628601,79.161362
-105.541702,79.239967
-105.434196,79.273033
-105.438599,79.295258
-105.482803,79.306374
-105.440002,79.329147
-105.161102,79.297470
-103.703102,79.352753
-102.876999,79.233032
-102.926697,79.211090
-102.891998,79.166641
-102.612000,79.092194
-102.654404,78.994141
-102.768097,78.955811
-102.751099,78.938873
-102.583603,78.948593
-102.578598,78.923576
-102.626099,78.900253
-102.561096,78.869713
-102.376404,78.946373
-102.418098,79.008034
-101.923302,79.085823
-101.648903,79.075813
-101.231697,78.959427
-101.005600,78.943039
-101.003098,78.919983
-101.200600,78.820824
-101.186401,78.802750
-100.613899,78.798027
-100.351402,78.828308
-100.323601,78.778030
-99.952507,78.725540
-99.913620,78.679703
-100.062798,78.638870
-100.016998,78.616638
-99.601120,78.598312
-99.533340,78.583588
-99.670288,78.479713
-99.859734,78.442200
-99.753616,78.389687
-99.741386,78.289978
-99.551392,78.286087
-98.946121,78.061653
-98.971680,77.997757
-99.094727,77.966370
-99.013344,77.888313
-99.351959,77.828583
-99.906952,77.778587
# Triangles
20,18,21
18,20,19
18,17,22
17,15,22
18,22,21
46,45,48
39,38,37
22,15,23
16,15,17
14,23,15
27,26,28
25,24,26
65,30,68
33,32,34
30,29,26
34,31,62
30,64,31
26,29,28
31,34,32
39,37,36
14,30,26
34,40,35
56,54,53
52,56,53
47,46,48
45,49,48
61,52,51
55,54,56
58,57,61
61,60,58
52,57,56
58,60,59
52,61,57
51,50,61
45,44,49
44,43,50
39,36,35
41,40,62
44,50,49
50,43,42
50,42,62
62,40,34
63,62,64
62,42,41
62,31,64
50,62,61
65,64,30
39,35,40
26,24,14
82,8,7
4,3,5
5,3,2
83,6,5
11,13,12
69,30,14
9,73,13
13,11,10
13,10,9
73,14,13
76,9,8
6,82,7
1,102,2
93,2,102
101,100,99
102,101,96
99,96,101
93,95,94
95,93,102
97,96,99
96,95,102
98,97,99
2,93,88
5,2,88
90,89,93
69,72,70
69,14,72
70,72,71
9,76,74
14,73,72
68,67,66
68,66,65
74,76,75
76,8,77
78,77,81
73,9,74
68,30,69
85,5,88
88,87,86
88,86,85
93,92,90
92,91,90
78,80,79
81,77,8
80,78,81
83,85,84
82,6,83
85,83,5
81,8,82
88,93,89
24,23,14
