# Canada region 38
20 17
# Outer Vertices
-62.005001,47.217770
-62.013062,47.241650
-61.937778,47.397770
-61.535839,47.631649
-61.408058,47.641102
-61.454731,47.579430
-61.535561,47.545818
-61.520279,47.569149
-61.471390,47.611370
-61.534451,47.618881
-61.855831,47.417210
-61.789452,47.425819
-61.724171,47.466930
-61.763889,47.397491
-61.829731,47.401661
-61.954731,47.292759
-61.962231,47.266102
-61.783340,47.260540
-61.851952,47.218319
-62.005001,47.217770
# Triangles
1,19,16
18,17,16
18,16,19
1,16,15
15,2,1
2,15,14
10,14,11
14,10,2
14,13,11
2,10,3
7,6,5
13,12,11
3,9,8
3,10,9
8,5,4
8,4,3
7,5,8
