# Canada region 61
17 14
# Outer Vertices
-64.952240,61.343319
-64.985023,61.367489
-64.926132,61.392490
-64.995850,61.412491
-65.100861,61.421650
-65.086693,61.451649
-65.467239,61.583881
-65.487808,61.599430
-65.472519,61.640270
-65.204742,61.684158
-64.733078,61.659988
-64.735023,61.611660
-64.660019,61.588039
-64.726410,61.542210
-64.688629,61.471100
-64.715027,61.433319
-64.952240,61.343319
# Triangles
5,9,6
5,4,3
9,5,10
8,7,6
6,9,8
5,3,11
16,2,1
2,16,15
2,15,13
13,15,14
10,5,11
13,12,11
11,2,13
11,3,2
