# Canada region 76
24 21
# Outer Vertices
-111.462502,78.267471
-111.795303,78.271088
-111.982201,78.343872
-112.381104,78.358307
-113.026901,78.272751
-113.188301,78.269974
-113.332497,78.328873
-113.124199,78.420807
-112.311699,78.539978
-111.455597,78.592758
-111.378601,78.617752
-111.434700,78.643311
-110.394402,78.752197
-109.405296,78.556923
-109.260597,78.455811
-109.333298,78.424973
-109.404999,78.306374
-110.715599,78.292480
-111.116699,78.382477
-111.306396,78.371094
-111.239700,78.323593
-111.433601,78.323029
-111.401901,78.283310
-111.462502,78.267471
# Triangles
7,6,5
7,5,4
21,9,1
7,3,8
3,7,4
8,3,2
9,2,1
9,8,2
21,1,23
22,21,23
21,20,19
19,10,9
12,17,16
10,18,12
18,10,19
18,17,12
10,12,11
13,15,14
13,12,16
15,13,16
19,9,21
