# Canada region 56
19 16
# Outer Vertices
-79.403923,75.804138
-79.593079,75.817200
-79.567253,75.845810
-79.745033,75.879700
-79.597237,75.902481
-79.456703,75.983032
-78.893082,76.115540
-78.798080,76.086357
-78.845863,76.047470
-79.144737,75.975250
-79.176407,75.952759
-79.168327,75.931923
-78.881683,75.853317
-78.964752,75.842194
-79.067787,75.840263
-79.021683,75.867477
-79.319458,75.873581
-79.420303,75.848038
-79.403923,75.804138
# Triangles
2,4,3
2,1,18
18,17,2
2,17,5
5,16,10
5,4,2
11,10,16
5,10,9
16,5,17
15,13,12
15,14,13
11,15,12
15,11,16
6,8,7
6,9,8
9,6,5
