# Canada region 90
188 185
# Outer Vertices
-99.880280,74.978317
-100.328300,75.013870
-100.389702,75.031082
-100.398102,75.158577
-100.544701,75.193039
-100.463303,75.223587
-100.007797,75.228027
-100.009499,75.242203
-100.354202,75.251648
-100.379501,75.273590
-100.279404,75.286636
-100.257202,75.313309
-100.500298,75.292480
-100.765602,75.346359
-100.676399,75.376648
-100.511902,75.365250
-100.432800,75.375259
-100.584503,75.426361
-99.973068,75.488312
-99.986679,75.499687
-100.283302,75.514977
-99.712784,75.589142
-99.686111,75.613861
-99.863068,75.614433
-99.817497,75.655258
-101.198601,75.591087
-102.351997,75.542213
-102.599701,75.493317
-102.765297,75.538307
-102.728897,75.572479
-102.866997,75.601089
-102.860603,75.628311
-102.632202,75.614700
-102.689201,75.670532
-102.402199,75.726929
-102.078903,75.688309
-102.052002,75.704147
-102.237000,75.744141
-102.091904,75.785248
-102.343903,75.781921
-102.362503,75.818039
-102.290298,75.857193
-101.864502,75.902206
-101.456100,75.810806
-101.468903,75.766373
-101.281097,75.744980
-101.032501,75.792763
-101.347801,75.774979
-101.325302,75.813309
-101.378098,75.851929
-101.527199,75.858307
-101.597801,75.919693
-101.392197,76.000526
-101.666397,75.979424
-101.819199,76.011368
-101.900597,76.066650
-101.902199,76.107758
-101.761101,76.174149
-101.396103,76.243317
-102.052002,76.213593
-102.160004,76.243027
-102.063904,76.255249
-102.063599,76.283577
-102.097504,76.341637
-101.957497,76.357483
-102.052002,76.386368
-101.886101,76.444977
-101.483101,76.437759
-101.068100,76.331917
-101.140602,76.240250
-100.928299,76.225807
-100.630302,76.133324
-100.632004,76.115807
-100.741096,76.094704
-100.334999,76.053864
-100.071404,75.945534
-100.150299,75.913857
-99.801392,75.903870
-99.457497,75.961357
-99.469452,75.974701
-99.859734,75.935257
-99.879997,75.972748
-100.077499,76.038857
-100.112000,76.101357
-100.220802,76.132202
-99.843903,76.139977
-99.714447,76.114433
-99.414459,76.158310
-99.829727,76.163040
-100.001099,76.201920
-100.438904,76.212479
-100.513100,76.249153
-100.464996,76.274979
-100.014999,76.316933
-100.170303,76.355530
-100.323601,76.384140
-100.698601,76.376083
-100.972504,76.485260
-100.962799,76.510246
-100.384499,76.628311
-100.099503,76.634407
-99.498062,76.580544
-99.331680,76.509407
-99.143890,76.501648
-99.256958,76.470543
-99.184448,76.415817
-99.066116,76.398590
-99.137512,76.451920
-98.980827,76.471649
-98.882782,76.431374
-98.875839,76.441933
-98.993057,76.528030
-99.050842,76.536087
-99.027237,76.601089
-98.815002,76.613586
-98.725571,76.610809
-98.814178,76.653587
-98.845840,76.672760
-98.504997,76.681091
-98.404167,76.661362
-98.431122,76.629967
-98.395844,76.594421
-98.338348,76.562759
-97.764740,76.510529
-97.662781,76.481087
-97.695847,76.460823
-97.662514,76.419418
-97.779190,76.325256
-97.523064,76.205811
-97.495010,76.143860
-97.644737,75.950531
-97.559448,75.870796
-97.664459,75.793297
-97.930557,75.746918
-97.870560,75.730530
-97.425568,75.692200
-97.370010,75.670807
-97.424179,75.528587
-97.398071,75.452477
-97.281113,75.396927
-97.341690,75.393860
-97.487228,75.433029
-97.487503,75.496094
-97.824448,75.550537
-97.743347,75.471916
-97.807533,75.456650
-97.865570,75.507477
-98.041687,75.483307
-97.943336,75.467194
-98.055557,75.452477
-97.783073,75.428307
-97.845840,75.411362
-97.995010,75.388603
-97.872787,75.370796
-98.069458,75.349701
-98.107788,75.371918
-98.165283,75.334137
-98.080566,75.329971
-98.129181,75.301933
-98.048073,75.284698
-98.006119,75.319702
-97.894180,75.329422
-97.991959,75.284698
-97.936951,75.263313
-97.903900,75.305252
-97.743622,75.224983
-97.800293,75.193863
-97.597778,75.164703
-97.582497,75.137482
-97.820282,75.111076
-98.025009,75.162483
-98.025848,75.210823
-98.146667,75.180817
-98.081680,75.130539
-97.960007,75.095543
-97.946121,75.026642
-98.724167,74.989433
-98.861954,75.033043
-98.837784,75.058594
-98.960564,75.051933
-98.928337,75.012192
-99.354446,74.984421
-99.392792,75.022476
-99.272507,75.115807
-99.325844,75.118317
-99.496948,75.026367
-99.426392,74.991364
-99.880280,74.978317
# Triangles
29,31,30
29,28,27
29,32,31
26,25,35
27,26,32
26,34,32
36,35,25
34,33,32
25,44,36
27,32,29
37,36,38
26,35,34
39,41,40
39,38,41
38,42,41
45,44,25
42,36,44
52,49,48
46,48,47
36,42,38
25,46,45
1,6,3
5,4,3
3,2,1
1,187,6
7,6,185
8,7,10
10,7,11
8,10,9
18,7,21
6,5,3
13,12,14
15,12,16
14,12,15
25,24,76
11,18,16
17,16,18
18,21,19
21,20,19
18,11,7
16,12,11
52,48,46
56,55,54
54,57,56
52,51,50
52,58,53
53,58,57
69,52,46
50,49,52
53,57,54
44,43,42
69,58,52
60,59,61
62,61,64
64,63,62
65,64,66
59,64,61
67,58,68
64,58,66
68,58,69
98,97,96
58,64,59
58,67,66
74,46,76
46,73,70
74,76,75
25,76,46
72,71,73
73,46,74
85,81,86
85,84,83
85,82,81
85,83,82
24,77,76
91,90,92
71,70,73
99,96,95
99,98,96
93,90,89
93,89,88
100,93,101
95,94,100
100,94,93
95,100,99
93,88,101
92,90,93
69,46,70
187,185,6
182,181,183
185,184,21
186,185,187
177,176,178
78,183,179
183,181,179
178,78,179
176,156,178
179,181,180
22,184,183
158,172,159
173,172,176
172,158,156
157,156,158
156,155,149
172,156,176
172,171,159
171,170,163
154,152,149
149,147,156
154,149,155
159,171,162
178,156,109
176,175,173
156,147,109
164,163,166
169,163,170
163,162,171
160,159,162
162,161,160
174,173,175
169,168,167
164,166,165
166,169,167
166,163,169
151,149,152
154,153,152
149,151,150
148,147,149
138,141,140
138,140,139
142,141,138
137,142,138
143,145,144
135,134,143
22,24,23
21,184,22
22,77,24
80,86,81
80,79,86
77,22,78
79,78,87
87,78,106
79,87,86
106,105,87
109,106,78
108,106,109
78,178,109
87,101,88
22,183,78
104,87,105
104,103,102
101,87,102
108,107,106
102,87,104
111,113,112
111,110,114
114,113,111
110,115,114
109,122,110
143,133,146
133,143,134
146,145,143
135,143,142
133,132,130
130,132,131
127,133,130
122,109,133
135,137,136
129,128,130
135,142,137
127,130,128
115,121,120
115,110,121
115,120,118
115,118,116
118,120,119
116,118,117
127,126,125
127,125,123
127,123,122
123,125,124
110,122,121
133,127,122
133,109,147
147,146,133
21,7,185
