# Canada region 77
37 34
# Outer Vertices
-112.031097,77.324692
-112.413101,77.356087
-112.586700,77.431641
-112.601097,77.455261
-112.790802,77.441093
-113.198097,77.523857
-113.240303,77.587196
-113.096397,77.614151
-113.229401,77.723587
-113.315002,77.783859
-113.306396,77.837196
-113.230797,77.903587
-112.493301,77.988312
-111.093300,78.092484
-110.861099,78.061653
-110.727203,78.097748
-109.791702,78.099136
-109.605301,78.071091
-109.581100,78.041367
-109.669701,77.971649
-110.196098,77.896637
-110.822197,77.868874
-110.895798,77.856087
-110.900299,77.832748
-110.743896,77.773590
-110.631104,77.758034
-110.161102,77.784149
-110.080299,77.763313
-110.113899,77.692749
-110.040604,77.637482
-110.162804,77.604713
-110.081398,77.571373
-110.117500,77.539978
-110.502197,77.460251
-110.932198,77.408310
-111.276703,77.424698
-112.031097,77.324692
# Triangles
7,5,4
7,6,5
12,4,3
1,12,3
1,36,12
35,13,36
3,2,1
23,35,34
9,8,10
11,10,8
8,7,11
4,12,7
35,23,13
13,12,36
13,23,22
13,22,14
7,12,11
23,34,24
33,30,25
30,33,32
25,24,33
25,30,26
28,30,29
26,30,28
31,30,32
27,26,28
20,15,21
15,14,21
20,16,15
21,14,22
20,19,16
19,17,16
17,19,18
24,34,33
