# Canada region 88
359 356
# Outer Vertices
-92.011383,76.656647
-91.535843,76.688873
-91.009193,76.651642
-90.563629,76.559692
-90.514717,76.508324
-90.468918,76.479141
-90.538094,76.461357
-90.826424,76.463028
-91.414726,76.512756
-91.564194,76.500809
-91.402527,76.457474
-90.730850,76.421921
-89.305573,76.299149
-89.208633,76.260803
-89.192497,76.236076
-89.349731,76.183594
-90.198349,76.170532
-90.418350,76.179428
-90.438606,76.162201
-90.064194,76.136917
-90.122528,76.125259
-91.253082,76.198029
-91.408630,76.151367
-90.700562,76.119423
-90.678627,76.108032
-90.862518,76.069977
-90.706413,76.057213
-90.575287,76.090263
-90.194473,76.062759
-90.233917,76.041092
-91.030006,75.996918
-91.039459,75.980797
-90.950562,75.962196
-90.942253,75.945534
-91.118896,75.913857
-91.136139,75.846077
-91.091667,75.843307
-91.044167,75.901642
-90.903084,75.924698
-90.793900,75.994713
-90.681122,75.981369
-90.733612,75.959702
-90.464752,75.978592
-90.442520,75.959702
-90.526123,75.930527
-90.530006,75.898323
-90.339752,75.968307
-90.116119,75.933594
-90.066391,75.999977
-89.947533,76.007202
-89.944733,75.971359
-89.687813,75.899979
-89.776413,75.792763
-89.692497,75.796371
-89.656967,75.829147
-89.547234,75.842758
-89.439194,75.845261
-89.172813,75.780533
-89.183350,75.731644
-89.253906,75.631088
-89.567520,75.585823
-89.568077,75.561920
-89.551132,75.548859
-89.403641,75.587196
-89.217239,75.584976
-88.964172,75.431923
-88.767517,75.434143
-88.747803,75.470810
-88.902237,75.604713
-88.757523,75.644974
-88.754997,75.676651
-88.600861,75.659416
-88.203918,75.531082
-88.240837,75.509140
-88.305847,75.492203
-88.213074,75.470543
-87.748917,75.578308
-87.648354,75.561920
-87.544456,75.497757
-87.495560,75.485809
-87.606407,75.449692
-87.500313,75.452187
-87.430557,75.501083
-87.509193,75.534149
-87.513351,75.559418
-87.214188,75.612473
-86.807533,75.479141
-86.483353,75.456650
-86.365860,75.423309
-86.615593,75.365540
-86.376129,75.376373
-86.082497,75.421371
-86.110001,75.481918
-86.154457,75.500809
-85.924179,75.542213
-85.202530,75.598038
-85.091690,75.626373
-85.013077,75.640259
-84.652252,75.675262
-84.022507,75.767197
-83.920853,75.803589
-83.767242,75.824142
-83.721970,75.810806
-83.698639,75.790253
-83.099747,75.732193
-82.542793,75.819138
-82.140030,75.826920
-81.118073,75.775528
-81.111969,75.747192
-81.276962,75.668297
-81.271133,75.651367
-80.317253,75.630539
-80.068359,75.578873
-80.089752,75.545532
-79.953918,75.540253
-80.150017,75.497482
-80.371964,75.468872
-80.320572,75.455811
-79.733353,75.471916
-79.675858,75.441360
-79.622238,75.402481
-79.488083,75.383324
-79.527527,75.322197
-79.610023,75.310806
-79.587799,75.287483
-79.452530,75.271362
-79.629730,75.174973
-79.929466,75.140533
-79.960571,75.094704
-80.440582,75.038040
-80.216423,74.976089
-80.279190,74.959427
-80.240860,74.946640
-79.795303,75.027481
-79.505020,74.998306
-79.509193,74.959427
-79.330757,74.896500
-79.502243,74.859421
-79.880577,74.813026
-80.177803,74.867752
-80.142517,74.898033
-80.166138,74.932747
-80.210861,74.931091
-80.191132,74.894699
-80.220863,74.871368
-80.274193,74.881088
-80.306412,74.939148
-80.413094,74.897751
-80.361397,74.868874
-80.108627,74.824417
-80.101967,74.789139
-80.246964,74.757477
-80.138077,74.724136
-80.134171,74.704971
-80.208633,74.694427
-80.146667,74.626923
-80.231689,74.578033
-81.219177,74.571373
-81.759193,74.461090
-82.081703,74.477203
-82.482803,74.536362
-82.592529,74.510529
-82.783630,74.520248
-82.968918,74.570824
-83.088913,74.636642
-83.128082,74.717484
-83.073639,74.804138
-83.116127,74.828583
-83.299744,74.835533
-83.475594,74.896637
-83.547523,74.897476
-83.557251,74.875259
-83.458633,74.808029
-83.319168,74.774979
-83.454742,74.591087
-83.611954,74.540817
-83.855583,74.550812
-84.588638,74.503036
-84.899750,74.503311
-84.983078,74.570534
-84.950844,74.672760
-84.973343,74.696091
-85.063919,74.651642
-85.037231,74.535248
-85.087799,74.504967
-85.259460,74.490540
-85.363907,74.501923
-85.468918,74.658859
-85.520859,74.688026
-85.551971,74.660248
-85.481956,74.554138
-85.495850,74.525818
-85.581131,74.498306
-86.082497,74.479141
-86.105827,74.506927
-86.077789,74.545258
-86.153900,74.609154
-86.215843,74.610809
-86.243073,74.591370
-86.223083,74.562187
-86.245033,74.523857
-86.374474,74.483307
-86.615837,74.522202
-86.753082,74.582474
-86.751129,74.613586
-86.799469,74.615250
-86.797523,74.543587
-86.601967,74.469971
-86.943626,74.461357
-87.001968,74.507751
-87.111954,74.468033
-87.304169,74.471649
-87.371948,74.514687
-87.301407,74.544418
-87.416397,74.528870
-87.545029,74.464142
-87.710854,74.460823
-87.754997,74.513603
-87.903923,74.472198
-88.517227,74.499687
-88.571404,74.549973
-88.491409,74.654694
-88.408363,74.740540
-88.293350,74.769417
-88.487228,74.791367
-88.443893,74.838593
-88.537247,74.906921
-88.567253,74.880249
-88.545303,74.848038
-88.615860,74.815536
-88.618073,74.846359
-88.664726,74.844971
-88.805008,74.677750
-88.862228,74.658859
-88.917526,74.719704
-88.906418,74.773033
-89.088623,74.837196
-89.060028,74.797470
-89.011124,74.780807
-89.047523,74.722473
-89.265030,74.756363
-89.095863,74.688026
-89.138062,74.606644
-89.228622,74.578033
-89.928627,74.530807
-89.988907,74.584137
-90.088348,74.548859
-90.363358,74.594704
-90.478058,74.601089
-90.620010,74.619980
-90.756126,74.705544
-90.753082,74.731644
-90.896118,74.681374
-91.025009,74.702759
-90.740860,74.847473
-90.817230,74.883591
-91.226143,74.733582
-91.098083,74.633324
-91.256668,74.628593
-91.301407,74.656372
-91.277237,74.688026
-91.295563,74.712753
-91.361679,74.708588
-91.331703,74.672470
-91.360001,74.643311
-91.540009,74.646362
-91.676407,74.671921
-91.671951,74.689697
-91.621964,74.700256
-91.651962,74.719971
-91.779449,74.725807
-91.833344,74.696091
-91.859451,74.721077
-91.807533,74.731918
-92.045563,74.789703
-92.066391,74.813309
-92.013344,74.908310
-92.228897,75.071091
-92.030006,75.086357
-92.038910,75.107193
-92.112808,75.128860
-92.055573,75.150253
-92.384193,75.169983
-92.503616,75.218033
-92.328903,75.369423
-92.458618,75.368874
-92.320023,75.498306
-92.013924,75.589142
-92.055298,75.611649
-92.036682,75.679428
-92.174454,75.744423
-92.104736,75.805252
-92.108612,75.858871
-92.629181,76.008873
-92.637512,76.115807
-93.067253,76.299149
-93.065567,76.347748
-93.162247,76.367752
-93.523911,76.312759
-93.617783,76.291092
-93.653633,76.302750
-93.636139,76.326637
-93.763344,76.280807
-94.097778,76.259407
-94.420288,76.281082
-94.644737,76.277481
-94.662247,76.310257
-95.001106,76.245796
-95.056122,76.219147
-95.386948,76.235809
-95.374451,76.297760
-95.118362,76.298027
-95.010849,76.331093
-94.808640,76.311371
-94.859451,76.337196
-95.831680,76.394974
-96.061684,76.467194
-96.090584,76.510246
-95.778900,76.518860
-95.584167,76.598312
-95.638901,76.604141
-95.866119,76.553040
-95.990013,76.578583
-96.403641,76.639687
-96.470573,76.685532
-96.857803,76.701920
-96.946953,76.738586
-96.841400,76.766373
-96.903900,76.784149
-96.839737,76.810257
-96.642517,76.748871
-96.311951,76.751373
-96.316704,76.801361
-96.797501,76.861359
-96.865837,76.898033
-96.857788,76.924973
-96.660843,76.947197
-96.747787,76.982758
-96.391113,77.026917
-95.752808,77.068588
-94.526672,76.969421
-94.447510,76.916641
-94.096390,76.888870
-93.964752,76.932480
-93.649750,76.908043
-93.467216,76.827477
-93.187523,76.745529
-93.186401,76.660812
-93.309464,76.573303
-93.306953,76.546654
-93.630020,76.451920
-93.631958,76.428589
-93.548340,76.386093
-93.463898,76.399406
-93.580566,76.423027
-93.121948,76.574982
-93.109177,76.616364
-92.183350,76.614700
-92.011383,76.656647
# Triangles
273,272,271
268,267,266
276,275,274
278,276,273
270,273,271
270,278,273
273,276,274
276,278,277
269,278,270
262,265,264
260,259,258
256,258,257
265,262,268
262,264,263
278,269,262
261,260,256
256,260,258
261,256,262
262,269,268
35,256,255
265,268,266
256,35,262
283,282,284
281,280,279
282,281,284
286,285,284
286,284,287
289,292,291
290,289,291
294,293,292
284,281,287
287,281,279
288,287,289
287,279,278
287,278,35
22,289,287
35,278,262
22,287,35
31,34,33
22,34,30
37,36,38
35,34,22
35,255,36
22,292,289
30,25,22
254,249,248
247,246,245
254,248,247
52,254,247
251,254,252
254,253,252
255,38,36
251,250,249
254,251,249
254,45,255
61,247,245
61,52,247
245,62,61
240,62,245
240,244,243
236,63,240
62,240,63
52,60,53
60,52,61
55,53,60
58,56,59
63,236,64
60,59,56
244,240,245
52,47,254
41,45,44
45,41,38
42,44,43
44,42,41
255,45,38
39,38,41
29,26,30
25,30,26
41,40,39
31,33,32
45,47,46
50,47,52
50,52,51
53,55,54
55,60,56
254,47,45
48,50,49
47,50,48
18,11,21
25,23,22
309,311,310
311,309,308
311,308,312
318,316,315
322,331,323
318,317,316
319,318,315
322,321,339
303,342,304
303,350,342
305,304,306
313,312,307
314,313,306
315,314,319
306,304,341
301,300,299
314,306,340
307,306,313
314,340,319
307,312,308
350,303,302
326,325,327
325,330,327
330,325,324
328,327,329
335,334,333
329,327,330
337,336,338
336,335,333
330,324,331
331,324,323
338,336,332
322,339,332
304,342,341
322,332,331
320,339,321
306,341,340
319,339,320
339,338,332
343,342,350
339,319,340
350,344,343
333,332,336
302,301,351
30,34,31
10,21,11
296,294,356
9,292,22
292,357,294
352,298,353
352,301,298
353,298,297
296,295,294
355,297,296
353,355,354
22,21,10
21,20,18
25,24,23
26,29,27
20,19,18
11,18,17
27,29,28
16,15,12
12,11,16
15,13,12
13,15,14
17,16,11
351,350,302
353,297,355
348,350,349
352,351,301
350,348,345
348,346,345
348,347,346
296,356,355
356,294,357
350,345,344
9,0,292
2,8,7
7,6,3
22,10,9
5,4,6
9,1,0
1,9,8
1,8,2
7,3,2
4,3,6
357,292,0
301,299,298
242,240,243
221,220,219
217,216,215
219,218,223
218,217,223
214,217,215
213,212,211
223,217,80
214,80,217
211,210,213
210,209,213
206,208,207
208,206,209
204,203,202
209,206,205
200,199,198
198,202,201
201,200,198
213,209,205
198,204,202
237,236,240
234,233,232
234,232,235
239,237,240
238,237,239
232,231,235
65,235,231
236,235,65
230,227,231
221,219,223
81,214,213
204,198,89
198,197,89
213,205,86
89,205,204
229,228,230
224,223,225
223,222,221
75,225,223
90,197,196
227,230,228
65,64,236
193,192,195
184,182,185
193,195,194
191,190,192
195,192,189
187,186,185
189,192,190
184,183,182
177,180,178
158,106,159
175,171,176
177,98,180
162,161,166
105,166,160
160,166,161
163,162,166
178,180,179
106,160,159
182,187,185
177,176,98
187,182,188
175,174,172
182,181,95
95,188,182
181,180,98
171,175,172
172,174,173
188,91,189
189,91,196
156,151,148
154,156,155
154,151,156
153,152,154
151,154,152
167,166,104
166,164,163
158,157,110
148,151,149
138,140,139
168,167,104
166,165,164
157,156,147
189,196,195
65,231,66
80,75,223
80,214,81
66,226,74
226,66,231
75,226,225
66,74,67
226,75,74
67,74,71
80,79,78
80,76,75
80,78,77
86,205,89
188,95,94
91,90,196
92,91,94
90,89,197
89,87,86
81,213,82
85,82,86
94,93,92
87,89,88
170,99,171
213,86,82
176,171,99
72,71,74
80,77,76
58,57,56
69,71,70
68,67,69
71,69,67
73,72,74
85,84,82
82,84,83
181,96,95
97,96,181
91,188,94
176,99,98
100,99,103
101,103,102
103,101,100
98,97,181
103,99,170
170,169,103
227,226,231
158,110,106
147,129,157
150,149,151
145,144,142
129,146,131
146,129,147
146,145,131
129,131,130
142,141,132
131,145,132
133,140,138
145,142,132
144,143,142
110,157,129
135,137,136
128,117,129
140,133,141
133,135,134
132,141,133
137,135,133
147,156,148
117,127,118
129,116,110
117,116,129
115,111,116
128,127,117
111,115,113
116,111,110
104,166,105
169,168,104
109,108,107
109,107,106
109,106,110
160,106,105
126,124,123
124,126,125
123,118,127
123,122,120
120,122,121
115,114,113
113,112,111
123,119,118
120,119,123
127,126,123
169,104,103
137,133,138
240,242,241
