# Canada region 3
43 40
# Outer Vertices
-79.763062,55.791660
-79.763062,55.814159
-79.470573,56.104431
-79.497223,56.133598
-79.567497,56.112770
-79.909180,55.840549
-80.025009,55.901371
-79.733902,56.163601
-79.550293,56.256378
-79.466667,56.424709
-79.471390,56.544430
-79.436401,56.525829
-79.419724,56.443600
-79.519997,56.220829
-79.575012,56.145260
-79.535278,56.178322
-79.427231,56.203041
-79.301392,56.447208
-79.284729,56.603600
-79.249184,56.605820
-79.253067,56.550819
-79.126678,56.524712
-79.100014,56.463039
-79.039169,56.428879
-78.936111,56.428879
-78.908340,56.343040
-78.879997,56.313881
-79.003891,56.204430
-79.200287,55.902210
-78.970573,56.314159
-78.970840,56.383598
-79.043327,56.360538
-79.091133,56.209431
-79.061401,56.199162
-79.219177,55.971661
-79.126404,56.173038
-79.144447,56.232208
-79.237808,56.147671
-79.435562,55.898041
-79.485291,55.861370
-79.567780,55.864712
-79.631119,55.899151
-79.763062,55.791660
# Triangles
1,42,41
5,7,6
2,41,40
40,39,38
2,40,38
16,2,37
41,2,1
5,4,7
7,14,8
7,4,14
14,13,8
15,3,16
14,3,15
13,12,9
16,3,2
13,9,8
9,11,10
11,9,12
4,3,14
35,34,33
36,35,32
37,36,17
27,29,28
37,17,16
29,27,26
29,26,25
36,32,31
33,32,35
17,21,20
21,17,22
18,20,19
18,17,20
30,29,25
30,25,24
31,30,23
23,22,31
24,23,30
22,17,36
36,31,22
2,38,37
