# Canada region 33
27 24
# Outer Vertices
-79.974731,69.502197
-80.217239,69.528870
-80.236389,69.556091
-80.208618,69.618027
-80.235580,69.620796
-80.309189,69.557480
-80.462250,69.656372
-80.805023,69.697746
-80.666412,69.748032
-80.405029,69.712753
-80.498901,69.759697
-80.479172,69.789978
-80.206703,69.798027
-80.120567,69.758591
-80.153641,69.722198
-80.073349,69.749687
-79.896118,69.736649
-79.525299,69.806923
-79.442520,69.794983
-79.331703,69.713318
-79.342529,69.693039
-79.600304,69.612762
-79.918350,69.603592
-80.021973,69.643593
-80.081970,69.630539
-79.938080,69.531921
-79.974731,69.502197
# Triangles
5,9,6
3,2,1
14,3,24
9,5,4
14,4,3
9,8,6
8,7,6
4,12,9
12,4,14
12,11,9
14,13,12
9,11,10
3,1,24
26,25,24
26,24,1
24,23,15
23,22,16
16,22,21
15,23,16
20,19,18
17,21,18
17,16,21
18,21,20
15,14,24
