# Canada region 60
17 14
# Outer Vertices
-79.827789,61.566662
-80.065567,61.743881
-80.183350,61.752769
-80.288887,61.868038
-80.257507,61.883881
-80.294449,61.978039
-80.216667,62.172489
-80.017502,62.358601
-79.859734,62.401371
-79.540863,62.411098
-79.266403,62.258041
-79.261398,62.163601
-79.402786,61.945541
-79.605560,61.765270
-79.628891,61.669159
-79.754181,61.580269
-79.827789,61.566662
# Triangles
4,3,2
2,1,4
4,1,6
5,4,6
7,6,1
13,8,7
7,1,13
16,15,13
14,13,15
12,8,13
9,12,11
9,8,12
11,10,9
13,1,16
