# Canada region 13
1001 998
# Outer Vertices
-87.292664,81.503952
-88.306686,81.581360
-89.548630,81.477203
-90.398643,81.368591
-90.535858,81.376923
-90.841423,81.435532
-90.824463,81.459976
-89.632523,81.604713
-89.601967,81.627762
-90.094193,81.650818
-90.271408,81.697479
-90.353363,81.690536
-90.355583,81.673576
-90.293083,81.641373
-90.678909,81.668869
-90.991127,81.616089
-91.003357,81.592194
-90.964737,81.562469
-91.446693,81.524406
-91.444473,81.583588
-91.938919,81.655258
-91.902252,81.666924
-91.761139,81.681923
-91.509750,81.764977
-91.034737,81.763870
-91.152527,81.798027
-91.051697,81.828873
-89.783363,81.917213
-89.735023,81.900818
-89.630020,81.856369
-89.318077,81.790817
-89.333076,81.827187
-89.153923,81.878593
-89.170303,81.895813
-89.397797,81.909416
-89.398071,81.930817
-89.249741,81.941093
-89.075027,81.911636
-88.989754,81.921082
-89.054466,81.987473
-88.625847,82.062759
-88.075577,82.104980
-87.462799,82.080544
-87.196136,82.026367
-87.173363,82.011093
-87.314468,81.973862
-86.804176,81.893044
-86.726967,81.891922
-86.835022,81.927750
-87.127243,81.963867
-87.045029,81.984970
-86.842796,81.987198
-87.009750,82.030533
-86.892517,82.054138
-86.315308,82.052200
-85.960571,82.007477
-85.422523,81.857483
-85.386124,81.874969
-85.732239,81.983307
-85.608078,82.000259
-85.217529,81.995529
-85.049187,81.974426
-85.038643,81.994141
-84.859192,81.985260
-84.816971,81.970810
-84.811974,81.927467
-84.656418,81.887756
-84.621689,81.899406
-84.751694,81.984703
-84.932533,82.019417
-86.600594,82.121368
-86.752518,82.141083
-86.869461,82.195251
-86.871964,82.207748
-85.414177,82.276093
-85.367798,82.291092
-85.481689,82.313583
-85.420303,82.344971
-85.537247,82.345261
-85.501419,82.398857
-85.905029,82.424973
-85.819748,82.454422
-85.096130,82.481644
-84.662804,82.468582
-84.631683,82.440262
-84.940582,82.431923
-84.344467,82.352753
-84.047523,82.371368
-83.706703,82.344971
-83.384750,82.282204
-83.344467,82.227203
-83.023071,82.159416
-82.953079,82.119980
-82.978363,82.093872
-83.126129,82.072479
-81.926407,82.034698
-81.914467,82.052750
-82.021133,82.082199
-82.584473,82.092758
-83.011414,82.221649
-83.029190,82.276657
-82.990860,82.292480
-82.382523,82.241089
-80.977249,82.040253
-80.120033,81.977753
-79.564194,81.825256
-79.229187,81.816093
-79.921692,81.984970
-79.832237,82.013870
-80.657516,82.064697
-80.922523,82.103592
-80.975594,82.123581
-80.868073,82.154984
-81.587799,82.196091
-82.625847,82.359154
-82.722794,82.388313
-82.728912,82.408310
-82.520859,82.502472
-81.922523,82.523033
-82.390297,82.611923
-82.371964,82.639687
-82.215302,82.668587
-81.503082,82.634697
-80.920303,82.535248
-80.581703,82.543030
-80.897522,82.636368
-81.573639,82.788307
-81.585297,82.800812
-81.473083,82.824982
-80.500847,82.797470
-80.158363,82.727753
-80.181412,82.687759
-79.941971,82.649406
-79.801132,82.646637
-79.983353,82.689148
-79.886139,82.708588
-78.894203,82.665253
-78.521133,82.676933
-78.576691,82.686920
-79.243073,82.695251
-79.836960,82.750526
-79.996964,82.803307
-80.194473,82.838318
-80.398071,82.899696
-79.458633,82.974136
-79.144737,82.921921
-79.066704,82.875259
-78.719742,82.946640
-78.521683,82.921082
-78.504471,82.901093
-78.557800,82.860527
-78.500847,82.845543
-78.406418,82.873581
-78.144203,82.823303
-78.128906,82.836639
-78.241409,82.858871
-77.950302,82.914139
-77.768631,82.922470
-77.128357,82.863312
-76.934464,82.794434
-76.570572,82.666641
-75.914177,82.597473
-75.918640,82.579971
-76.194748,82.511093
-76.259628,82.467270
-76.230850,82.444702
-75.420303,82.606918
-75.434738,82.623871
-76.206413,82.708313
-76.300018,82.739700
-76.309464,82.752762
-75.976410,82.784698
-76.375580,82.789139
-77.385567,82.983032
-77.252518,83.025253
-76.425583,83.019417
-76.028923,83.054428
-74.436127,83.027206
-73.990860,82.933868
-73.817787,82.852753
-72.672523,82.698593
-72.498917,82.718307
-72.983917,82.783859
-73.355850,82.838593
-73.430573,82.893593
-73.633636,82.918587
-73.619461,82.941093
-72.685577,83.092758
-71.654190,83.097748
-71.618362,83.079971
-71.793350,83.020538
-71.778641,83.001648
-71.370033,82.918869
-70.871689,82.881088
-70.857803,82.897202
-71.497528,83.007202
-71.238907,83.060547
-70.373917,83.113327
-69.701973,83.110527
-69.664467,83.070824
-69.451141,83.035812
-69.233078,83.010246
-69.015579,83.040817
-68.975304,83.028313
-68.980850,82.982483
-68.404739,83.008324
-68.154190,82.991089
-68.188629,82.946091
-67.820297,82.958862
-67.041412,82.959702
-66.301407,82.931923
-66.369461,82.888313
-66.841423,82.810806
-68.599747,82.652481
-68.642517,82.628601
-66.670853,82.740250
-65.713364,82.843582
-65.468079,82.833313
-65.527252,82.797470
-65.197533,82.764137
-65.167526,82.769974
-65.353363,82.797203
-65.102798,82.848038
-65.307533,82.865547
-64.982529,82.901093
-64.684738,82.901642
-64.678627,82.884697
-64.936974,82.871368
-64.478912,82.764420
-64.103363,82.831650
-63.623901,82.833588
-63.412231,82.811081
-63.384178,82.775818
-63.510571,82.732483
-63.850288,82.715813
-63.557510,82.673859
-63.254730,82.650253
-63.235569,82.633324
-63.374729,82.611076
-62.964451,82.585533
-62.945560,82.563873
-63.078350,82.499687
-63.089741,82.466370
-62.553341,82.524406
-62.171959,82.525528
-61.577511,82.482193
-61.285568,82.430252
-61.141121,82.383034
-61.076401,82.320824
-61.135841,82.247482
-61.388069,82.183296
-61.870010,82.106644
-62.279171,82.015823
-63.849731,81.801086
-64.123917,81.768311
-64.180573,81.746368
-64.463074,81.721359
-65.332237,81.761093
-65.344467,81.743874
-65.631683,81.702477
-66.012527,81.696907
-65.991409,81.682747
-65.352524,81.691933
-65.429176,81.670807
-65.871964,81.627197
-66.025017,81.653030
-66.172523,81.618027
-67.716423,81.594421
-68.156693,81.561081
-68.330582,81.568588
-69.140030,81.708862
-69.291412,81.718872
-69.241409,81.699692
-68.449188,81.570824
-68.373627,81.537750
-68.849182,81.549149
-68.738907,81.528313
-68.091957,81.529137
-67.182533,81.564697
-66.791412,81.540817
-66.608627,81.512756
-68.990021,81.261368
-70.206703,81.179703
-70.050858,81.161636
-69.638077,81.177467
-70.024719,81.102226
-69.660294,81.135246
-69.463364,81.183029
-66.068359,81.457748
-64.893913,81.537750
-64.537804,81.543587
-64.436417,81.479424
-64.646133,81.396637
-65.441406,81.256363
-65.980850,81.223862
-66.438347,81.123596
-66.545029,81.070534
-67.208633,80.941933
-67.591690,80.933029
-67.567787,80.908577
-67.531128,80.897476
-67.653923,80.856369
-68.668907,80.673859
-68.787804,80.632477
-68.890030,80.597473
-69.273071,80.463867
-69.305573,80.418297
-69.596413,80.361076
-70.118362,80.344704
-70.305573,80.356087
-70.220306,80.416924
-70.499474,80.513870
-70.783363,80.563026
-70.813347,80.544983
-70.382523,80.413040
-70.448639,80.340263
-69.991127,80.268860
-69.990860,80.243317
-70.178627,80.189148
-70.745033,80.205811
-71.463074,80.118027
-71.732239,80.111923
-72.294456,80.223312
-72.420853,80.211090
-71.896973,80.115540
-71.926407,80.099983
-72.391968,80.085533
-72.169739,80.053307
-70.762802,80.133324
-70.507797,80.099701
-70.488632,80.057213
-70.719467,79.986359
-71.372803,79.939148
-71.460571,79.901367
-71.394470,79.884979
-71.110023,79.915253
-70.910294,79.885803
-71.116676,79.789703
-72.217796,79.659973
-72.912804,79.702187
-73.063080,79.799423
-74.080582,79.888031
-74.833359,79.849136
-74.699463,79.792763
-73.368073,79.768860
-73.295578,79.688583
-73.174469,79.651642
-73.126129,79.558296
-73.224747,79.524979
-73.616409,79.496918
-73.780029,79.503036
-73.916412,79.552467
-73.988907,79.551933
-73.996964,79.535538
-73.950302,79.493874
-73.983353,79.455544
-74.544189,79.438026
-74.933907,79.491089
-74.964752,79.513031
-75.060303,79.490807
-74.884460,79.416092
-74.935013,79.385246
-75.144203,79.375259
-75.786133,79.415253
-75.817520,79.448303
-75.931412,79.423576
-76.176132,79.488861
-77.142517,79.547470
-77.191406,79.511093
-77.134460,79.490250
-76.179176,79.459702
-76.159187,79.436081
-76.169189,79.400253
-75.881973,79.353317
-76.123627,79.331093
-76.870033,79.349426
-77.076401,79.398323
-77.125847,79.462479
-77.386139,79.452759
-77.353912,79.422470
-77.158630,79.329147
-77.926933,79.367340
-78.051407,79.354713
-77.928360,79.326370
-77.322250,79.267471
-76.237808,79.271088
-75.406128,79.237473
-74.585564,79.230530
-74.495300,79.207474
-74.817520,79.178864
-74.735291,79.159973
-74.475021,79.078583
-74.436691,79.057747
-74.493073,79.032471
-74.691132,79.022202
-75.626694,79.066093
-75.885567,79.097473
-75.856117,79.150818
-76.098068,79.199142
-76.160019,79.122192
-76.081970,79.099701
-76.146683,79.077759
-77.073639,79.070824
-77.495033,79.017761
-78.426407,79.083862
-78.891693,79.063309
-77.708633,79.013031
-78.271133,78.808868
-78.297523,78.788857
-78.248077,78.770248
-78.168327,78.780807
-77.902252,78.912750
-77.712250,78.966087
-76.559464,79.029419
-75.732529,78.969147
-75.781418,78.934692
-76.315582,78.896088
-76.440582,78.839417
-75.690582,78.893593
-74.933067,78.854141
-74.760849,78.823593
-74.807533,78.797760
-74.761688,78.773590
-74.831703,78.743317
-74.720016,78.707474
-74.870010,78.675812
-74.819473,78.627472
-74.644737,78.594971
-75.443359,78.512192
-76.325027,78.515259
-75.111969,78.372757
-75.031418,78.331360
-75.190308,78.299698
-75.358627,78.301651
-75.479187,78.222198
-75.613907,78.198029
-76.574188,78.249687
-76.855583,78.227478
-76.908363,78.195534
-75.621964,78.124420
-75.589188,78.089417
-75.912247,77.959427
-76.157516,78.012482
-76.490860,77.967758
-76.574463,77.941650
-76.898071,77.901642
-77.785294,77.948868
-78.261139,77.995247
-78.238632,77.973862
-78.209183,77.954697
-78.384453,77.928040
-78.426407,77.906372
-78.303093,77.865250
-78.006973,77.815811
-77.947250,77.773033
-77.963364,77.749420
-78.051697,77.729713
-77.981140,77.701370
-78.081703,77.673309
-77.753082,77.624969
-77.723068,77.599136
-77.980850,77.554703
-77.944473,77.511368
-78.025299,77.471649
-78.252518,77.439148
-78.249191,77.411636
-78.230850,77.392197
-78.712799,77.312469
-78.839737,77.310257
-78.726967,77.367477
-78.764740,77.380814
-79.083633,77.299973
-79.527252,77.302750
-79.712517,77.318314
-79.988632,77.273590
-80.682533,77.322479
-81.277512,77.424423
-81.895287,77.682480
-81.949188,77.655258
-81.911407,77.609421
-81.678360,77.538307
-81.666962,77.502197
-81.748352,77.448029
-81.523643,77.378036
-81.204193,77.370529
-81.169739,77.322479
-81.828346,77.285812
-82.091957,77.316360
-82.196671,77.298859
-81.904457,77.248581
-81.910568,77.194427
-81.784363,77.160721
-81.105850,77.283043
-80.155006,77.208038
-80.136963,77.186081
-80.401962,77.086639
-80.394470,77.072746
-80.206970,77.108582
-80.013351,77.190536
-79.725861,77.239967
-79.255020,77.218582
-79.041962,77.161087
-79.003906,77.103592
-79.376694,76.957474
-79.372238,76.923309
-78.954468,76.935257
-78.894203,76.903313
-78.963913,76.848038
-78.712517,76.823303
-78.720306,76.878593
-78.567520,76.887192
-78.563080,76.933029
-78.344193,77.007751
-78.140846,77.019974
-77.928909,76.966370
-77.881126,76.940262
-77.906403,76.911636
-77.835297,76.886917
-77.890289,76.862762
-77.715027,76.821091
-77.789467,76.781647
-77.769470,76.658310
-77.861969,76.629700
-78.013641,76.630814
-78.178360,76.566093
-78.138924,76.525818
-78.443359,76.452187
-78.607788,76.486649
-78.565582,76.563873
-78.790573,76.571640
-78.938080,76.449982
-79.229752,76.368027
-79.273064,76.304138
-79.781418,76.280807
-81.053360,76.128036
-81.090302,76.137482
-81.077240,76.158043
-80.953918,76.191093
-81.088074,76.207199
-80.761139,76.394150
-80.771667,76.419144
-81.208359,76.553589
-81.388924,76.481369
-81.716690,76.470261
-82.039726,76.509407
-82.059464,76.532471
-81.981949,76.584702
-82.056961,76.609154
-81.861969,76.669144
-82.081413,76.631088
-82.292801,76.635529
-82.442520,76.684982
-82.580307,76.776367
-82.725021,76.819138
-82.746140,76.804138
-82.556137,76.723038
-82.562523,76.688873
-82.435303,76.628036
-82.113907,76.572197
-82.093918,76.557213
-82.222504,76.532761
-82.158363,76.466087
-82.127518,76.441650
-82.260567,76.398590
-82.779449,76.383324
-83.091690,76.460823
-83.075302,76.532761
-83.211403,76.626923
-83.388077,76.671082
-83.355850,76.752197
-83.400864,76.759979
-83.518623,76.713318
-83.499191,76.676651
-83.254471,76.579422
-83.184189,76.496643
-83.223892,76.445534
-83.184464,76.424973
-83.256973,76.407471
-83.691132,76.428864
-84.033630,76.534698
-84.071136,76.616638
-84.284737,76.657761
-84.331131,76.647476
-84.202530,76.617203
-84.218353,76.564972
-84.249741,76.536926
-84.180023,76.491928
-84.195572,76.456360
-84.518913,76.427750
-84.783913,76.469971
-84.849182,76.536362
-84.970840,76.581917
-85.028641,76.574982
-85.051407,76.514137
-84.970581,76.426086
-84.397797,76.330544
-84.394180,76.308029
-85.386963,76.303040
-86.372238,76.386368
-86.415024,76.412750
-86.418640,76.469147
-86.222519,76.513313
-86.226410,76.542763
-86.628906,76.634407
-86.305023,76.528030
-86.508072,76.487762
-86.655853,76.467194
-86.631973,76.448029
-86.711143,76.348038
-87.130859,76.384140
-87.154190,76.401093
-87.118362,76.420807
-87.177254,76.444702
-87.423073,76.456917
-87.391113,76.496643
-87.500580,76.535248
-87.462799,76.586906
-87.537247,76.617477
-87.580017,76.611359
-87.571960,76.520813
-87.493073,76.503860
-87.553093,76.457199
-87.430283,76.417763
-87.498917,76.382202
-87.571671,76.345543
-87.719742,76.343033
-87.817520,76.390533
-87.872803,76.407204
-87.900864,76.363037
-88.351387,76.384979
-88.434464,76.402206
-88.360580,76.431091
-88.438629,76.464142
-88.353912,76.508591
-88.520859,76.617752
-88.478638,76.656082
-88.559464,76.727753
-88.479752,76.776917
-88.477798,76.807747
-88.541946,76.812759
-88.696693,76.725540
-88.646133,76.677750
-88.582230,76.626923
-88.660583,76.599983
-88.521133,76.566093
-88.489471,76.503311
-88.611969,76.452187
-88.597794,76.405807
-88.677254,76.401917
-88.658363,76.475807
-88.640297,76.558594
-88.688904,76.591370
-88.796417,76.550262
-88.775284,76.524406
-88.832779,76.498871
-88.781418,76.466370
-88.901962,76.408310
-89.015030,76.412750
-89.045578,76.447479
-89.119743,76.422203
-89.414749,76.491928
-89.424469,76.559143
-89.667252,76.564423
-89.603912,76.621918
-89.431396,76.663589
-89.411972,76.680252
-89.456970,76.713318
-89.400864,76.733582
-89.501106,76.809692
-89.533363,76.853592
-88.464752,77.065536
-88.436417,77.092194
-88.436401,77.117477
-87.651962,77.127762
-87.617798,77.094971
-87.349457,77.106087
-87.436127,77.144699
-87.336937,77.179138
-86.911667,77.138313
-86.804466,77.127197
-86.833633,77.148323
-86.890030,77.164429
-87.182800,77.196907
-87.178627,77.213028
-87.033363,77.251648
-87.197510,77.275253
-87.232803,77.305527
-86.831703,77.352203
-87.064194,77.366928
-87.391129,77.330544
-87.696136,77.355530
-87.780289,77.421082
-87.775299,77.441360
-87.642517,77.480263
-87.694473,77.537201
-88.162247,77.626923
-88.223618,77.662483
-88.150299,77.725540
-88.171127,77.761917
-88.178360,77.795532
-88.103912,77.813583
-88.068077,77.820251
-87.295029,77.898033
-86.461693,77.836090
-85.976143,77.704147
-85.718353,77.464706
-85.503906,77.474701
-85.491966,77.454147
-85.513077,77.435257
-85.400017,77.395813
-84.973358,77.377197
-84.720016,77.311653
-84.479462,77.294418
-84.481956,77.317749
-84.615021,77.383034
-84.550308,77.401367
-83.833908,77.448868
-83.801407,77.464706
-83.426407,77.499687
-82.799187,77.771088
-82.807243,77.799423
-82.674469,77.836906
-82.513077,77.956360
-82.591141,78.011093
-82.538071,78.031082
-82.326141,78.065262
-82.336143,78.078873
-82.764740,78.019699
-82.794189,77.994980
-82.728912,77.929703
-83.111687,77.789703
-83.200844,77.705544
-83.674469,77.530533
-83.986969,77.499977
-84.839752,77.538040
-84.866409,77.574142
-84.450851,77.701637
-84.428360,77.722748
-84.480827,77.728592
-84.521133,77.689148
-84.922523,77.601639
-85.299187,77.660538
-85.308350,77.676086
-85.268082,77.701920
-85.348907,77.728867
-84.946960,77.822746
-85.034470,77.834976
-85.297813,77.797203
-85.400299,77.813309
-85.400299,77.836357
-85.232239,77.881638
-84.865860,77.893311
-84.853912,77.874420
-84.912247,77.838867
-84.523071,77.900253
-84.318909,77.886917
-84.401962,77.910248
-85.200577,77.901642
-85.474747,77.868591
-85.505859,77.899979
-85.678909,77.929428
-85.607529,77.957199
-85.065582,78.056374
-84.761688,78.023590
-84.288094,78.075531
-84.533081,78.085533
-84.799187,78.055252
-85.077530,78.090813
-85.087799,78.103317
-84.993073,78.160248
-84.631126,78.199982
-84.178360,78.172760
-84.479752,78.216919
-84.966690,78.215813
-84.834473,78.314972
-84.772522,78.342194
-84.848633,78.381927
-84.782806,78.505814
-84.619751,78.588318
-84.675293,78.588318
-84.978638,78.414978
-84.962250,78.343582
-85.418350,78.118874
-86.148361,78.054703
-86.267242,78.066360
-86.291412,78.081360
-86.251404,78.156647
-85.950302,78.228317
-85.827507,78.344147
-85.833359,78.379967
-86.053070,78.297470
-86.073639,78.248581
-86.399460,78.200256
-86.497803,78.215530
-86.719742,78.121918
-87.079742,78.102753
-87.505859,78.128311
-87.526962,78.149139
-87.352249,78.191093
-87.089752,78.201920
-87.262222,78.226639
-87.475594,78.216370
-87.518913,78.230530
-87.493912,78.379967
-87.525574,78.410248
-87.415024,78.470261
-87.140556,78.550262
-86.866409,78.546371
-86.878082,78.573029
-87.095581,78.568588
-87.109467,78.593033
-86.649727,78.795532
-85.099747,78.917763
-83.371689,78.776642
-82.417252,78.574142
-82.308350,78.568863
-82.245453,78.597488
-82.559464,78.682213
-82.569473,78.711357
-82.230850,78.717758
-82.232239,78.736359
-83.210564,78.798859
-83.255859,78.829971
-83.085861,78.855530
-81.741409,78.839142
-81.660858,78.877762
-81.753082,78.912201
-81.654190,78.993591
-81.486397,79.041641
-81.546417,79.062187
-81.999741,78.960251
-82.110313,78.913589
-82.503082,78.882751
-82.924469,78.934982
-84.229187,78.958038
-84.726967,79.027763
-84.779190,79.046654
-84.789467,79.069427
-84.544189,79.141373
-84.050018,79.103317
-83.990593,79.051651
-83.600594,79.025253
-83.386139,79.039429
-83.373901,79.056374
-83.688080,79.066650
-84.030029,79.151642
-83.942520,79.211090
-83.979752,79.221649
-84.086143,79.188026
-84.327240,79.188583
-84.335571,79.252197
-84.452797,79.328873
-84.485023,79.406372
-84.947250,79.525818
-85.029190,79.615807
-85.493362,79.700531
-86.387802,79.747482
-86.486687,79.763603
-86.493362,79.800537
-86.379997,79.821373
-86.454742,79.847748
-86.460571,79.919693
-86.390030,79.958038
-86.118637,79.959137
-85.365860,79.896362
-85.271133,79.923859
-86.442787,79.999687
-86.636929,80.092484
-86.659737,80.128036
-86.515030,80.299149
-86.116127,80.333588
-83.989471,80.264420
-83.615837,80.210533
-82.532806,79.947197
-82.153061,79.858871
-81.970016,79.752762
-81.978912,79.718307
-81.616409,79.623306
-81.785294,79.614967
-81.728638,79.589706
-81.605850,79.588593
-81.457237,79.636917
-80.630577,79.564148
-80.608627,79.576103
-80.618637,79.597198
-79.904739,79.646927
-79.827240,79.698593
-80.795303,79.648033
-81.630020,79.764420
-81.568077,79.795807
-81.599747,79.851929
-81.665024,79.897751
-81.402252,79.932480
-81.557533,79.960823
-82.168350,80.013603
-83.186974,80.306641
-83.166962,80.326920
-80.024750,80.527481
-78.025726,80.581787
-78.416687,80.608032
-79.863632,80.603027
-79.934464,80.619423
-78.198639,80.796921
-76.591141,80.842758
-76.490860,80.874969
-76.986969,80.890259
-78.190582,80.888313
-78.869751,80.852203
-78.930023,80.887192
-78.861687,80.911087
-78.874474,80.949692
-78.930573,80.981918
-78.800018,81.026367
-78.426407,81.120796
-78.406418,81.144974
-78.472794,81.158310
-76.765030,81.428589
-76.777802,81.444427
-77.896133,81.335533
-78.652527,81.197197
-78.721130,81.172203
-78.754471,81.135803
-78.690857,81.119423
-78.916962,81.098038
-79.486397,81.194977
-79.435303,81.169418
-79.073639,81.090813
-79.142242,81.069138
-79.255287,81.058868
-79.343918,80.998306
-79.164749,80.983032
-79.165298,80.966637
-79.618073,80.819427
-81.065857,80.644699
-82.799187,80.539429
-83.128891,80.544144
-83.170303,80.564148
-83.156418,80.606644
-83.078079,80.644974
-82.025299,80.746643
-81.763077,80.810806
-81.943909,80.833038
-83.143913,80.698593
-83.488907,80.699417
-83.569473,80.739151
-83.133072,80.818863
-83.158363,80.833588
-83.493362,80.787750
-83.829742,80.731918
-83.836411,80.719704
-83.723358,80.643860
-83.779190,80.570824
-83.840584,80.545532
-84.313629,80.513603
-85.857803,80.543297
-85.571960,80.615250
-85.694748,80.613586
-86.011963,80.533310
-86.551407,80.573593
-86.739197,80.597473
-86.660294,80.666092
-85.774193,80.948868
-84.991409,81.040253
-84.496964,81.041092
-82.523071,81.166367
-83.150017,81.151367
-85.250313,81.055252
-85.606689,81.054977
-86.309738,80.940811
-87.271408,80.630249
-87.594742,80.628593
-89.290863,80.849426
-89.450577,80.903313
-89.462517,80.919144
-88.905853,80.977753
-88.206970,81.002472
-86.755020,81.001083
-85.839188,81.075256
-85.887802,81.118874
-84.776138,81.266083
-84.746140,81.289429
-84.998077,81.306923
-85.768631,81.244713
-86.517242,81.119980
-89.629471,81.009140
-90.011963,81.033043
-90.198067,81.069702
-90.347519,81.161636
-90.311974,81.186653
-90.043327,81.239433
-88.982529,81.241928
-88.949738,81.253593
-89.655853,81.288040
-89.917252,81.314423
-89.940582,81.333313
-88.823349,81.453583
-88.932533,81.480797
-88.716141,81.513031
-87.984467,81.535812
-87.276962,81.485809
-87.292664,81.503952
# Triangles
658,657,656
661,659,665
659,661,660
654,658,656
656,655,654
652,658,654
648,647,646
630,629,631
650,649,646
646,649,648
632,631,633
629,633,631
661,663,662
658,667,659
652,654,653
664,661,665
663,661,664
651,640,652
650,643,651
652,667,658
641,651,643
650,646,644
633,635,634
641,643,642
635,633,637
643,650,644
644,646,645
641,640,651
629,628,633
624,621,625
618,627,626
623,621,624
619,626,625
628,627,633
611,610,609
611,609,608
611,678,612
608,606,611
607,606,608
598,600,599
613,612,614
619,621,620
621,619,625
615,614,616
621,623,622
673,627,618
675,617,616
619,618,626
616,612,675
606,603,611
603,606,605
604,603,605
705,679,602
598,601,600
603,602,679
612,616,614
617,674,618
598,597,601
638,633,627
678,611,603
667,666,665
652,640,667
665,659,667
669,668,667
667,670,669
640,670,667
638,670,639
670,638,671
633,638,637
639,670,640
672,671,673
673,671,638
673,638,627
618,674,673
636,635,637
696,695,697
695,701,697
699,698,700
700,698,697
697,701,700
692,690,693
690,692,691
693,690,689
701,694,702
798,797,796
693,702,694
803,802,801
695,694,701
676,675,677
677,675,678
685,684,686
682,684,683
702,693,689
681,684,682
680,679,687
675,612,678
681,680,687
686,684,687
702,687,703
687,684,681
679,704,687
689,688,702
704,679,705
675,674,617
704,703,687
799,798,795
688,687,702
795,794,799
795,798,796
800,799,806
799,794,807
794,793,807
785,784,786
783,787,786
783,786,784
791,790,792
793,792,811
803,801,800
679,678,603
792,790,811
602,601,597
596,595,594
596,594,597
597,594,593
593,592,597
582,590,589
582,589,588
597,592,709
587,585,588
582,588,585
585,587,586
578,571,579
582,584,583
710,591,711
710,709,592
591,590,711
708,597,709
715,714,713
580,716,712
592,591,710
582,581,712
585,584,582
590,582,711
581,580,712
571,716,580
716,715,713
579,571,580
716,713,712
578,572,571
582,712,711
571,570,717
572,578,577
708,705,602
577,576,575
577,575,573
566,565,564
566,564,554
573,575,574
563,561,560
561,563,562
560,557,563
560,559,558
564,563,557
568,567,569
554,564,556
567,566,554
718,569,554
569,567,554
553,552,488
555,554,556
553,718,554
560,558,557
490,488,549
564,557,556
550,549,488
551,488,552
719,553,488
488,551,550
490,489,488
570,569,718
478,488,487
573,572,577
722,488,478
708,706,705
706,708,707
747,749,748
741,740,743
745,740,753
745,743,740
746,745,753
745,744,743
749,747,750
739,753,740
743,742,741
747,746,750
762,759,757
751,750,746
762,761,759
760,759,761
759,758,757
787,783,782
763,757,756
752,751,753
739,754,753
767,766,769
769,766,770
769,768,767
746,753,751
787,782,788
734,733,736
736,735,734
736,733,737
733,771,755
754,738,737
738,754,739
737,755,754
755,737,733
553,719,718
716,571,717
771,732,731
719,721,720
721,719,488
771,731,730
733,732,771
570,718,717
762,757,763
756,755,764
764,763,756
765,764,770
770,766,765
778,772,771
764,771,770
772,774,773
771,764,755
813,771,730
723,722,724
726,725,816
724,722,725
813,727,814
721,488,722
728,727,813
729,728,730
772,778,775
722,478,725
726,814,727
816,725,477
708,602,597
973,972,971
974,971,970
974,973,971
970,975,974
991,990,983
969,976,970
804,803,805
805,803,800
799,807,806
809,808,810
811,810,808
800,806,805
988,987,986
986,989,988
989,986,985
6,5,4
3,6,4
7,3,2
984,990,989
984,983,990
993,992,994
991,995,992
995,994,992
995,991,997
989,985,984
970,976,975
807,793,811
867,869,868
857,859,858
863,859,856
789,812,811
857,856,859
855,863,856
861,860,859
861,859,862
859,863,862
869,867,866
789,811,790
959,958,960
870,869,866
961,960,958
976,969,968
968,977,976
957,961,958
955,962,961
961,957,956
870,866,865
977,967,978
967,966,979
968,967,977
955,961,956
999,983,46
789,788,782
811,808,807
54,983,982
18,16,19
16,18,17
24,23,19
22,21,20
16,15,24
22,20,19
22,19,23
14,13,12
8,2,30
3,7,6
14,12,11
24,15,14
28,8,29
26,14,11
16,24,19
25,24,26
27,11,10
24,14,26
11,27,26
27,10,9
8,27,9
27,8,28
30,32,31
33,32,37
32,30,2
33,36,34
35,34,36
33,37,36
2,1,32
8,30,29
8,7,2
996,995,997
41,0,42
983,998,991
40,39,38
38,1,40
38,37,32
45,42,0
46,0,999
1,38,32
49,48,50
983,999,998
983,47,46
48,47,51
982,55,54
50,48,51
51,54,53
55,982,56
0,46,45
998,997,991
43,42,45
52,51,53
1,41,40
1,0,41
44,43,45
51,47,54
983,54,47
70,73,71
69,74,70
70,74,73
72,71,73
967,979,978
812,789,782
778,812,779
812,780,779
837,836,835
776,775,777
778,771,813
812,778,813
835,838,837
835,834,838
838,834,839
840,839,834
772,775,774
777,775,778
781,780,782
854,853,852
852,851,850
854,871,865
854,852,871
864,863,855
864,855,854
854,865,864
871,870,865
850,849,848
852,850,847
954,953,955
872,871,847
871,852,847
850,848,847
847,846,872
955,953,962
844,846,845
780,812,782
813,730,728
819,818,817
822,821,823
820,823,821
833,843,842
824,820,819
815,726,816
817,816,819
874,832,876
824,823,820
833,832,873
824,819,816
832,831,876
842,841,833
841,840,834
844,843,872
953,952,949
872,843,873
872,846,844
895,894,896
897,893,892
843,833,873
897,894,893
937,936,935
937,935,938
938,935,934
874,873,832
951,949,952
833,841,834
726,815,814
953,949,963
65,61,981
56,982,981
60,59,57
56,981,57
64,63,65
61,57,981
61,65,63
57,61,60
979,966,965
59,58,57
980,65,981
965,980,979
963,962,953
88,87,67
67,66,980
65,980,66
68,67,86
980,965,67
69,75,74
76,75,77
79,81,80
77,82,79
82,77,75
77,79,78
79,82,81
82,69,85
61,63,62
68,86,85
85,83,82
83,85,84
69,68,85
67,87,86
82,75,69
963,949,948
945,944,943
947,946,964
945,943,942
946,945,964
964,963,947
965,88,67
939,938,934
942,941,964
94,964,95
94,93,91
964,94,965
98,97,102
942,964,945
90,965,94
94,91,90
93,92,91
89,88,90
101,100,99
101,98,102
90,88,965
116,115,114
98,101,99
116,114,117
118,114,113
121,120,119
114,118,117
97,96,102
963,948,947
950,949,951
830,876,831
544,546,545
543,546,544
548,490,549
546,543,548
548,542,491
543,542,548
541,491,542
536,534,537
534,536,535
537,533,539
533,537,534
539,538,537
540,539,496
504,499,498
496,539,533
496,533,497
540,492,541
498,533,504
496,495,540
493,492,495
490,548,491
486,485,483
540,495,492
492,491,541
486,479,487
495,494,493
533,498,497
405,473,472
503,500,499
475,474,882
504,503,499
473,885,474
531,530,507
533,531,504
507,529,508
529,507,530
509,508,510
529,528,508
504,531,507
528,510,508
528,527,526
528,526,524
524,526,525
512,510,524
524,510,528
524,523,513
518,523,522
518,513,523
502,501,503
505,504,507
507,506,505
503,501,500
513,516,514
512,511,510
516,515,514
464,469,467
467,469,468
512,524,513
513,518,516
472,471,451
516,518,517
531,533,532
479,482,480
482,479,486
480,482,481
477,824,816
477,476,825
478,487,479
483,485,484
824,477,825
825,827,826
827,825,828
829,828,881
825,476,828
829,879,830
828,476,475
482,486,483
877,876,878
878,830,879
829,880,879
876,830,878
887,892,889
828,882,881
880,829,881
894,897,896
891,890,892
892,887,897
889,888,887
892,890,889
939,934,933
475,882,828
477,725,478
469,451,470
469,464,451
464,467,465
466,465,467
458,464,463
451,450,408
452,458,456
452,451,464
464,458,452
451,405,472
458,457,456
461,459,458
462,461,463
456,453,452
453,456,455
455,454,453
461,458,463
405,408,407
405,451,408
409,408,447
882,474,885
885,883,882
898,886,405
886,885,405
382,898,405
885,884,883
447,408,450
447,410,409
446,410,447
450,448,447
407,406,405
403,383,404
886,898,897
410,446,411
450,449,448
381,898,382
405,885,473
470,451,471
887,886,897
546,548,547
522,521,520
519,518,520
461,460,459
518,522,520
445,438,446
438,444,443
412,438,437
445,444,438
443,442,438
441,439,442
436,435,429
417,413,437
438,412,446
417,436,429
417,437,436
413,412,437
383,403,384
384,403,402
402,385,384
417,416,413
417,429,418
414,413,416
385,402,399
402,401,399
399,401,400
386,397,395
416,415,414
399,398,385
442,439,438
446,412,411
440,439,441
434,433,435
435,433,429
432,430,433
429,433,430
428,418,429
431,430,432
425,428,426
419,428,425
427,426,428
424,423,425
419,425,423
421,423,422
386,394,389
423,421,419
428,419,418
397,396,395
395,394,386
385,397,386
419,421,420
394,390,389
394,393,391
391,393,392
386,389,387
391,390,394
389,388,387
375,370,369
374,373,372
374,372,375
372,371,370
372,370,375
378,381,379
397,385,398
361,359,362
359,363,362
343,357,356
368,378,377
364,366,365
368,367,378
376,369,377
375,369,376
368,377,369
903,367,366
366,364,904
381,378,898
359,358,342
360,359,361
358,357,342
364,363,359
343,342,357
350,344,351
353,352,356
344,352,351
166,342,341
359,342,364
352,343,356
342,904,364
356,355,353
380,379,381
350,349,344
345,348,346
344,349,345
349,348,345
354,353,355
347,346,348
340,339,323
333,338,334
338,326,339
337,335,334
338,337,334
335,337,336
340,323,341
326,338,327
327,338,333
332,327,333
326,325,323
324,323,325
320,313,321
326,323,339
328,332,331
329,331,330
328,331,329
316,318,317
328,327,332
313,320,319
343,352,344
898,378,367
382,404,383
323,180,179
404,382,405
902,900,899
940,95,941
103,940,933
940,939,933
932,924,104
929,928,925
929,931,930
929,932,931
924,932,925
927,926,925
925,928,927
925,932,929
104,933,932
940,103,95
96,95,103
102,96,103
122,118,113
119,118,121
122,113,123
113,112,123
111,110,112
924,105,104
106,105,924
933,104,103
107,106,108
112,109,124
109,112,110
132,131,108
131,109,108
112,124,123
136,135,133
106,924,923
964,941,95
908,907,909
909,907,912
910,912,911
912,910,909
902,899,898
898,367,903
901,900,902
906,913,907
903,366,904
898,903,902
914,916,915
166,904,342
912,907,913
916,905,904
921,923,922
913,906,914
919,137,106
906,905,916
137,919,918
914,906,916
921,920,923
917,916,165
165,164,917
904,165,916
918,917,158
161,160,163
165,904,166
161,163,162
160,917,164
920,919,106
179,166,341
106,923,920
322,180,323
125,124,129
128,126,125
131,130,129
124,131,129
134,133,135
131,124,109
133,106,136
106,137,136
133,108,106
139,144,140
137,151,138
133,132,108
138,147,146
127,126,128
142,141,144
129,128,125
143,142,144
145,144,139
140,144,141
145,139,146
147,138,150
137,153,152
151,150,138
151,137,152
147,150,148
148,150,149
139,138,146
918,153,137
169,168,170
160,164,163
157,156,153
918,157,153
157,918,158
175,174,172
170,168,171
159,158,917
178,166,179
181,180,322
187,183,182
177,166,178
176,171,167
187,184,183
341,323,179
172,176,175
182,181,187
160,159,917
167,166,177
172,174,173
154,153,156
176,172,171
177,176,167
186,185,184
181,191,190
181,192,191
184,187,186
187,190,188
187,181,190
189,188,190
154,156,155
168,167,171
313,181,322
121,118,122
318,315,319
192,313,312
313,319,315
285,311,310
282,312,311
309,308,310
313,322,321
285,308,307
306,305,307
305,304,287
286,307,305
310,308,285
315,314,313
287,303,302
285,283,282
284,283,285
307,286,285
271,282,281
281,272,271
282,271,197
305,287,286
285,282,311
281,276,275
302,298,287
278,281,280
304,303,287
274,273,275
272,275,273
269,214,270
275,272,281
301,298,302
214,271,270
192,312,282
301,300,299
301,299,298
281,277,276
288,297,296
298,297,288
279,278,280
294,293,288
295,294,288
289,288,293
289,292,290
293,292,289
290,292,291
288,287,298
267,214,268
281,278,277
214,267,215
266,265,260
261,260,265
265,264,261
215,267,266
215,266,260
261,264,263
261,263,262
260,259,216
228,256,255
295,288,296
259,258,257
268,214,269
212,209,208
271,199,197
196,195,194
194,193,197
212,208,213
204,214,213
209,212,211
216,215,260
201,271,214
219,218,257
220,219,257
256,220,257
220,222,221
216,218,217
216,259,218
192,282,193
197,193,282
200,199,271
202,201,204
200,271,201
199,198,197
197,196,194
207,213,208
207,205,213
204,203,202
204,213,205
207,206,205
201,214,204
210,209,211
257,218,259
253,234,254
242,252,243
252,242,253
242,238,253
238,241,239
239,241,240
252,244,243
245,251,250
250,249,246
248,247,249
244,251,245
246,245,250
247,246,249
251,244,252
220,227,222
228,227,220
229,234,230
229,228,254
234,229,254
224,227,225
227,224,222
226,225,227
222,224,223
238,236,235
235,234,253
237,236,238
242,241,238
230,233,231
230,234,233
232,231,233
235,253,238
228,220,256
255,254,228
313,192,181
316,315,318
876,875,874
