# Canada region 30
19 16
# Outer Vertices
-95.722778,69.320824
-95.731949,69.373032
-95.648354,69.403313
-95.694458,69.540253
-95.815842,69.562759
-95.823059,69.514420
-95.781403,69.463028
-95.862228,69.348038
-95.961937,69.346359
-95.994171,69.383324
-95.946121,69.413857
-96.008347,69.468033
-95.920288,69.595261
-95.625839,69.616089
-95.488892,69.565536
-95.360001,69.509140
-95.402512,69.383324
-95.539726,69.325256
-95.722778,69.320824
# Triangles
9,8,10
10,7,6
7,10,8
11,10,12
12,10,5
5,4,12
10,6,5
12,4,13
2,1,0
2,0,17
14,17,16
3,2,14
3,14,13
2,17,14
16,15,14
3,13,4
