# Canada region 63
21 18
# Outer Vertices
-70.383911,62.531380
-70.711143,62.548599
-70.771133,62.564709
-70.734741,62.588600
-70.819748,62.604710
-70.854462,62.713600
-70.920303,62.740551
-70.770576,62.751930
-70.821693,62.774151
-71.148643,62.794991
-71.155296,62.818600
-71.033081,62.822769
-71.211960,62.857769
-71.217796,62.886929
-70.587799,62.774151
-70.376419,62.691101
-70.416412,62.653599
-70.299179,62.643600
-70.221970,62.599152
-70.212250,62.577770
-70.383911,62.531380
# Triangles
5,7,6
4,7,5
8,11,9
10,9,11
11,13,12
14,13,11
11,8,14
14,3,1
1,3,2
20,19,18
16,1,20
17,20,18
7,14,8
7,3,14
17,16,20
16,15,14
1,16,14
3,7,4
