# Canada region 92
27 24
# Outer Vertices
-104.790298,77.108871
-104.993599,77.164978
-105.375603,77.206917
-105.377197,77.218582
-105.316704,77.223312
-105.571999,77.323303
-105.548897,77.369423
-105.689697,77.417480
-105.655602,77.441933
-105.764999,77.463867
-105.677803,77.507202
-105.838097,77.570534
-105.823898,77.596359
-105.930801,77.663040
-106.091698,77.715263
-106.040604,77.744980
-105.648903,77.748581
-105.173599,77.612198
-104.959198,77.508034
-104.946701,77.479141
-105.016403,77.417763
-104.439201,77.314423
-104.472504,77.284149
-104.381401,77.264420
-104.397202,77.183868
-104.472504,77.137482
-104.790298,77.108871
# Triangles
9,8,10
16,6,17
6,8,7
8,6,10
14,13,15
15,13,16
11,10,12
12,16,13
16,12,10
10,6,16
5,4,6
2,1,4
20,4,1
4,17,6
22,26,25
22,20,26
25,24,22
17,20,18
20,17,4
18,20,19
23,22,24
20,1,26
21,20,22
4,3,2
