# Canada region 82
19 16
# Outer Vertices
-93.570862,77.437759
-95.776962,77.474426
-95.889717,77.464417
-96.188606,77.544983
-96.329193,77.604980
-96.276123,77.640259
-96.255569,77.689697
-95.496407,77.805527
-95.428093,77.803307
-95.406418,77.746094
-95.118637,77.749687
-94.752518,77.788589
-93.852249,77.737762
-93.656952,77.776642
-93.174728,77.704147
-93.101959,77.662483
-93.474472,77.556091
-93.475304,77.471359
-93.570862,77.437759
# Triangles
5,4,3
3,2,6
1,7,2
5,3,6
7,9,8
6,2,7
1,9,7
1,10,9
18,17,16
16,15,14
18,16,13
1,11,10
18,13,12
11,18,12
14,13,16
11,1,18
