# Canada region 47
24 21
# Outer Vertices
-103.700600,76.304138
-104.334999,76.318588
-104.375801,76.348312
-104.329697,76.358032
-104.366699,76.387756
-104.460899,76.390259
-104.391998,76.421654
-104.391098,76.461090
-104.658897,76.545807
-104.682800,76.597473
-104.134201,76.669418
-103.940002,76.644699
-103.922501,76.633591
-104.052002,76.568863
-103.878899,76.573593
-103.826401,76.618317
-103.559402,76.563873
-103.591698,76.531372
-103.384499,76.492203
-103.057800,76.457748
-103.008102,76.441650
-103.011101,76.423309
-103.259201,76.342194
-103.700600,76.304138
# Triangles
3,2,1
3,1,13
4,3,7
5,4,6
7,9,8
7,13,10
7,6,4
10,13,11
7,10,9
3,13,7
1,23,13
23,22,18
18,22,19
23,18,17
19,21,20
21,19,22
13,12,11
15,17,16
17,15,14
14,23,17
14,13,23
