# Canada region 69
49 46
# Outer Vertices
-97.072533,77.804138
-97.120033,77.865250
-96.992508,77.914139
-97.755569,78.025528
-97.746948,78.040817
-97.651672,78.051933
-97.684448,78.073868
-97.648071,78.090813
-96.997803,78.075256
-96.887787,78.083038
-96.891953,78.106644
-96.870560,78.133324
-97.321404,78.207474
-97.926682,78.217758
-97.930008,78.236649
-97.773064,78.238861
-97.868057,78.279694
-98.055008,78.301651
-98.039467,78.322479
-98.037231,78.397202
-98.347794,78.443039
-98.404449,78.508873
-98.031403,78.559418
-98.140030,78.599426
-98.315567,78.643860
-98.371964,78.719971
-98.317780,78.746643
-98.364754,78.768044
-97.951401,78.816933
-97.160278,78.758873
-96.184464,78.628593
-96.164467,78.599983
-96.271683,78.538589
-95.964752,78.483582
-95.684738,78.521088
-95.206680,78.461639
-94.878082,78.391373
-94.831703,78.364700
-94.837799,78.347198
-95.388077,78.236359
-95.345863,78.217758
-95.130859,78.194138
-94.887238,78.063873
-95.100571,77.953583
-95.652252,77.929428
-96.285568,77.859421
-96.704727,77.874420
-96.710571,77.855530
-97.072533,77.804138
# Triangles
14,13,15
22,16,15
17,16,18
3,5,4
5,3,2
5,7,6
2,8,5
13,12,15
12,11,29
29,15,12
22,20,19
26,25,24
27,26,28
24,23,26
16,22,19
19,18,16
20,22,21
22,28,23
22,15,28
23,28,26
28,15,29
5,8,7
2,48,47
8,2,9
2,1,48
10,9,11
11,9,46
2,46,9
32,29,11
11,45,32
47,46,2
40,44,43
45,44,33
11,46,45
42,41,43
44,34,33
33,32,45
34,39,35
32,31,30
30,29,32
39,34,44
41,40,43
39,36,35
38,36,39
36,38,37
44,40,39
