# Canada region 81
2234 2231
# Outer Vertices
-83.635452,72.983582
-83.670303,72.998306
-85.170578,73.210823
-85.188629,73.228867
-85.115860,73.314423
-84.940567,73.363312
-84.756683,73.381088
-84.629204,73.298309
-84.339752,73.226089
-84.656418,73.390533
-84.625023,73.401367
-84.171692,73.475250
-83.724731,73.413040
-83.689468,73.323593
-83.630859,73.297203
-83.591141,73.307213
-83.633636,73.428864
-83.679749,73.453873
-83.978912,73.496643
-83.979187,73.518044
-83.176682,73.661926
-83.045837,73.645813
-82.841141,73.732758
-81.972504,73.730797
-81.476410,73.698029
-81.260033,73.563583
-81.180573,73.415253
-81.216141,73.303864
-81.192520,73.260529
-80.596413,73.148033
-80.549469,73.081917
-80.650864,72.969147
-80.618073,72.911087
-80.283630,72.777481
-80.258072,72.724426
-80.464752,72.665253
-80.556412,72.607193
-80.523911,72.577477
-80.813919,72.497757
-81.031418,72.390808
-81.376419,72.241364
-81.229736,72.258591
-80.880569,72.438309
-80.554749,72.512482
-80.509193,72.496643
-80.514473,72.379700
-80.680573,72.342194
-80.825577,72.257202
-80.839188,72.199692
-80.962799,72.196373
-80.569473,72.088318
-80.574188,72.068314
-80.646133,72.063309
-80.771408,72.104141
-80.996140,72.066650
-81.061974,72.054138
-81.046967,72.039978
-80.847504,72.056641
-80.793083,72.027763
-80.841423,71.939972
-80.983627,71.886368
-80.903900,71.885246
-80.756126,71.934143
-80.746964,71.982483
-80.556137,72.006927
-80.350594,72.069138
-80.352524,72.095543
-80.455307,72.146637
-80.486969,72.189423
-80.235313,72.203308
-80.306396,72.255249
-80.261139,72.294983
-80.194473,72.287750
-79.991676,72.176651
-79.704193,72.128311
-79.691971,72.141647
-79.924179,72.190536
-80.152252,72.310532
-80.115593,72.359421
-79.868362,72.432480
-79.861954,72.467484
-79.836960,72.498581
-79.734467,72.484421
-79.695557,72.460823
-79.769470,72.428864
-79.769203,72.412201
-79.595863,72.334702
-79.768913,72.245247
-79.769737,72.225807
-79.712784,72.211090
-79.689194,72.243591
-79.535858,72.268593
-79.450577,72.194977
-79.467239,72.249420
-79.543617,72.285812
-79.342529,72.400253
-79.168640,72.353867
-79.027786,72.277481
-78.965851,72.285812
-78.949463,72.266647
-79.036682,72.069427
-79.206703,71.986649
-79.190582,71.958313
-78.996689,71.965263
-78.585571,71.865807
-78.511139,71.864700
-78.519180,71.880249
-78.800583,71.970543
-78.924454,72.020538
-78.873901,72.067200
-78.878906,72.147476
-78.854462,72.173027
-78.512527,72.101089
-78.460861,72.073303
-78.381973,71.928040
-78.156967,71.811371
-77.906967,71.770538
-78.140030,71.830544
-78.321693,71.936920
-78.279190,71.953583
-78.140030,71.939423
-77.797523,71.792763
-77.752518,71.749153
-77.698349,71.811920
-77.866127,71.835251
-78.053093,71.929138
-78.334183,71.991364
-78.392242,72.098587
-78.696693,72.163589
-78.869461,72.229713
-78.793350,72.254967
-78.751968,72.287750
-78.795303,72.306091
-78.805023,72.333038
-78.604187,72.359421
-78.515846,72.330544
-78.529190,72.289703
-78.422241,72.170807
-78.384193,72.175537
-78.472794,72.242477
-78.458908,72.299973
-78.408363,72.325813
-77.793907,72.242203
-77.644470,72.186653
-77.650864,72.094704
-77.587250,72.134697
-77.622238,72.164429
-77.567520,72.180817
-76.997223,72.128036
-77.016968,72.137192
-77.550018,72.198029
-78.499191,72.404694
-78.559464,72.450813
-78.430573,72.586639
-77.598633,72.753593
-77.259750,72.751648
-76.753082,72.720543
-76.653923,72.670807
-76.681961,72.642471
-76.215302,72.596077
-76.150284,72.574142
-76.162521,72.526093
-76.107803,72.473038
-76.037247,72.489433
-76.070297,72.545532
-75.988907,72.580811
-75.759193,72.579147
-75.192520,72.491928
-74.947533,72.249687
-75.253082,72.116364
-75.733353,72.134140
-76.045853,72.076637
-76.301682,71.930527
-76.408890,71.854424
-76.374474,71.842484
-76.011139,72.049698
-75.796967,72.103592
-75.586143,72.121643
-75.233337,72.084137
-75.221130,72.064697
-75.281693,72.038589
-75.515030,72.018311
-75.618912,71.978592
-75.692520,71.833313
-76.067497,71.706650
-76.085571,71.691933
-75.795303,71.725807
-75.655029,71.826103
-75.567520,71.937469
-75.513351,71.995247
-75.174454,72.031921
-75.109467,72.101089
-74.996948,72.128593
-74.275299,72.078033
-74.122223,71.983582
-74.124474,71.949982
-74.212517,71.912750
-74.171127,71.868591
-74.263351,71.815811
-74.575302,71.818863
-74.563919,71.790253
-75.085297,71.700813
-74.955017,71.678589
-74.956413,71.648323
-75.292801,71.553307
-75.406418,71.512192
-75.205307,71.546371
-74.784180,71.682747
-74.662521,71.684143
-74.637527,71.641083
-74.733917,71.575531
-75.081703,71.515259
-75.146133,71.463593
-75.033363,71.513031
-74.838364,71.521927
-74.816132,71.493317
-74.925858,71.454147
-74.716690,71.419144
-74.705856,71.380814
-75.087517,71.200256
-75.065308,71.180817
-74.864471,71.252472
-74.626129,71.398857
-74.638077,71.426651
-74.735580,71.472473
-74.743073,71.511917
-74.714462,71.546654
-74.620033,71.558029
-74.523064,71.662201
-74.146973,71.738861
-74.097794,71.728867
-74.239471,71.634140
-74.252502,71.589981
-74.218918,71.556641
-74.148643,71.537483
-74.208633,71.588028
-74.211411,71.618591
-74.015030,71.741089
-73.944473,71.766647
-73.716690,71.776367
-73.678337,71.723587
-73.990593,71.527481
-73.988907,71.461357
-74.030296,71.433594
-74.176407,71.302200
-74.102798,71.303040
-74.091690,71.285538
-73.991127,71.329147
-73.854187,71.535812
-73.689194,71.588028
-73.588638,71.572197
-73.566971,71.544144
-73.649750,71.441360
-73.583618,71.388313
-73.622528,71.356644
-73.517242,71.379967
-73.482803,71.434418
-73.380287,71.385246
-73.682251,71.246094
-73.745850,71.088593
-73.873917,71.069702
-73.879730,71.047760
-73.715851,71.071640
-73.660583,71.103867
-73.673897,71.163040
-73.615837,71.230263
-73.434189,71.308594
-73.436417,71.340530
-73.349747,71.345261
-73.121964,71.291641
-73.053909,71.261642
-73.271973,71.220543
-73.235023,71.173309
-73.266129,71.124153
-73.445572,71.040253
-73.377808,70.980530
-73.173889,71.156921
-73.172523,71.216370
-73.004753,71.239700
-72.951424,71.316093
-72.993073,71.397751
-72.976143,71.409149
-72.765846,71.423859
-72.758911,71.437469
-72.838074,71.506363
-72.638641,71.544418
-72.578079,71.653587
-71.541412,71.499687
-71.158363,71.289978
-71.128632,71.251373
-71.363907,71.138870
-71.489731,71.061920
-71.890297,71.109421
-72.085571,71.070251
-72.110023,71.010803
-72.297523,70.947197
-72.334167,70.878593
-72.264191,70.866638
-72.162247,70.829971
-72.407700,70.689903
-72.624481,70.626343
-72.542801,70.609970
-72.156128,70.773590
-71.326141,70.885529
-71.204742,70.852478
-71.173897,70.862198
-71.289467,70.913589
-71.185577,71.019417
-70.836143,71.114433
-70.755577,71.115540
-70.605026,71.056374
-70.515030,70.940536
-70.519737,70.913857
-70.732803,70.824142
-70.740860,70.754700
-70.786133,70.729713
-71.083076,70.661636
-71.175308,70.583588
-71.592796,70.606918
-71.588074,70.542763
-71.724747,70.490807
-71.759193,70.439972
-71.865860,70.437469
-71.960571,70.412483
-71.727249,70.417480
-71.755577,70.329147
-71.849747,70.290817
-71.733627,70.313873
-71.674744,70.369713
-71.655579,70.472473
-71.525299,70.524696
-71.495567,70.578873
-71.253082,70.549698
-71.162247,70.520538
-71.321693,70.306641
-71.280029,70.274979
-71.289467,70.246094
-71.515030,70.061081
-71.528084,70.020248
-71.331703,70.128593
-71.063606,70.503593
-71.053360,70.553040
-70.997238,70.625809
-69.873917,70.883324
-69.773911,70.859421
-69.781418,70.841370
-69.926407,70.744713
-70.245033,70.638313
-70.423363,70.636917
-70.478912,70.606644
-70.400299,70.530258
-70.408081,70.514137
-70.493073,70.485809
-70.309723,70.498032
-70.390297,70.584427
-70.382797,70.615250
-70.120033,70.618591
-70.027252,70.589706
-69.987808,70.649979
-69.847519,70.683296
-69.665848,70.682213
-69.649193,70.731087
-69.569473,70.771927
-69.414467,70.788589
-68.329742,70.567200
-68.279190,70.531082
-68.296127,70.494141
-68.451424,70.409416
-68.451691,70.372482
-68.495300,70.368591
-68.581131,70.404137
-68.548080,70.447746
-68.582520,70.464417
-68.661972,70.431091
-68.656967,70.338593
-68.784187,70.310257
-69.215027,70.277206
-70.166687,70.036636
-70.163094,70.012482
-70.020576,70.058594
-69.843918,70.024696
-69.822533,69.981644
-70.148621,69.962196
-70.228912,69.911636
-70.444183,69.860527
-70.355850,69.841370
-70.184189,69.910248
-69.745567,69.974701
-69.739471,70.001373
-69.805023,70.038857
-69.783913,70.089417
-69.653351,70.144974
-69.219467,70.188309
-69.059464,70.165253
-69.011688,70.181091
-69.129753,70.214706
-68.680573,70.203033
-68.644203,70.147476
-68.691132,70.131927
-69.460571,69.813309
-69.597519,69.837753
-69.785294,69.827187
-70.001129,69.656082
-69.982803,69.615540
-69.811127,69.728867
-69.805573,69.772476
-69.713364,69.807480
-69.384750,69.780807
-69.188347,69.887756
-68.870293,69.953033
-68.692520,69.931091
-68.569748,70.014977
-68.338364,70.064148
-68.193626,70.123581
-68.334747,70.141647
-68.292252,70.186653
-68.313629,70.222198
-68.055862,70.322746
-67.795029,70.258873
-67.216957,69.937759
-67.115860,69.727203
-67.237244,69.715263
-67.791412,69.779419
-68.087799,69.756088
-68.323639,69.628860
-68.458359,69.629150
-69.329193,69.532471
-69.688919,69.569427
-70.023216,69.536880
-69.685028,69.548859
-69.300018,69.506088
-68.971413,69.555817
-68.593918,69.585533
-67.946411,69.454697
-67.258636,69.467484
-66.928360,69.383034
-66.676407,69.265808
-66.646683,69.203583
-66.689743,69.161926
-66.776138,69.128860
-67.016693,69.178589
-67.535294,69.159149
-68.210022,69.311371
-69.015030,69.354980
-69.241409,69.284149
-69.235023,69.259697
-69.115860,69.303307
-68.172523,69.269699
-68.088638,69.228867
-68.130020,69.197746
-68.263077,69.211357
-68.505287,69.195824
-68.707237,69.138313
-69.011139,69.119713
-69.091690,69.090813
-68.926971,69.098312
-68.956131,69.034149
-69.015030,68.976089
-68.930573,68.992752
-68.926407,69.025818
-68.615860,69.135803
-68.351677,69.171654
-67.725304,69.032204
-67.721130,69.009697
-68.029457,68.971359
-68.314194,69.010529
-68.485863,68.983307
-68.303360,68.985809
-68.040573,68.935257
-68.089752,68.901367
-68.001129,68.885529
-67.986969,68.854424
-68.473083,68.898857
-67.820297,68.787201
-68.407791,68.839142
-68.611969,68.835823
-68.515297,68.813583
-68.491676,68.791092
-68.967529,68.814697
-69.051971,68.846649
-69.361969,68.874153
-69.394470,68.857758
-69.245567,68.851357
-69.154167,68.827187
-69.357803,68.829147
-69.371407,68.812759
-68.957520,68.790527
-68.966690,68.754433
-68.529190,68.746643
-68.137527,68.691933
-68.095863,68.657204
-68.094467,68.627762
-68.680573,68.655533
-68.883911,68.608582
-68.594193,68.633591
-68.469467,68.606369
-68.559464,68.581650
-68.337799,68.593307
-68.183640,68.564972
-67.914467,68.546371
-67.904190,68.455811
-67.960571,68.396927
-67.898643,68.421654
-67.864471,68.549423
-67.525574,68.548576
-67.493073,68.523590
-67.634750,68.486649
-67.603912,68.453583
-67.622528,68.389137
-67.603638,68.378860
-67.551407,68.414429
-67.562813,68.487762
-67.232803,68.480530
-67.191971,68.426361
-67.100594,68.418297
-67.112808,68.478867
-66.961411,68.435806
-66.803360,68.467194
-66.663910,68.432480
-67.011139,68.353592
-67.286682,68.395813
-67.745850,68.343033
-67.852798,68.307213
-67.561691,68.333313
-67.583359,68.286636
-67.551697,68.258324
-67.482529,68.325813
-67.244186,68.358307
-67.011688,68.316093
-67.232483,68.281662
-67.327797,68.243591
-67.327797,68.181091
-67.398643,68.143860
-67.589752,68.167480
-67.480583,68.134697
-67.374191,68.127472
-67.273911,68.190811
-67.289467,68.236359
-67.120300,68.283043
-66.910019,68.259979
-66.769737,68.241089
-66.823639,68.126373
-66.965584,68.063873
-66.953629,68.017197
-66.748077,68.131638
-66.682800,68.141373
-66.678360,68.043297
-66.735023,67.982193
-66.647247,68.015533
-66.620300,68.125809
-66.579742,68.145538
-66.329178,68.132202
-66.310577,68.118591
-66.371964,68.081650
-66.390030,68.069427
-66.273071,68.087753
-66.184464,68.018860
-66.396683,67.907761
-66.398911,67.868591
-66.739754,67.877762
-66.496140,67.824417
-66.406967,67.829147
-66.395020,67.776093
-66.366127,67.777206
-66.297813,67.935532
-65.960297,68.034416
-65.942520,68.103027
-65.960571,68.144417
-65.920853,68.161926
-65.857803,68.110260
-65.853912,68.073303
-66.029190,67.949142
-65.944473,67.893860
-66.021973,67.650253
-65.969193,67.679138
-65.956131,67.818314
-65.795303,67.868027
-65.762527,67.914703
-65.823639,67.962753
-65.472794,67.996094
-65.443626,67.992203
-65.520576,67.843033
-65.615860,67.786087
-65.363907,67.597473
-65.328629,67.619141
-65.369461,67.702759
-65.550858,67.778313
-65.413361,67.918869
-65.190857,67.958313
-65.158630,68.002197
-65.059464,68.046921
-65.001129,68.055527
-64.723633,67.990540
-64.718353,67.976639
-64.874741,67.931091
-64.946693,67.917213
-65.048897,67.844147
-65.121964,67.820534
-65.017792,67.820824
-65.041412,67.761917
-65.145859,67.738861
-65.196693,67.697197
-65.204468,67.648323
-65.172501,67.633591
-65.130020,67.715813
-64.920029,67.790817
-64.816406,67.781372
-64.816132,67.710533
-64.799744,67.690811
-64.751968,67.777481
-64.755859,67.817749
-64.611969,67.826370
-64.475594,67.797203
-64.363632,67.759407
-64.578346,67.696907
-64.639473,67.660538
-64.318077,67.734154
-64.211411,67.674149
-64.204742,67.645538
-64.287247,67.621918
-64.067520,67.600250
-64.105850,67.549423
-64.039749,67.533577
-64.134743,67.490250
-64.261139,67.465263
-64.435577,67.478592
-64.384750,67.458313
-63.993351,67.449142
-63.942509,67.374687
-63.952511,67.335823
-63.904171,67.301651
-64.694183,67.350250
-64.797523,67.356644
-64.734741,67.333588
-64.246399,67.298576
-64.267242,67.274696
-64.380577,67.247482
-64.644203,67.242203
-64.809738,67.210251
-64.801407,67.195251
-63.976959,67.277763
-63.962791,67.270248
-64.013351,67.212196
-64.467529,67.167480
-64.647522,67.117477
-64.694473,67.034973
-64.696960,67.003311
-64.628357,67.012192
-64.604187,67.088318
-64.506683,67.129433
-63.483349,67.229424
-63.450569,67.222473
-63.453899,67.169418
-63.585560,67.083313
-63.788349,67.011368
-63.807510,66.988037
-63.772789,66.958862
-63.767231,67.006088
-63.439449,67.122482
-63.411671,67.176086
-63.418072,67.206093
-63.299179,67.297760
-63.248901,67.308868
-63.202789,67.293030
-63.293621,67.246368
-63.214180,67.257751
-63.170292,67.283859
-63.207790,67.315811
-63.122791,67.330811
-63.022789,67.298027
-62.971680,67.229424
-63.035839,67.171082
-63.273621,67.085251
-63.220570,67.016922
-63.227791,66.972748
-63.593620,66.831650
-63.822021,66.817200
-63.598339,66.803040
-63.488899,66.828308
-63.407509,66.814423
-63.453060,66.711639
-63.420292,66.698868
-63.320290,66.814148
-63.356121,66.874687
-63.335560,66.895538
-62.940289,66.966637
-62.845852,66.930817
-62.823620,66.803864
-62.895290,66.641922
-62.835560,66.666367
-62.750290,66.868874
-62.764729,66.925262
-62.652241,66.949417
-62.578621,66.947746
-62.509739,66.901917
-62.500851,66.842484
-62.319450,66.726357
-62.303341,66.772476
-62.442509,66.888603
-62.418900,66.926651
-62.261120,66.948029
-62.294460,67.021362
-62.175289,67.050262
-62.031960,67.045258
-62.005569,67.035248
-62.106121,66.917213
-62.019180,66.901642
-61.956680,66.963867
-61.838070,66.968582
-61.865841,66.939972
-61.749729,66.948029
-61.748341,66.906647
-62.007511,66.883034
-61.972790,66.872482
-61.713070,66.885803
-61.612789,66.870796
-61.636681,66.837753
-61.690571,66.814423
-61.547508,66.806641
-61.314171,66.687187
-61.262791,66.629433
-61.272511,66.600250
-61.447788,66.538307
-61.598629,66.550262
-61.734730,66.645813
-62.005009,66.696640
-62.016949,66.658043
-62.186680,66.627197
-62.141121,66.608582
-61.980289,66.648033
-61.797230,66.611923
-61.576679,66.487198
-61.591961,66.467758
-61.853901,66.416367
-61.558071,66.413857
-61.462791,66.369141
-61.887508,66.280258
-62.198898,66.314148
-62.232231,66.366089
-62.218620,66.396637
-62.607510,66.442749
-62.604179,66.403587
-62.710011,66.410538
-62.673901,66.393593
-62.495010,66.405533
-62.454182,66.353867
-62.320290,66.308296
-62.398350,66.273033
-62.666950,66.214417
-62.780849,66.277763
-62.779461,66.307213
-62.868061,66.336090
-62.873901,66.318314
-62.715012,66.201637
-62.370838,66.184982
-62.307510,66.156082
-62.108341,66.143044
-62.168072,66.119423
-62.153069,66.100807
-62.017231,66.076920
-62.108898,66.049973
-62.013069,66.023033
-62.307789,65.973862
-62.695560,66.042213
-62.779171,66.033310
-62.842232,66.064148
-62.878620,66.125809
-62.946949,66.148590
-63.050289,66.126373
-63.060291,66.116364
-62.940571,66.123871
-62.841961,66.027481
-62.418339,65.970543
-62.386120,65.931374
-62.452789,65.924698
-62.288071,65.813309
-62.591949,65.800812
-62.792240,65.861076
-62.829731,65.899979
-62.864182,65.911087
-62.874729,65.883034
-62.575291,65.761642
-62.583630,65.723312
-62.848068,65.763870
-62.799450,65.711906
-62.599720,65.675812
-62.617790,65.614967
-62.645569,65.587196
-62.672230,65.597198
-62.652512,65.634140
-62.720291,65.626083
-62.730839,65.588867
-62.851120,65.630539
-62.886120,65.734421
-62.949459,65.755249
-62.892231,65.641922
-62.953350,65.586906
-62.996681,65.585533
-63.010571,65.629150
-63.200569,65.633324
-63.499180,65.935257
-63.529171,65.876923
-63.347511,65.676651
-63.567509,65.653313
-63.375290,65.632202
-63.320011,65.593307
-63.355289,65.537750
-63.474731,65.523590
-63.596680,65.583313
-63.569462,65.549149
-63.511681,65.476089
-63.446949,65.488312
-63.295292,65.436371
-63.394180,65.425262
-63.583618,65.472748
-63.614460,65.452477
-63.391941,65.394974
-63.496399,65.366638
-63.335560,65.300537
-63.429459,65.270248
-63.343899,65.264977
-63.354450,65.247192
-63.458340,65.239433
-63.353901,65.201103
-63.510571,65.193314
-63.342232,65.140533
-63.398621,65.078033
-63.398621,65.029137
-63.520012,64.976639
-63.523060,64.903313
-63.579731,64.897202
-63.656399,64.937187
-63.601120,64.981918
-63.621960,65.001083
-63.781399,64.976639
-63.827511,65.007751
-63.655289,65.038040
-63.732510,65.048859
-63.824459,65.027481
-63.885841,65.079971
-63.791401,65.167763
-63.807510,65.184418
-63.916401,65.134979
-63.948620,65.100540
-64.074722,65.120796
-64.081413,65.063583
-64.121140,65.043869
-64.275864,65.098862
-64.081970,65.196091
-64.223083,65.198593
-64.319748,65.148323
-64.396133,65.207199
-64.337799,65.289139
-64.384193,65.274406
-64.390030,65.304428
-64.236687,65.421921
-64.273064,65.428589
-64.461693,65.294983
-64.509750,65.120529
-64.555573,65.092194
-64.575851,65.127472
-64.641129,65.149979
-64.620850,65.192467
-64.716690,65.156082
-64.714752,65.189972
-64.697533,65.234970
-64.706703,65.267471
-64.810852,65.234154
-64.896683,65.273323
-64.892242,65.308296
-64.696411,65.329697
-64.732803,65.337753
-64.909187,65.334702
-64.710861,65.389977
-64.442253,65.420258
-64.439468,65.479980
-64.456703,65.444977
-64.966690,65.405807
-64.989754,65.368317
-65.136139,65.422470
-65.168907,65.482758
-64.789177,65.584137
-64.839752,65.613861
-64.821693,65.641647
-64.709473,65.650528
-64.818909,65.661926
-64.950302,65.568314
-65.110313,65.541092
-65.220863,65.554977
-65.180283,65.593582
-65.303909,65.605530
-65.295853,65.631638
-65.126129,65.633324
-64.981407,65.704697
-64.803360,65.714142
-64.828079,65.729980
-65.047241,65.712479
-65.168350,65.656082
-65.431412,65.669144
-65.442787,65.699692
-65.374191,65.770248
-65.401138,65.781372
-65.472794,65.736359
-65.505577,65.743317
-65.408363,65.871643
-65.117798,65.964981
-64.940582,66.001923
-64.754997,65.966087
-64.755287,65.984703
-64.851410,66.028313
-64.755020,66.163857
-64.721687,66.217484
-64.396683,66.329697
-64.591690,66.308594
-64.840027,66.193314
-64.854187,66.109703
-65.226967,66.019150
-65.329193,66.003593
-65.498917,65.970261
-65.888077,65.948593
-65.941406,65.990250
-65.964188,66.043869
-65.472237,66.311920
-65.479752,66.387192
-65.952240,66.108871
-66.200851,66.169418
-66.240837,66.234703
-66.258911,66.238861
-66.420029,66.275818
-66.422523,66.256088
-66.371689,66.225250
-66.380020,66.204971
-66.489754,66.202759
-66.541138,66.241638
-66.515030,66.283310
-66.474747,66.275253
-66.515297,66.318588
-66.471130,66.347748
-66.565582,66.343872
-66.550308,66.373871
-66.438629,66.404137
-66.466423,66.414978
-66.728912,66.383324
-66.677521,66.449692
-66.755020,66.431923
-66.790298,66.471077
-66.821693,66.535538
-66.723083,66.576637
-66.749741,66.594971
-66.851967,66.583313
-67.023071,66.643311
-67.043350,66.625809
-66.887802,66.569427
-66.997238,66.529419
-67.149750,66.531921
-67.124191,66.513870
-67.079742,66.511917
-67.105850,66.485809
-67.198639,66.494141
-67.218079,66.538307
-67.523071,66.622192
-67.542801,66.602478
-67.515030,66.573593
-67.591423,66.581917
-67.726967,66.576637
-67.722794,66.558029
-67.317787,66.531082
-67.148643,66.443863
-67.140030,66.376648
-67.185303,66.363586
-67.350304,66.428864
-67.406418,66.429703
-67.378357,66.398590
-67.143356,66.319977
-67.152527,66.299973
-67.399193,66.292480
-67.638641,66.445534
-67.798630,66.460251
-67.923897,66.516083
-67.993073,66.506927
-67.760834,66.358032
-67.701424,66.284698
-67.749474,66.252197
-67.165024,66.036926
-67.311974,65.996918
-67.171967,65.926361
-67.201973,65.909149
-67.411133,65.943863
-67.454193,65.897476
-67.681961,65.925262
-67.743073,65.960533
-67.745567,65.936081
-67.703079,65.893044
-67.839752,65.883873
-67.938629,65.908043
-67.989471,65.986076
-68.030853,65.998032
-67.990860,66.092484
-68.230583,66.146362
-68.265030,66.218582
-68.338623,66.217194
-68.336143,66.174973
-68.417236,66.205261
-68.456413,66.271362
-68.523071,66.299423
-68.470581,66.224426
-68.448639,66.182213
-68.278084,66.083588
-68.225594,66.069977
-68.223358,66.126083
-68.134193,66.109970
-68.027252,66.074982
-68.052254,66.021927
-68.053627,65.991089
-68.091423,65.980797
-68.104752,66.015259
-68.185577,66.027481
-68.205582,66.002762
-68.119751,65.973862
-68.134193,65.963318
-68.333633,66.043587
-68.323914,66.003860
-68.260300,65.957748
-68.315567,65.959702
-68.333633,65.931923
-68.306137,65.908859
-68.150299,65.930527
-68.149193,65.889687
-68.182533,65.851639
-68.081123,65.834427
-68.205582,65.794983
-67.901962,65.784698
-67.813629,65.811653
-67.821411,65.768044
-67.972794,65.709137
-67.874191,65.643311
-67.903084,65.612473
-67.998917,65.566933
-67.951973,65.568314
-68.030853,65.484421
-67.730583,65.636368
-67.399193,65.676933
-67.265297,65.623306
-67.256973,65.599136
-67.336143,65.580811
-67.261139,65.529694
-67.362244,65.546921
-67.404739,65.519699
-67.335571,65.494141
-67.456703,65.501923
-67.339752,65.444427
-67.065582,65.458588
-67.107803,65.367752
-67.408913,65.334137
-67.326973,65.316933
-67.120033,65.309982
-67.168350,65.268044
-67.077797,65.250259
-67.120567,65.214142
-66.990860,65.198303
-66.934738,65.233871
-66.959183,65.106644
-67.055573,65.105263
-67.108612,65.060257
-66.898071,65.064972
-66.826424,65.149139
-66.730583,65.181374
-66.753357,65.113312
-66.827530,65.094704
-66.799469,65.064697
-66.851967,65.033859
-66.773361,65.028587
-66.735023,64.996643
-66.747238,64.958313
-66.830307,64.940811
-66.744751,64.926361
-66.727524,64.905258
-66.735023,64.824692
-66.699600,64.760681
-66.632523,64.781372
-66.684738,64.809143
-66.690018,65.038857
-66.535294,65.010803
-66.541412,64.954147
-66.480583,64.983871
-66.495567,64.938873
-66.379204,64.912201
-66.353912,64.941093
-66.309189,64.904694
-66.316971,64.869423
-66.251694,64.900253
-66.148361,64.868874
-66.192253,64.778870
-66.338074,64.768311
-66.206413,64.721077
-66.197250,64.683029
-66.152252,64.689148
-66.138924,64.749977
-66.064743,64.828583
-66.011414,64.848312
-66.011139,64.734154
-66.002243,64.758591
-65.950577,64.758324
-65.942787,64.711906
-65.823067,64.631927
-65.873901,64.708588
-65.900299,64.741638
-65.855850,64.750526
-65.938629,64.799973
-65.886688,64.822197
-65.958633,64.877762
-65.924744,64.891373
-65.780029,64.859970
-65.787247,64.801651
-65.733627,64.844421
-65.664467,64.808296
-65.742798,64.741089
-65.704742,64.687469
-65.708633,64.736076
-65.665298,64.771362
-65.627518,64.771088
-65.561417,64.733032
-65.576973,64.652481
-65.725304,64.525818
-65.708633,64.486649
-65.518082,64.499687
-65.505577,64.468872
-65.374741,64.525818
-65.345863,64.497482
-65.415298,64.453308
-65.397522,64.443314
-65.334183,64.480263
-65.276688,64.460823
-65.263077,64.517761
-65.210571,64.536087
-65.238358,64.483307
-65.120033,64.513313
-65.157242,64.470810
-65.085297,64.479713
-65.071953,64.430817
-65.176392,64.391373
-65.238358,64.407761
-65.262802,64.378860
-65.196136,64.365250
-65.180573,64.336906
-65.202530,64.306374
-65.343628,64.294983
-65.554176,64.323303
-65.654190,64.301651
-65.435577,64.289429
-65.442787,64.276093
-65.563347,64.248306
-65.283081,64.221077
-65.269203,64.197197
-65.392242,64.155807
-65.358627,64.146637
-65.273071,64.179138
-65.115860,64.106369
-65.170578,64.071373
-65.054466,64.074142
-65.103912,64.049149
-65.221413,64.036362
-65.190308,64.020248
-64.949188,64.014977
-64.942520,63.984711
-64.686417,64.039139
-64.630577,63.978321
-64.969467,63.854988
-64.987518,63.823040
-64.941704,63.773319
-64.660019,63.731930
-64.527527,63.676929
-64.506973,63.636929
-64.529190,63.608601
-64.558350,63.558880
-64.522781,63.514709
-64.498917,63.429150
-64.545578,63.395550
-64.627518,63.416660
-64.598907,63.380550
-64.510300,63.374981
-64.508072,63.309429
-64.622238,63.322208
-64.587799,63.299709
-64.482803,63.285820
-64.636139,63.235271
-64.775864,63.352211
-64.834473,63.498600
-65.193626,63.763321
-65.150864,63.772209
-65.281128,63.810261
-65.188080,63.728321
-65.019699,63.606060
-64.984467,63.586929
-65.085861,63.563881
-65.102249,63.536652
-65.043083,63.459709
-65.123627,63.400269
-65.035858,63.402489
-64.947250,63.357769
-64.901138,63.237492
-65.136139,63.290821
-65.113907,63.252209
-64.968918,63.217209
-65.030296,63.207489
-65.055023,63.182209
-64.821136,63.140820
-64.753357,63.096661
-64.864471,63.088871
-64.767242,63.062210
-64.790848,63.045269
-64.771408,62.983318
-64.846687,62.967209
-64.696411,62.952209
-64.648911,62.892769
-64.953079,62.895821
-65.080582,62.938599
-65.126968,62.993320
-65.153351,62.978870
-65.120300,62.923038
-65.269203,63.002209
-65.281693,62.972488
-64.985023,62.714161
-64.928360,62.632210
-65.145020,62.565819
-65.205017,62.566101
-65.295303,62.669430
-65.350594,62.679710
-65.328629,62.731930
-65.244186,62.779148
-65.361969,62.774712
-65.363892,62.816929
-65.255020,62.827770
-65.339752,62.837490
-65.326141,62.922771
-65.361397,62.909431
-65.396973,62.825821
-65.579468,62.811939
-65.638641,62.846100
-65.750847,62.922489
-65.685577,62.998878
-65.718353,63.049992
-65.743912,63.041100
-65.743912,62.965820
-65.814468,62.945541
-65.824188,62.921940
-65.781418,62.888599
-65.793640,62.870270
-65.961960,62.927490
-65.835007,63.026371
-65.926407,63.008320
-65.950577,62.975819
-66.031418,62.984711
-66.075012,63.021381
-66.275864,63.133881
-66.270287,63.104710
-66.094193,62.986931
-66.103363,62.946659
-66.159187,62.936649
-66.518631,63.065269
-66.545303,63.195541
-66.690002,63.281101
-66.670578,63.344711
-66.738907,63.294159
-66.685577,63.248051
-66.607803,63.210270
-66.588074,63.105549
-66.560303,63.078880
-66.606140,63.064709
-66.537804,62.998051
-66.673080,63.023041
-66.768356,63.087769
-66.806961,63.272491
-66.841957,63.263321
-66.846130,63.229710
-66.799744,63.177490
-66.818359,63.154148
-66.898071,63.171379
-67.023911,63.243038
-66.947800,63.284161
-67.006126,63.316662
-66.971130,63.389709
-67.000847,63.401661
-67.041138,63.335541
-67.014450,63.286381
-67.051971,63.273319
-67.180023,63.275539
-67.346970,63.374149
-67.397522,63.459148
-67.420029,63.431381
-67.477783,63.428879
-67.670303,63.653320
-67.778351,63.636929
-67.883057,63.744709
-67.861969,63.680820
-67.799744,63.632488
-67.801971,63.552212
-67.672241,63.412491
-67.674187,63.378319
-67.724472,63.364159
-68.176407,63.601101
-68.247528,63.597488
-68.216949,63.627209
-68.263077,63.688042
-68.312813,63.690269
-68.271118,63.638050
-68.365860,63.645260
-68.489754,63.736099
-68.996918,63.754120
-68.717796,63.528599
-68.301407,63.306660
-68.206703,63.227211
-68.244461,63.206100
-68.034737,63.154709
-67.917526,63.137211
-67.963348,63.064991
-67.914467,63.077209
-67.886139,63.120541
-67.610313,63.094151
-67.624191,63.061100
-67.783363,63.024151
-67.768631,62.989159
-67.769737,62.958321
-67.718918,62.958050
-67.698349,63.020821
-67.565582,63.049431
-67.500313,63.015541
-67.572800,62.963871
-67.410294,62.969990
-67.395287,62.958321
-67.246689,62.883598
-67.285858,62.854988
-67.209473,62.874981
-67.176132,62.846931
-67.180023,62.815269
-67.114754,62.820541
-67.086693,62.793598
-67.012527,62.734440
-67.049469,62.691380
-66.920029,62.696381
-66.981689,62.652760
-66.805023,62.678879
-66.726967,62.668598
-66.775299,62.636929
-66.568626,62.573040
-66.491966,62.469990
-66.497803,62.418049
-66.359734,62.447491
-66.394203,62.419159
-66.327530,62.384430
-66.475861,62.348598
-66.329468,62.267490
-66.363907,62.323040
-66.312500,62.344990
-66.164467,62.290539
-66.148911,62.249439
-66.256973,62.266102
-66.180573,62.237770
-66.010849,62.250542
-65.930573,62.201099
-66.051132,62.147770
-66.031403,62.068321
-66.132523,62.089432
-66.154190,62.125542
-66.200577,62.113041
-66.104462,62.044430
-66.138351,62.007488
-65.956703,61.918880
-65.955017,61.890270
-66.312241,61.863041
-66.632797,61.918880
-66.648643,61.952209
-66.923897,62.042488
-66.960571,62.014431
-67.232803,62.096100
-67.300858,62.068878
-67.343918,62.110821
-67.412521,62.151661
-67.499741,62.138599
-67.575577,62.174709
-67.722794,62.158039
-67.828346,62.172489
-67.827240,62.206100
-68.514191,62.244160
-68.722519,62.302212
-68.853912,62.381378
-68.882248,62.360538
-69.121689,62.410820
-69.281967,62.486099
-69.312241,62.523602
-69.277252,62.617489
-69.311417,62.596661
-69.360863,62.536381
-69.408363,62.569988
-69.402802,62.600269
-69.456131,62.623322
-69.428360,62.548321
-69.597519,62.662491
-69.495567,62.708321
-69.556412,62.706100
-69.557533,62.726379
-69.381126,62.754162
-69.621140,62.787769
-69.662247,62.743320
-69.681412,62.764149
-69.831703,62.821930
-69.823639,62.787491
-69.764740,62.734711
-69.940308,62.794159
-70.000580,62.757488
-70.253342,62.756100
-70.508362,62.865822
-70.769203,62.927212
-71.031418,62.951931
-71.005020,62.967770
-70.949173,62.964710
-70.940567,63.026932
-71.096130,62.979988
-71.146683,63.008320
-70.832413,63.138351
-70.946960,63.140541
-70.908913,63.170818
-70.990593,63.148041
-71.021133,63.078041
-71.127502,63.071659
-71.150299,63.100269
-71.251106,63.024712
-71.408363,63.055271
-71.394470,63.120270
-71.545288,63.125542
-71.710571,63.176659
-71.658913,63.192490
-71.753082,63.238041
-71.654739,63.243038
-71.667526,63.268600
-71.767242,63.277760
-71.753082,63.312771
-71.795853,63.346931
-71.730026,63.344990
-71.770287,63.408871
-71.916687,63.389149
-72.060852,63.428879
-71.984741,63.444149
-71.634750,63.419708
-71.285278,63.557209
-71.244751,63.610821
-71.315842,63.608601
-71.331703,63.565540
-71.414467,63.570541
-71.363907,63.607208
-71.377808,63.632771
-71.460571,63.600269
-71.456131,63.578880
-71.577240,63.581661
-71.573067,63.616650
-71.534187,63.710270
-71.638077,63.721100
-71.641693,63.683880
-71.608353,63.654430
-71.640297,63.646099
-71.721413,63.691929
-71.683060,63.733879
-71.737244,63.721100
-71.765839,63.694149
-71.823914,63.780540
-71.915863,63.810261
-71.970863,63.795818
-72.004471,63.752769
-71.853912,63.761379
-71.921417,63.645821
-71.970306,63.653049
-71.927803,63.694988
-71.955856,63.725819
-72.033913,63.665272
-72.194183,63.773602
-72.214188,63.677761
-72.317520,63.674160
-72.363907,63.749439
-72.317787,63.777760
-72.253082,63.760269
-72.235580,63.844990
-72.092529,63.904709
-72.210022,63.893040
-72.238907,63.952492
-72.276138,63.915539
-72.251404,63.879711
-72.373917,63.843319
-72.368057,63.782490
-72.521973,63.786930
-72.505577,63.804440
-72.521118,63.840260
-72.660583,63.850269
-72.641418,63.904430
-72.592796,64.018044
-72.676407,64.020248
-72.666412,63.980549
-72.720291,63.961102
-72.940582,64.058594
-72.888077,64.086090
-72.897522,64.156921
-72.964172,64.186653
-73.074463,64.180252
-73.055862,64.228867
-73.228912,64.329422
-73.310577,64.310806
-73.267242,64.273857
-73.328918,64.258873
-73.380577,64.268593
-73.391678,64.338593
-73.266953,64.368027
-73.343918,64.401093
-73.396408,64.367477
-73.472794,64.399139
-73.458076,64.435532
-73.305862,64.463593
-73.421951,64.463318
-73.371689,64.498871
-73.278084,64.519974
-73.164749,64.605530
-73.269447,64.593307
-73.297234,64.656921
-73.346687,64.641083
-73.302231,64.583862
-73.303360,64.538307
-73.463364,64.502472
-73.470573,64.570824
-73.408340,64.546921
-73.394203,64.566093
-73.460861,64.612198
-73.562241,64.583313
-73.623917,64.653030
-73.663910,64.640533
-73.644203,64.566093
-73.753891,64.535248
-73.896118,64.578033
-73.844727,64.501923
-73.785568,64.482758
-73.815582,64.459137
-73.863907,64.494141
-73.970863,64.436920
-73.993362,64.331093
-74.166138,64.354980
-74.174187,64.363861
-74.102226,64.367477
-74.091690,64.429703
-74.173073,64.458588
-74.110023,64.464706
-74.057533,64.432213
-74.043900,64.451370
-74.128082,64.533043
-73.960571,64.511093
-74.013351,64.547760
-74.158081,64.562469
-74.125313,64.587479
-74.011139,64.577187
-74.045303,64.607758
-74.083618,64.631088
-74.050858,64.724983
-74.096130,64.751373
-74.128632,64.728592
-74.101967,64.694427
-74.221413,64.671082
-74.212799,64.602753
-74.243362,64.580544
-74.298897,64.625526
-74.263351,64.648033
-74.305862,64.679138
-74.331680,64.628860
-74.417793,64.659973
-74.347519,64.591919
-74.381958,64.569977
-74.431137,64.596359
-74.704468,64.735527
-74.554176,64.843872
-74.478912,64.835823
-74.545837,64.892197
-74.649437,64.902786
-74.639740,64.861359
-74.717529,64.860527
-74.743057,64.842194
-74.706703,64.800537
-74.724747,64.771362
-74.955002,64.804428
-74.985580,64.790253
-74.475304,64.561371
-74.513634,64.533310
-74.628357,64.545258
-74.613907,64.530533
-74.537247,64.510529
-74.579742,64.479424
-74.503342,64.462753
-74.543083,64.422470
-74.658340,64.406647
-74.686111,64.371094
-75.183617,64.449142
-75.295303,64.466637
-75.451424,64.531921
-75.815582,64.565536
-75.823624,64.535812
-75.654190,64.448593
-75.895576,64.488037
-75.888077,64.474983
-75.720863,64.383324
-75.736954,64.366364
-75.960571,64.404419
-76.276123,64.351357
-76.375023,64.356918
-76.323914,64.315811
-76.196671,64.310806
-76.238907,64.290817
-76.310287,64.278030
-76.378067,64.279419
-76.485001,64.266647
-76.591957,64.310532
-76.658363,64.276642
-76.706123,64.300812
-76.736954,64.285812
-76.721680,64.238312
-76.660294,64.218307
-76.658363,64.189972
-76.841690,64.202187
-76.825577,64.227478
-77.122787,64.295532
-77.339462,64.244713
-77.369743,64.277763
-77.448914,64.290253
-77.386139,64.314972
-77.652252,64.388031
-77.652527,64.322197
-77.870560,64.370247
-77.905853,64.400528
-77.831703,64.412483
-77.850021,64.427750
-77.946960,64.406372
-78.014450,64.427467
-77.973083,64.463593
-78.183640,64.572479
-78.164467,64.634979
-78.195007,64.648590
-78.156403,64.694427
-78.297501,64.703033
-78.122513,64.780258
-78.064453,64.849426
-78.146118,64.938309
-78.145569,64.957474
-77.638351,65.139977
-77.344742,65.173309
-77.313339,65.195824
-77.513077,65.318863
-77.461143,65.379150
-77.323334,65.357758
-77.304466,65.387192
-77.420303,65.439972
-77.434448,65.456917
-77.210571,65.454422
-77.086693,65.407204
-76.680023,65.411636
-75.805557,65.229713
-75.733353,65.152206
-75.472519,65.085251
-75.410583,65.024696
-75.420303,64.972198
-75.519203,64.936920
-75.663094,64.945251
-75.594177,64.860260
-75.463074,64.843582
-75.461411,64.811653
-75.525009,64.795807
-75.531128,64.775528
-75.396133,64.739967
-75.297523,64.725250
-75.373917,64.833038
-75.341667,64.916641
-75.393623,64.917480
-75.470016,64.869423
-75.479172,64.918030
-75.384750,64.981918
-75.255020,65.000259
-75.185837,65.091370
-75.237518,65.108032
-75.348633,65.003860
-75.597794,65.184143
-75.714737,65.186371
-75.720863,65.220543
-75.944168,65.312469
-75.931137,65.322197
-75.680557,65.310532
-75.615013,65.342194
-75.597794,65.291092
-75.212250,65.250526
-75.101959,65.271362
-75.077530,65.340263
-75.111389,65.388870
-74.823639,65.377472
-74.712601,65.431717
-74.676407,65.353592
-74.576401,65.331650
-74.346123,65.407471
-74.306961,65.467758
-74.111107,65.534416
-73.747238,65.517471
-73.703056,65.466919
-73.490021,65.450256
-73.504753,65.498871
-73.631683,65.607483
-73.606407,65.637482
-73.702240,65.685806
-73.701691,65.753036
-73.882782,65.821091
-74.058067,65.875526
-74.459473,66.156372
-74.324188,66.232193
-73.530853,66.517197
-73.330292,66.659698
-73.108627,66.723312
-71.796127,66.623306
-71.355850,66.555252
-71.249474,66.451370
-71.200577,66.367477
-71.103912,66.334976
-71.171127,66.271362
-71.125023,66.217758
-71.283630,66.088593
-71.274750,66.072746
-71.091141,66.090530
-71.097794,66.052200
-71.327530,65.976089
-71.315857,65.957199
-71.095581,65.997192
-70.857803,66.176933
-70.472382,66.163040
-70.624191,66.283577
-70.642517,66.328873
-70.568359,66.308296
-70.584473,66.263031
-70.466690,66.269974
-70.462799,66.211639
-70.331703,66.164429
-70.103912,66.259407
-69.795578,66.214417
-69.740860,66.188583
-69.675858,66.250526
-69.636139,66.253311
-69.660858,66.210823
-69.595863,66.191093
-69.514740,66.209702
-69.515846,66.285248
-69.156128,66.393044
-69.148071,66.416641
-69.240860,66.459427
-69.429749,66.459137
-69.428360,66.435806
-69.567520,66.421082
-69.701424,66.457199
-69.544189,66.485260
-69.543350,66.455261
-69.489471,66.458038
-69.316132,66.538857
-69.226967,66.563026
-69.274750,66.584702
-69.507523,66.513603
-69.423897,66.563309
-69.610023,66.606369
-69.742798,66.621368
-69.742798,66.649979
-70.375023,66.733307
-70.588638,66.789703
-70.621964,66.824417
-70.596687,66.854980
-70.656952,66.854980
-70.628082,66.897202
-70.823639,66.937187
-70.827797,66.959137
-70.684189,66.976639
-71.215027,67.039139
-71.269737,66.993874
-71.151962,66.967484
-71.188919,66.836639
-71.298897,66.793030
-71.336411,66.712753
-71.435852,66.609970
-72.693359,66.709137
-72.965851,66.751083
-73.007797,66.783577
-72.963638,66.861923
-72.824188,67.029419
-72.650864,67.081360
-72.431137,67.096077
-72.275299,67.176651
-72.277527,67.225807
-72.202797,67.278587
-72.367523,67.321907
-72.436417,67.472198
-72.506126,67.496918
-72.422523,67.529984
-72.497528,67.633034
-72.637238,67.669144
-72.676392,67.693863
-72.585571,67.753860
-72.738342,67.866638
-72.843918,67.850807
-72.908363,67.903030
-72.940247,67.942177
-72.903061,67.968872
-72.990593,68.193863
-73.013924,68.240540
-73.067230,68.201637
-73.166672,68.239433
-73.496140,68.275528
-73.307800,68.320251
-73.293083,68.348312
-73.269203,68.374969
-73.467239,68.313026
-73.640289,68.254433
-73.628067,68.294144
-73.740860,68.311653
-73.948639,68.411926
-73.867523,68.493027
-73.738907,68.514977
-73.728912,68.538040
-73.815582,68.570534
-73.748917,68.581093
-73.725861,68.618874
-73.823914,68.620529
-73.704727,68.656647
-73.775017,68.689697
-74.176697,68.723587
-74.051132,68.670532
-73.881973,68.549698
-73.921417,68.511917
-73.990593,68.492752
-74.144203,68.523033
-74.505020,68.594421
-74.528900,68.630814
-74.727249,68.732193
-74.719467,68.770538
-74.577217,68.793030
-74.551407,68.830544
-74.689743,68.839142
-74.671951,68.818863
-74.635033,68.793297
-74.778351,68.765808
-74.984741,68.809418
-74.682533,68.874687
-74.695572,68.912750
-74.704742,68.934143
-75.035583,68.901642
-74.846413,68.940536
-75.017242,68.946373
-74.842506,69.006927
-74.797523,68.997482
-74.638077,69.016083
-74.660843,69.044418
-74.834183,69.081650
-74.952507,69.048576
-75.059738,68.955544
-75.140030,68.884697
-75.202217,68.894417
-75.454742,69.021088
-75.507248,69.012482
-75.581131,68.975540
-75.501968,68.926086
-76.420578,68.679138
-76.575577,68.674149
-76.660858,68.699417
-76.689468,68.740540
-76.666962,68.769150
-76.561401,68.818039
-76.523903,68.876373
-76.655838,68.924698
-76.640556,69.009140
-76.578339,69.032204
-76.332787,69.054428
-75.996689,69.003860
-75.934189,69.033043
-75.598892,69.089417
-75.569473,69.158310
-75.603363,69.238861
-75.694183,69.280258
-76.168640,69.411362
-76.402237,69.399979
-76.641968,69.557480
-76.620033,69.586357
-76.459183,69.654419
-76.205582,69.615807
-76.188080,69.665253
-76.570297,69.690536
-76.631973,69.669693
-76.543083,69.674698
-76.535294,69.638603
-76.707520,69.559418
-76.872803,69.581360
-76.883911,69.595810
-76.821411,69.626083
-76.967529,69.591919
-77.186127,69.637482
-77.155853,69.680527
-76.990860,69.701637
-76.939468,69.679703
-76.868073,69.684692
-76.793907,69.718582
-76.788361,69.752197
-76.891968,69.754433
-76.905579,69.794693
-76.766418,69.810532
-76.787231,69.836090
-77.309189,69.830811
-77.285019,69.860527
-77.152527,69.894417
-77.488907,69.861649
-77.508636,69.826637
-77.444473,69.789429
-77.519203,69.766922
-77.594193,69.740250
-77.651688,69.776642
-77.678360,70.187759
-77.777252,70.235260
-77.949188,70.243317
-78.164177,70.254433
-78.146683,70.231087
-78.166412,70.191650
-78.364754,70.201103
-78.540298,70.309143
-78.389450,70.332199
-78.504471,70.358032
-78.579742,70.343033
-78.704742,70.374687
-78.743912,70.449142
-78.820023,70.438873
-78.889183,70.479141
-78.873062,70.407471
-79.070862,70.469704
-79.048897,70.523857
-79.051971,70.539978
-78.963074,70.533859
-78.969193,70.550262
-78.860313,70.596649
-78.718903,70.547760
-78.851967,70.638031
-78.886414,70.621094
-79.025299,70.680252
-79.101677,70.647751
-79.150017,70.613037
-79.001968,70.613312
-79.142242,70.501923
-79.160019,70.438026
-79.210022,70.418030
-79.293327,70.444702
-79.301407,70.484421
-79.227798,70.518860
-79.231140,70.553589
-79.309464,70.540817
-79.279457,70.521637
-79.320557,70.472473
-79.575577,70.429428
-79.589172,70.399406
-79.513901,70.375809
-79.357803,70.369713
-79.254471,70.332199
-79.027252,70.339417
-78.939194,70.311081
-78.763062,70.183594
-78.747528,70.126648
-78.680573,70.040253
-78.665024,69.961357
-78.799744,69.876083
-79.707237,69.855530
-79.902252,69.976357
-80.033913,69.944977
-80.040863,69.994980
-80.232803,70.007751
-80.326141,69.980263
-80.561417,70.046921
-81.151947,70.083862
-81.728638,70.132202
-81.761963,70.117477
-81.670563,70.065262
-81.299469,70.028030
-80.940308,69.862762
-80.763077,69.760803
-80.807251,69.741364
-80.967796,69.714417
-81.354462,69.880249
-81.769737,69.975540
-81.978897,70.064148
-83.048080,70.306923
-82.718079,70.201637
-81.710861,69.934143
-81.759460,69.903030
-81.960571,69.844147
-82.020020,69.873871
-82.118637,69.810532
-82.143631,69.781372
-82.273071,69.805252
-82.206680,69.828583
-82.314178,69.857483
-82.463913,69.841087
-82.728912,69.928589
-82.741409,69.910248
-83.066971,70.010803
-83.362518,69.975807
-84.310577,69.980263
-84.823639,70.028313
-84.870850,70.071640
-84.806396,70.086357
-84.811401,70.108582
-84.936684,70.065262
-85.369453,70.103592
-85.847519,70.088867
-85.851967,70.038307
-85.585571,70.067467
-85.243073,69.994980
-85.245033,69.984421
-85.839752,70.003036
-86.301964,70.121643
-86.556122,70.244713
-86.552513,70.346916
-86.591667,70.358307
-86.295303,70.472748
-86.293350,70.490250
-86.374733,70.525253
-86.340584,70.483871
-86.634193,70.389977
-86.647247,70.319427
-86.876129,70.326103
-86.896118,70.353027
-86.833069,70.366928
-86.748062,70.388603
-86.922234,70.388870
-86.988907,70.435532
-86.923897,70.456650
-87.099182,70.450531
-87.168907,70.386642
-86.972778,70.351929
-86.969193,70.312759
-86.999474,70.280533
-87.773361,70.331360
-87.785568,70.303040
-87.628632,70.293030
-87.623917,70.278030
-87.866386,70.238861
-88.234451,70.320824
-88.206703,70.352478
-87.901962,70.304428
-87.901962,70.326920
-88.136414,70.388603
-88.493896,70.438026
-88.810562,70.495247
-88.956947,70.583862
-89.005280,70.656921
-89.333008,70.794647
-89.448639,70.902481
-89.432533,70.915253
-89.209473,70.939148
-89.195282,70.968307
-89.559464,71.090263
-89.450302,71.089706
-89.134453,71.026917
-88.720581,71.045807
-88.369171,71.007477
-88.360291,70.977753
-88.228622,70.946091
-87.375664,70.943741
-87.267242,71.006927
-87.327507,71.034973
-87.760559,71.143044
-87.852524,71.197197
-87.823349,71.223587
-87.844177,71.264137
-87.972237,71.250259
-89.402252,71.289429
-89.900009,71.351357
-90.003082,71.458862
-89.955856,71.527206
-90.042236,71.595543
-89.795853,71.759697
-90.119743,71.926361
-90.049469,71.949982
-89.993622,72.025818
-89.607788,72.145248
-89.585007,72.175812
-89.847237,72.176361
-89.960571,72.251648
-89.843628,72.423027
-89.890556,72.444977
-89.793617,72.462753
-89.745850,72.611359
-89.678337,72.629433
-89.573059,72.616928
-89.473618,72.672470
-89.577797,72.705261
-89.569473,72.786926
-89.402786,72.755814
-89.245560,72.785248
-89.382248,72.801651
-89.411392,72.831093
-89.319168,72.876083
-89.299179,72.936653
-89.358353,72.965263
-89.340561,73.000809
-89.226410,73.012192
-89.307251,73.042480
-89.180573,73.156372
-89.136948,73.184982
-88.888077,73.212753
-89.025284,73.226089
-89.035858,73.257477
-88.886688,73.303589
-88.830856,73.290817
-88.702530,73.293587
-88.857239,73.336090
-88.409470,73.523590
-87.974747,73.654694
-87.406113,73.765259
-86.155853,73.860809
-85.069473,73.801933
-84.843079,73.735809
-84.956413,73.665253
-85.220863,73.599701
-85.915558,73.366089
-86.404922,72.999443
-86.658363,72.863586
-86.740593,72.722473
-86.686951,72.644699
-86.525299,72.579422
-86.255020,72.443588
-86.246117,72.394974
-86.396133,72.309143
-86.438339,72.258034
-86.420578,72.012756
-86.110573,71.783043
-85.573624,71.556923
-84.930298,71.414429
-84.951141,71.340813
-84.872223,71.333313
-84.833908,71.274139
-84.868637,71.268860
-85.148643,71.293297
-85.472519,71.231369
-85.420303,71.223587
-85.390007,71.196640
-85.515007,71.176086
-85.729172,71.206093
-86.010849,71.143593
-86.820023,70.988586
-86.591690,70.972473
-85.478622,71.169144
-85.163361,71.136642
-85.042252,71.181641
-84.944473,71.187187
-84.845840,71.147751
-84.879997,71.069427
-84.980850,71.101089
-84.960564,71.072197
-85.003082,71.044418
-84.949173,71.018311
-84.926971,70.988037
-84.975281,70.945251
-84.958633,70.919418
-84.799187,70.921654
-84.748077,70.988037
-84.829742,71.073303
-84.803619,71.174149
-84.665863,71.220810
-84.793327,71.278030
-84.781418,71.332748
-84.762802,71.406647
-84.731956,71.424698
-84.557533,71.444138
-84.526138,71.468872
-84.558350,71.545807
-84.658340,71.583862
-84.606689,71.649406
-84.650017,71.672203
-84.867523,71.668030
-84.876129,71.627762
-85.291397,71.672203
-85.573639,71.790817
-85.432793,71.806374
-85.551132,71.886642
-86.026947,71.981644
-86.038094,72.015808
-85.763077,72.020813
-85.765030,72.043030
-85.522781,72.063583
-85.495010,72.089142
-85.540863,72.124153
-85.396683,72.137482
-85.538094,72.235260
-85.420578,72.215263
-85.458076,72.244141
-84.920288,72.232758
-84.275558,72.023857
-84.194473,71.930817
-84.168907,71.944138
-84.171127,72.024139
-84.346687,72.069702
-84.380020,72.108307
-84.504753,72.143311
-84.667252,72.199142
-84.926392,72.282204
-84.801392,72.354713
-84.872787,72.369423
-84.870850,72.400818
-84.786972,72.408859
-84.777237,72.458313
-85.127243,72.351929
-85.115860,72.383034
-85.248917,72.392197
-85.535294,72.469704
-85.613907,72.550262
-85.486389,72.564972
-85.481140,72.577477
-85.623917,72.586906
-85.705307,72.637756
-85.695572,72.709702
-85.664177,72.825813
-85.672523,72.907471
-85.499733,72.974136
-85.283363,72.964417
-85.069183,73.003036
-85.159737,73.032761
-85.178360,73.006638
-85.537247,73.028313
-85.440582,73.125526
-85.380020,73.133591
-85.250839,73.061081
-85.126419,73.050812
-85.161133,73.076920
-85.223068,73.134697
-85.130020,73.140808
-84.829742,73.085533
-84.285858,73.051651
-83.635452,72.983582
# Triangles
1624,1623,1626
1626,1625,1624
1623,1622,1626
1616,1621,1617
1627,1626,1646
1616,1622,1621
1621,1620,1617
1626,1622,1646
1635,1634,1633
1632,1635,1633
1629,1628,1631
1632,1631,1627
1627,1631,1628
1635,1632,1642
1631,1630,1629
1632,1627,1645
1615,1622,1616
1619,1618,1617
1619,1617,1620
1606,1612,1611
1610,1607,1611
1607,1609,1608
1656,1615,1613
1615,1614,1613
1606,1613,1612
1606,1611,1607
1613,1606,1656
1607,1610,1609
1604,1603,1601
1605,1604,1600
1657,1605,1600
1615,1647,1622
1600,1604,1601
1642,1641,1635
1638,1637,1639
1639,1635,1641
1643,1642,1644
1637,1635,1639
1641,1640,1639
1636,1635,1637
1644,1642,1645
1650,1649,1648
1647,1650,1648
1646,1622,1647
1654,1653,1652
1647,1655,1650
1645,1642,1632
1645,1627,1646
1657,1606,1605
1650,1655,1651
1656,1655,1647
1651,1655,1654
1600,1598,1597
1656,1606,1657
1597,1663,1657
1656,1647,1615
1866,1865,1864
1864,1863,1866
1863,1862,1867
1868,1867,1862
1871,1869,1868
1868,1862,1872
1867,1866,1863
1683,1685,1684
1652,1651,1654
1657,1600,1597
1603,1602,1601
1597,1668,1664
1596,1668,1597
1664,1668,1667
1669,1596,1670
1665,1667,1666
1668,1596,1669
1659,1663,1662
1663,1597,1664
1676,1675,1673
1661,1659,1662
1676,1673,1672
1675,1674,1673
1667,1665,1664
1660,1659,1661
1663,1658,1657
1595,1594,1670
1670,1583,1677
1583,1670,1594
1594,1593,1583
1586,1583,1593
1584,1583,1586
1579,1581,1580
1677,1676,1672
1672,1670,1677
1688,1681,1689
1671,1670,1672
1690,1582,1579
1579,1582,1581
1578,1577,1576
1695,1576,1696
1690,1579,1578
1583,1582,1678
1583,1678,1677
1693,1578,1576
1586,1593,1592
1670,1596,1595
1663,1659,1658
1683,1682,1681
1683,1681,1688
1685,1683,1686
1689,1681,1679
1689,1679,1678
1678,1690,1689
1680,1679,1681
1686,1688,1687
1688,1686,1683
1862,1861,1873
1855,1857,1856
1582,1690,1678
1691,1690,1693
1841,1838,1843
1695,1694,1693
1839,1838,1841
1836,1834,1833
1693,1690,1578
1840,1839,1841
1846,1845,1847
1848,1847,1849
1847,1845,1850
1845,1844,1851
1845,1851,1850
1843,1851,1844
1841,1843,1842
1858,1857,1855
1843,1837,1851
1692,1691,1693
1576,1695,1693
1847,1850,1849
1599,1598,1600
1861,1860,1873
1996,1986,1997
1992,1991,1994
1986,1995,1990
1990,1994,1991
1992,1994,1993
1996,1995,1986
2013,2012,2010
2009,2013,2010
2013,2009,2014
2004,2002,2001
2000,1985,2001
2000,1999,1985
1986,1999,1997
1999,1998,1997
1990,1989,1988
1986,1990,1987
1983,1982,1976
1981,1980,1978
1979,1978,1980
1977,1982,1978
1981,1978,1982
1984,1983,1975
1977,1976,1982
1968,1967,1969
1954,1972,1970
1971,1970,1972
1969,1967,1955
1969,1955,1970
1967,1966,1955
1987,1990,1988
1994,1990,1995
2037,2039,2038
2039,2037,2040
2044,2043,2037
2037,2043,2040
2040,2043,2041
2036,2032,2062
2035,2034,2033
2043,2042,2041
2061,2036,2062
2037,2036,2044
2024,2026,2025
2024,2023,2026
2026,2023,2027
2033,2032,2035
2011,2010,2012
2018,2014,2008
2007,2006,2158
2008,2014,2009
2003,2002,2004
2004,2001,2005
1985,1999,1986
1975,1983,1976
2015,2014,2016
2001,1985,2160
2018,2017,2016
2158,2006,2005
40,1984,1974
40,1985,1984
60,1974,1973
1972,61,1973
2005,2001,2159
1974,1984,1975
2018,2016,2014
1966,1958,1957
1957,1956,1966
1966,1965,1958
1892,1891,1893
1893,1891,1890
1870,1869,1871
1883,1882,1880
1881,1880,1882
1894,1896,1895
1899,1894,1893
1894,1898,1897
1896,1894,1897
1893,1890,1900
1890,1889,1887
1889,1888,1887
1887,1900,1890
1899,1893,1900
1898,1894,1899
1860,1874,1873
1859,1875,1860
1874,1860,1875
1871,1868,1872
1854,1858,1855
1876,1859,1858
1851,1826,1852
1854,1876,1858
1880,1879,1884
1885,1884,1879
1879,1878,1885
1884,1883,1880
1859,1876,1875
1854,1853,1877
1876,1854,1877
220,1878,1877
220,1885,1878
1877,1853,220
261,1853,1852
1862,1873,1872
1965,1963,1962
1963,1965,1964
1965,1962,1960
1960,1962,1961
1920,1918,1921
1919,1918,1920
1960,1959,1965
116,1918,1917
1922,1921,1923
116,1923,1918
1937,1924,1923
1916,122,1917
1918,1923,1921
1965,1959,1958
1914,1913,1910
1910,1912,1911
1913,1912,1910
1886,1904,1887
1900,1887,1901
1904,1901,1887
1903,1902,1901
1915,1914,1909
1909,1914,1910
1904,1903,1901
1907,1906,1908
1915,1908,173
1908,1915,1909
1904,1886,1905
1905,1908,1906
122,1916,1915
1886,1885,1905
173,1908,1905
185,1905,1885
1925,1924,1937
1507,1506,1504
1505,1504,1506
1507,1504,1508
1518,1517,1503
1500,1502,1501
1541,1540,1543
1543,1542,1541
1543,1540,1547
1504,1509,1508
1513,1512,1511
1509,1503,1517
1503,1509,1504
1502,1518,1503
1486,1489,1487
1490,1486,1493
1486,1490,1489
1477,1476,1478
1487,1489,1488
1484,1486,1485
1496,1494,1498
1494,1496,1495
1499,1498,1494
1494,1493,1499
1498,1497,1496
1491,1490,1492
1492,1490,1493
1518,1500,1499
1484,1493,1486
1500,1518,1502
1478,1476,1479
1518,1499,1493
1590,1589,1591
1587,1592,1589
1544,1547,1546
1544,1543,1547
1550,1549,1548
1547,1539,1548
1544,1546,1545
1588,1587,1589
1586,1585,1584
1586,1592,1587
1551,1554,1553
1589,1592,1591
1536,1535,1537
1537,1535,1538
1539,1538,1550
1510,1513,1511
1514,1516,1515
1514,1517,1516
1510,1509,1514
1540,1539,1547
1535,1534,1538
1538,1534,1550
1554,1551,1550
1526,1523,1527
1524,1523,1526
1527,1523,1522
1524,1526,1525
1533,1532,1531
1514,1509,1517
1539,1550,1548
1510,1514,1513
1483,1493,1484
1435,1434,1436
1433,1429,1443
1433,1432,1431
1433,1431,1429
1443,1434,1433
1429,1431,1430
1429,1428,1443
1442,1440,1439
1442,1441,1440
1436,1434,1438
1443,1439,1438
1438,1434,1443
1439,1443,1442
1444,1443,1428
1438,1437,1436
1416,1418,1417
1413,1412,1415
1415,1414,1413
1416,1415,1412
1412,1419,1416
1418,1416,1419
1428,1425,1444
1428,1426,1425
1425,1422,1444
1421,1420,1419
1444,1422,1445
1422,1421,1445
1423,1422,1425
1424,1423,1425
1445,1421,1419
1445,1419,1308
1426,1428,1427
1448,1447,1449
1467,1474,1473
1475,1474,1479
1473,1472,1467
1475,1479,1476
1470,1469,1471
1472,1471,1468
1469,1468,1471
1468,1467,1472
1483,1482,1481
1474,1481,1480
1466,1481,1467
1481,1466,1465
1481,1474,1467
1481,1465,1464
1480,1479,1474
1518,1493,1483
1453,1451,1454
1451,1453,1452
1455,1454,1451
1450,1446,1445
1446,1450,1449
1449,1447,1446
1450,1445,1455
1450,1455,1451
1464,1462,1461
1462,1464,1463
1457,1460,1459
1461,1456,1455
1456,1461,1457
1461,1455,1464
1457,1461,1460
1458,1457,1459
1481,1464,1727
1464,1455,1727
1727,1483,1481
1728,1445,1730
1727,1455,1445
1571,1569,1568
1571,1570,1569
1566,1568,1567
1573,1572,1568
1563,1562,1565
1565,1564,1563
1562,1561,1565
1573,1568,1574
1697,1696,1575
1696,1576,1575
1575,1574,1697
1566,1561,1559
1561,1566,1565
1698,1697,1699
1558,1697,1574
1559,1558,1574
1559,1561,1560
1559,1574,1566
1568,1566,1574
1571,1568,1572
1553,1552,1551
1557,1556,1555
1555,1554,1557
1534,1554,1550
1531,1534,1533
1530,1529,1528
1534,1557,1554
1557,1534,1531
1701,1699,1558
1697,1558,1699
1558,1557,1701
1530,1702,1701
1521,1702,1530
1700,1699,1701
1705,1703,1714
1557,1531,1701
1530,1701,1531
1703,1702,1715
1710,1709,1711
1712,1711,1709
1817,1816,1815
1708,1712,1709
1830,1829,1827
1836,1833,1837
1826,1851,1837
1833,1826,1837
1836,1835,1834
1830,1827,1831
1827,1829,1828
1831,1826,1832
1826,1831,1827
1832,1826,1833
1826,1825,1852
1708,1707,1712
1707,1706,1705
1815,1818,1817
1705,1712,1707
1705,1704,1703
1815,1814,1818
1712,1705,1713
1814,1813,1812
1824,1823,1822
1814,1819,1818
1819,1824,1822
1824,1819,1812
1822,1821,1819
1812,1811,1824
1821,1820,1819
1812,1819,1814
300,1825,1824
261,1852,1825
1521,1530,1528
1518,1702,1520
1519,1518,1520
1528,1527,1521
1714,1703,1715
1726,1518,1727
1702,1518,1726
1716,1715,1722
1783,1782,1784
1713,1705,1714
1785,1781,1786
1715,1702,1726
1781,1785,1784
1780,1778,1775
1780,1779,1778
1781,1784,1782
1726,1722,1715
1520,1702,1521
1723,1722,1726
1722,1720,1718
1721,1720,1722
1717,1716,1722
1724,1723,1725
1729,1728,1730
1726,1725,1723
1518,1483,1727
1718,1717,1722
1790,1780,1775
1777,1775,1778
340,339,384
1777,1776,1775
1718,1720,1719
1445,1728,1727
1780,1790,1788
1803,1800,1799
1800,1803,1801
1796,1798,1797
1795,1798,1796
1799,1798,1804
1809,1807,1810
1809,1808,1807
1824,1811,300
1811,1810,1807
1807,1805,1811
1803,1802,1801
1805,1804,1798
1806,1805,1807
1803,1799,1804
1811,1805,326
1798,338,1805
1794,1792,1791
1794,1793,1792
1795,1794,1774
1788,1787,1780
1781,1780,1787
1790,1789,1788
1790,1774,1794
1794,1791,1790
1786,1781,1787
1795,1774,338
326,338,327
326,1805,338
338,337,327
326,301,1811
334,336,335
334,337,336
338,384,339
327,337,328
338,1774,384
334,328,337
338,1798,1795
1790,1775,1774
1527,1522,1521
1838,1837,1843
1772,1771,1773
326,324,323
2052,2050,2053
2052,2051,2050
2053,2050,2049
2047,2046,2058
2058,2048,2047
2049,2048,2058
2045,2061,2046
2056,2055,2054
2054,2053,2057
2054,2057,2056
2049,2058,2057
2057,2053,2049
2058,2060,2059
2046,2060,2058
2046,2061,2060
2044,2061,2045
2031,2030,2144
2029,2028,2030
2032,2031,2062
2027,2144,2030
2027,2022,2145
2023,2022,2027
2028,2027,2030
2020,2022,2021
2062,2031,2063
2068,2065,2064
2063,2144,2064
2036,2061,2044
2027,2145,2144
2031,2144,2063
2145,2020,2019
2129,2064,2144
2008,2007,2146
2020,2145,2022
2145,2019,2146
2036,2035,2032
2073,2071,2075
2073,2072,2071
2075,2071,2070
2064,2129,2068
2065,2068,2067
2070,2069,2080
2093,2080,2069
2075,2078,2077
2076,2075,2077
2080,2079,2070
2075,2074,2073
2079,2075,2070
2083,2081,2080
2123,2068,2129
2079,2078,2075
2069,2068,2109
2066,2065,2067
2143,2142,2130
2130,2142,2131
2143,2130,2144
2146,2019,2008
2131,2142,2138
2140,2139,2141
2139,2138,2141
2138,2142,2141
2178,2177,2176
2180,2182,2181
2183,2182,2184
2179,2178,2184
2179,2182,2180
2185,2184,2178
2186,2185,2187
2178,2187,2185
2184,2182,2179
2137,2131,2138
2144,2130,2129
2018,2008,2019
2157,2154,2147
2153,2152,2154
2154,2157,2155
2154,2152,2148
2156,2155,2157
2146,2157,2147
2152,2151,2149
2147,2154,2148
2137,2132,2131
2133,2136,2134
2133,2137,2136
2132,2137,2133
2152,2149,2148
2149,2151,2150
2157,2146,2158
2160,2162,2161
40,1974,60
2163,2162,2160
2164,2163,2165
1985,2163,2160
2166,2165,2167
2163,2167,2165
2169,2168,2163
2171,2170,2172
2172,2170,2193
2169,2193,2170
2163,2168,2167
2169,2163,1985
2136,2135,2134
2158,2146,2007
2174,2176,2175
2191,2176,2174
2173,2172,2192
2193,2192,2172
2191,2173,2192
40,2194,1985
1985,2194,2169
2194,2233,2195
56,60,59
2194,2193,2169
1973,61,60
2205,2199,2198
2191,2187,2176
2232,2198,2197
40,60,55
2232,2197,2195
49,55,54
2195,2197,2196
55,60,56
41,55,49
59,57,56
2187,2178,2176
58,57,59
64,63,62
65,64,1954
73,65,74
50,52,51
53,50,49
50,53,52
69,68,67
69,66,65
69,65,73
77,76,78
66,69,67
47,49,48
62,1954,64
49,54,53
61,1972,62
2001,2160,2159
2005,2159,2158
2173,2191,2174
2082,2081,2083
2085,2084,2083
2085,2083,2080
2085,2087,2086
2085,2088,2087
2122,2068,2123
2080,2088,2085
2080,2093,2089
2090,2089,2091
2091,2089,2092
2089,2093,2092
2080,2089,2088
2094,2093,2096
2093,2097,2096
2094,2096,2095
2093,2069,2109
2109,2068,2122
2128,2127,2124
2126,2125,2127
2127,2125,2124
2189,2187,2191
2209,2208,2211
2191,2190,2189
2128,2123,2129
2214,2213,2215
2211,2210,2209
2215,2212,2216
2212,2215,2213
2218,2216,2212
2211,2208,2212
2212,2208,2219
2124,2123,2128
2189,2188,2187
2121,2113,2122
2098,2097,2099
2099,2097,2100
2100,2102,2101
2102,2100,2103
2104,2103,2100
2097,2093,2100
2104,2100,2093
2106,2105,2107
2104,2107,2105
2109,2111,2110
2107,2104,2108
2109,2112,2111
2112,2122,2113
2112,2109,2122
2104,2109,2108
2093,2109,2104
2217,2216,2218
2120,2113,2121
2225,2224,2223
2221,2227,2226
2221,2226,2222
2230,2228,2227
2223,2226,2225
2212,2219,2218
2226,2223,2222
2118,2114,2119
2119,2114,2120
2230,2229,2228
2,4,3
2114,2118,2115
2120,2114,2113
2208,2207,2219
2201,2200,2199
55,41,40
49,42,41
49,47,42
47,46,42
2207,2206,2205
2203,2202,2201
2204,2203,2201
2199,2205,2204
40,39,28
38,28,39
2207,2205,2220
46,43,42
2201,2199,2204
2233,40,21
2233,2232,2195
2220,2219,2207
70,69,71
45,44,43
69,73,72
81,80,84
79,78,76
69,72,71
38,37,36
32,38,36
31,38,32
36,35,32
35,34,33
35,33,32
84,80,79
45,43,46
38,31,28
2227,2221,2220
1,8,2
2220,2231,2230
2230,2227,2220
2231,2220,2205
8,10,9
7,6,5
2,7,5
7,2,8
2232,2231,2205
4,2,5
2115,2118,2117
2116,2115,2117
10,8,11
11,8,13
1,13,8
1,14,13
1,2233,14
13,12,11
29,28,31
2233,15,14
23,22,40
28,27,40
30,29,31
27,23,40
17,16,20
20,16,15
21,20,15
17,20,19
25,24,27
22,21,40
27,24,23
2233,21,15
27,26,25
17,19,18
2198,2232,2205
2233,2194,40
79,76,87
1970,1955,1954
1954,1953,1951
1954,74,65
1947,1946,1949
1946,1945,1949
1952,1951,1953
1951,1950,1942
1944,1942,1950
1949,1948,1947
1943,1942,1944
1942,1941,1951
1944,1950,1949
1945,1944,1949
1954,1951,74
102,1951,1941
1929,1934,1931
1932,1931,1934
1934,1929,1936
1927,1937,1928
1937,1927,1926
1937,1926,1925
1929,1928,1936
1931,1930,1929
1937,1936,1928
1940,1939,1938
262,261,275
1938,1937,115
1935,1934,1936
104,1940,1938
261,221,1853
261,260,246
220,219,1885
1932,1934,1933
1941,1940,102
1905,185,174
213,212,216
216,212,219
219,212,205
216,218,217
224,223,226
219,218,216
221,220,1853
214,216,215
212,211,206
205,212,206
1885,205,185
206,211,207
225,224,226
214,213,216
207,211,210
219,205,1885
244,246,245
246,244,261
222,221,244
258,247,260
247,258,248
264,263,265
247,246,260
261,244,221
223,222,227
222,232,227
244,233,222
227,226,223
243,242,241
237,236,234
241,234,243
234,233,244
243,234,244
258,252,248
259,258,260
222,233,232
262,274,263
188,205,204
323,302,301
325,324,326
300,1811,301
302,323,322
300,275,1825
321,320,322
323,301,326
320,302,322
300,276,275
296,299,297
275,274,262
296,278,300
296,300,299
298,297,299
295,282,296
294,293,295
302,320,318
275,261,1825
329,328,330
330,332,331
319,318,320
332,330,334
340,342,341
330,328,334
333,332,334
303,317,304
318,317,303
318,303,302
317,316,304
308,307,305
305,307,306
315,305,316
313,308,305
342,352,349
316,305,304
352,342,340
274,271,266
266,265,274
268,267,266
268,266,271
278,277,276
273,272,271
273,271,274
269,268,271
254,253,252
248,252,249
251,250,252
252,258,254
256,255,257
257,255,258
254,258,255
296,282,278
269,271,270
293,286,285
278,276,300
290,289,288
291,290,287
291,287,292
288,287,290
281,280,279
279,282,281
283,282,285
283,285,284
295,285,282
286,292,287
279,278,282
292,286,293
295,293,285
305,315,313
274,265,263
252,250,249
102,1940,103
102,101,74
104,1938,105
108,107,109
106,114,113
1940,104,103
74,92,75
101,92,74
96,101,100
75,89,88
106,112,107
112,106,113
107,111,109
112,111,107
129,128,130
109,111,110
106,105,114
102,74,1951
117,116,120
117,119,118
120,116,121
115,114,105
116,122,121
115,1923,116
142,125,124
122,173,123
1938,115,105
144,124,123
127,126,138
138,137,127
136,128,137
119,117,120
125,138,126
138,125,142
144,142,124
144,123,145
1923,115,1937
76,75,88
75,90,89
87,85,79
95,93,92
96,92,101
97,99,98
90,75,91
75,92,91
84,79,85
83,82,84
84,82,81
96,95,92
94,93,95
85,87,86
100,97,96
76,88,87
128,131,130
99,97,100
153,150,154
141,138,142
128,136,134
141,140,139
128,134,131
138,141,139
128,127,137
132,131,133
134,133,131
134,136,135
151,153,152
151,150,153
142,144,143
185,205,186
203,201,204
190,189,204
203,202,201
175,174,184
207,210,208
192,201,199
208,210,209
184,174,185
173,172,148
173,1905,174
188,187,205
186,205,187
175,184,183
201,200,199
201,190,204
176,183,182
148,123,173
228,231,229
231,228,232
237,234,241
240,239,238
234,236,235
229,231,230
199,198,193
197,196,198
193,198,196
237,241,238
241,240,238
122,116,1917
195,194,196
147,145,148
150,155,154
123,148,145
150,149,155
145,147,146
162,171,163
171,162,172
149,148,158
158,148,172
162,161,172
158,157,156
155,149,156
149,158,156
158,172,161
161,160,159
163,165,164
161,159,158
181,177,182
178,177,180
178,180,179
204,189,188
192,191,190
190,201,192
194,193,196
166,163,170
177,176,182
165,163,166
163,171,170
167,166,170
168,167,169
199,193,192
170,169,167
180,177,181
176,175,183
122,1915,173
227,232,228
1954,62,1972
1966,1956,1955
1412,1411,1419
1397,1395,1398
1395,1397,1396
1395,1394,1401
1391,1394,1392
1392,1394,1393
1391,1401,1394
1410,1409,1408
1399,1398,1400
1401,1400,1398
1403,1402,1404
1398,1395,1401
1391,1390,1401
1382,1380,1379
1380,1382,1381
1378,1377,1379
1375,1374,1376
1377,1376,1374
1374,1338,1377
1331,1379,1377
1390,1387,1385
1388,1390,1389
1390,1388,1387
1387,1386,1385
1315,1383,1382
1385,1384,1312
1383,1312,1384
1309,1390,1385
1323,1382,1379
1401,1390,1309
1374,1340,1338
1377,1338,1334
1408,1406,1405
1406,1408,1407
1308,1419,1405
1419,1408,1405
1408,1411,1410
1382,1323,1322
1315,1382,1322
1315,1312,1383
1308,1405,1402
1404,1402,1405
1322,1321,1320
1313,1312,1315
1311,1310,1312
1401,1308,1402
1322,1316,1315
1316,1322,1320
1317,1316,1320
1320,1318,1317
1315,1314,1313
1309,1385,1312
1312,1310,1309
1331,1330,1329
1327,1329,1328
1329,1327,1331
1327,1323,1379
1334,1336,1335
1377,1334,1331
1333,1332,1334
1334,1332,1331
1331,1327,1379
1325,1324,1327
1318,1320,1319
1325,1327,1326
1286,1285,1283
1285,1284,1283
1327,1324,1323
1338,1336,1334
1282,1286,1283
1337,1336,1338
1351,1371,1369
1374,1372,1340
1371,1350,1372
1348,1350,1349
1348,1346,1350
1350,1346,1372
1351,1350,1371
1371,1370,1369
1343,1372,1346
1343,1341,1340
1340,1372,1343
1343,1342,1341
1343,1346,1344
1346,1345,1344
1348,1347,1346
1352,1351,1353
1339,1338,1340
1369,1366,1364
1366,1369,1368
1364,1363,1357
1366,1365,1364
1364,1356,1351
1363,1362,1360
1367,1366,1368
1360,1362,1361
1353,1356,1354
1356,1364,1357
1353,1351,1356
1360,1359,1358
1354,1356,1355
1357,1363,1360
1357,1360,1358
1369,1364,1351
1277,1274,1279
1274,1277,1276
1276,1275,1274
1265,1271,1266
1263,1272,1264
1271,1270,1268
1265,1264,1271
1278,1277,1279
1280,1279,1281
1279,1274,1273
1281,1273,1272
1273,1281,1279
1264,1272,1271
1258,1257,1256
1256,1255,1258
1255,1259,1258
1244,1248,1245
1252,1251,1250
1250,1253,1252
1268,1267,1266
1268,1266,1271
1253,1249,1254
1249,1253,1250
1259,1255,1254
1259,1254,1260
1260,1254,1262
1261,1260,1262
1254,1249,1190
1269,1268,1270
1248,1247,1245
1262,1254,1148
1374,1373,1372
1263,1281,1272
1304,1306,1305
1300,1296,1294
1300,1303,1302
1300,1302,1301
1300,1294,1293
1304,1303,1307
1308,1307,1039
1303,1293,1307
1307,1306,1304
1293,1039,1307
1038,1037,1039
1037,1036,1034
1053,1039,1293
1745,1308,1039
1303,1300,1293
1030,1039,1037
1295,1294,1296
1309,1308,1401
1291,1293,1292
1299,1298,1297
1297,1296,1299
1290,1289,1288
1291,1288,1078
1291,1290,1288
1039,1053,1040
1053,1063,1054
1041,1049,1047
1049,1053,1050
1053,1293,1063
1047,1049,1048
1044,1046,1045
1047,1046,1041
1050,1053,1052
1063,1293,1291
1049,1040,1053
1288,1287,1282
1300,1299,1296
1046,1044,1041
1025,1028,1026
1030,1025,1024
1025,1030,1028
1030,1024,1039
1029,1028,1030
1027,1026,1028
1034,1031,1030
1022,1021,1023
1008,1017,1016
1017,1007,1020
1019,1018,1017
1023,1021,1024
1015,1014,1013
1015,1013,1012
1007,1017,1008
1010,1016,1015
1745,1039,1024
1034,1030,1037
1034,1033,1031
1041,1040,1049
1033,1032,1031
993,992,991
995,994,990
996,995,997
989,988,987
989,987,982
990,997,995
990,994,993
990,993,991
982,987,984
1036,1035,1034
1015,1012,1011
1041,1044,1042
1445,1308,1737
1281,1262,1078
1291,1078,1063
1078,1282,1281
1262,1095,1078
1282,1287,1286
1095,1094,1093
1079,1093,1085
1093,1079,1095
1093,1092,1089
1095,1079,1078
1262,1148,1095
1076,1075,1077
1080,1083,1081
1063,1078,1077
1092,1090,1089
1083,1080,1079
1088,1086,1089
1088,1087,1086
1093,1086,1085
1093,1089,1086
1079,1085,1083
1074,1077,1075
1096,1100,1097
1100,1096,1103
1101,1100,1102
1100,1098,1097
1100,1103,1102
1107,1105,1116
1106,1105,1107
1109,1107,1113
1104,1103,1096
1104,1096,1124
1108,1107,1109
1098,1100,1099
1092,1091,1090
1110,1109,1111
1111,1109,1112
1096,1095,1148
1063,1058,1056
1057,1056,1058
1058,1063,1062
1054,1056,1055
1062,1061,1059
1060,1059,1061
1062,1059,1058
1043,1042,1044
984,987,986
986,985,984
1052,1051,1050
1054,1063,1056
1074,1073,1071
1071,1070,1074
1073,1072,1071
1074,1070,1064
1085,1084,1083
1082,1081,1083
1070,1068,1064
1070,1069,1068
1068,1065,1064
1067,1065,1068
918,922,919
1067,1066,1065
1074,1064,1063
1063,1077,1074
983,982,984
1116,1105,1104
1288,1282,1078
1262,1281,1263
1248,1244,1249
1020,1024,1021
1240,1238,1237
1230,1229,1232
1236,1235,1237
1242,1249,1243
1242,1241,1249
1241,1240,1220
1240,1239,1238
1154,1190,1155
1190,1249,1241
1151,1254,1190
1235,1220,1240
1237,1235,1240
1154,1151,1190
1246,1245,1247
1231,1230,1232
1226,1228,1227
1235,1234,1221
1232,1234,1233
1229,1228,1226
1232,1222,1221
1232,1221,1234
1229,1222,1232
1229,1226,1225
1221,1220,1235
1155,1161,1156
1197,1190,1241
1153,1152,1154
1190,1197,1191
1190,1161,1155
1162,1190,1189
1158,1156,1161
1161,1190,1162
1201,1241,1220
1229,1225,1224
1124,1123,1104
1117,1116,1104
1122,1117,1123
1124,1148,1147
1096,1148,1124
1126,1125,1124
1126,1124,1147
1149,1148,1151
1151,1150,1149
1254,1151,1148
1117,1122,1120
1113,1116,1114
1113,1107,1116
1113,1112,1109
1120,1119,1117
1120,1122,1121
1119,1118,1117
1115,1114,1116
1123,1117,1104
1130,1146,1142
1129,1147,1130
1130,1147,1146
1145,1144,1143
1143,1142,1145
1135,1141,1137
1130,1142,1131
1145,1142,1146
1152,1151,1154
1132,1142,1141
1126,1147,1129
1128,1127,1129
1127,1126,1129
1133,1135,1134
1135,1133,1132
1136,1135,1137
1132,1141,1135
1142,1132,1131
1243,1249,1244
1220,1219,1218
1205,1220,1217
1229,1224,1222
1223,1222,1224
1217,1216,1205
1215,1208,1216
1208,1205,1216
1202,1220,1205
1195,1191,1197
1198,1197,1201
1202,1205,1204
1201,1220,1202
1200,1199,1201
1199,1198,1201
1208,1206,1205
1202,1204,1203
1197,1241,1201
1212,1210,1208
1210,1212,1211
1210,1209,1208
1212,1208,1215
1206,1208,1207
1213,1212,1214
1212,1215,1214
1185,1182,1186
1179,1178,1182
1182,1178,1186
1182,1185,1183
1184,1183,1185
1179,1181,1180
1182,1181,1179
1196,1195,1197
1191,1194,1192
1191,1195,1194
1187,1189,1188
1193,1192,1194
1167,1162,1168
1189,1169,1168
1167,1164,1162
1139,1137,1140
1156,1158,1157
1140,1137,1141
1139,1138,1137
1159,1158,1160
1160,1158,1161
1162,1164,1163
1189,1168,1162
1187,1178,1174
1170,1174,1173
1174,1170,1187
1178,1175,1174
1187,1170,1169
1175,1178,1177
1173,1172,1171
1173,1171,1170
1177,1176,1175
1165,1164,1166
1167,1166,1164
830,832,831
829,828,830
1189,1187,1169
1186,1178,1187
1220,1218,1217
869,867,870
861,860,862
865,862,866
865,864,862
870,862,857
864,863,862
866,862,870
877,881,880
877,879,878
868,867,869
871,870,873
866,870,867
874,870,857
873,872,871
862,860,858
858,857,862
846,845,844
848,844,843
848,847,844
855,848,841
844,847,846
857,856,874
870,874,873
851,850,852
855,852,849
912,875,856
854,852,855
849,848,855
852,854,853
850,849,852
848,843,842
860,859,858
875,874,856
889,891,890
892,889,887
905,900,897
888,887,889
892,891,889
898,897,900
901,903,902
901,900,904
904,900,905
922,918,917
901,904,903
899,898,900
922,921,919
892,886,893
879,877,880
883,882,881
876,875,884
884,883,881
881,877,876
885,884,894
875,907,884
893,886,885
906,905,896
895,906,896
905,897,896
895,894,907
893,885,894
912,908,907
909,908,910
894,884,907
907,906,895
912,907,875
892,887,886
881,876,884
922,917,916
912,856,855
836,835,834
837,840,838
838,840,839
832,828,833
828,832,830
824,836,833
833,836,834
833,828,824
840,837,836
815,855,841
815,841,840
840,824,815
815,808,855
816,815,817
814,809,808
809,814,810
815,824,817
814,808,815
836,824,840
803,855,808
828,826,824
824,826,825
822,819,817
824,823,822
822,817,824
820,819,821
821,819,822
813,811,810
813,812,811
814,813,810
807,806,804
819,818,817
807,803,808
828,827,826
798,797,796
804,803,807
803,802,801
804,806,805
796,795,798
799,769,800
798,794,799
794,798,795
794,793,783
855,801,912
794,769,799
783,780,794
779,778,771
771,778,777
780,779,769
782,781,783
794,780,769
783,793,784
800,912,801
784,793,792
801,855,803
789,784,790
784,792,790
790,792,791
787,786,789
785,789,786
785,784,789
787,789,788
780,783,781
774,772,771
771,776,774
775,774,776
754,762,755
773,772,774
777,776,771
761,760,762
841,848,842
771,770,779
1730,1737,1736
1445,1737,1730
1739,1738,1737
1737,1740,1739
1730,1736,1734
1740,1744,1743
1744,1740,1308
1742,1741,1743
1743,1741,1740
1737,1308,1740
1731,1734,1733
1733,1732,1731
1735,1734,1736
1730,1734,1731
1006,1020,1007
1747,1024,1006
1008,1010,1009
1008,1016,1010
1019,1017,1020
1747,1005,1004
1745,1024,1747
1748,1747,1004
1004,1758,1748
1747,1746,1745
1002,1000,1003
1002,1001,1000
1003,1000,999
1004,1003,979
1747,1006,1005
1004,979,1758
979,1003,999
1745,1744,1308
1020,1006,1024
1752,1754,1753
1752,1755,1754
1756,1751,1750
1756,1755,1752
1756,1750,1757
1756,1752,1751
1770,1769,1768
1773,1770,1765
1773,1771,1770
1764,1763,1762
1768,1766,1765
1766,1768,1767
1765,1764,1773
1770,1768,1765
485,1773,1764
1764,1762,1759
1764,1759,493
1760,1759,1761
1757,1749,1758
1750,1749,1757
1758,522,496
1758,1749,1748
498,497,501
492,491,488
496,495,494
1759,1758,493
496,501,497
496,493,1758
493,492,487
493,487,485
487,486,485
487,492,488
485,1764,493
493,496,494
477,476,475
491,489,488
1762,1761,1759
1773,485,481
998,997,999
997,979,999
997,980,979
997,982,980
977,976,965
975,971,976
982,990,989
981,980,982
997,990,982
966,965,976
979,978,964
964,978,977
965,964,977
533,979,964
963,962,961
971,966,976
960,533,964
960,963,961
960,535,534
960,964,963
534,533,960
1758,979,522
974,972,975
974,973,972
970,966,971
966,970,967
968,967,969
960,543,535
951,960,959
958,957,955
955,954,958
956,955,957
951,959,954
958,954,959
969,967,970
536,535,543
972,971,975
1011,1010,1015
532,526,525
522,521,502
522,533,524
502,501,522
521,503,502
501,496,522
520,509,521
522,524,523
522,979,533
506,521,508
490,489,491
499,501,500
504,503,506
521,506,503
508,507,506
474,473,472
524,533,525
498,501,499
532,525,533
530,526,532
536,538,537
527,530,529
530,527,526
538,536,542
510,520,511
512,511,520
506,505,504
520,510,509
529,528,527
513,520,519
512,520,513
513,519,514
521,509,508
531,530,532
428,402,385
402,428,403
385,384,428
385,402,386
1774,428,384
427,404,403
401,386,402
387,386,401
378,383,382
378,377,383
383,377,384
382,381,379
387,400,388
378,382,379
381,380,379
406,405,404
384,377,352
481,480,445
481,484,482
484,481,485
454,445,480
454,480,479
445,429,481
446,445,454
430,444,443
482,484,483
429,445,444
427,403,428
400,387,401
426,407,427
427,406,404
429,444,430
408,407,426
400,399,391
427,407,406
400,391,388
481,429,428
1773,481,428
352,351,349
350,349,351
354,353,355
356,353,357
356,355,353
377,376,360
377,353,352
313,309,308
310,313,312
310,309,313
315,314,313
343,342,348
312,311,310
343,348,347
342,349,348
358,357,359
388,390,389
391,390,388
399,392,391
375,363,376
377,357,353
399,398,393
357,360,359
343,345,344
345,343,346
343,347,346
361,360,362
363,362,360
360,376,363
357,377,360
446,454,453
340,384,352
457,478,458
478,477,475
456,454,457
457,479,478
472,475,474
467,466,472
466,475,472
475,458,478
460,475,466
454,456,455
453,452,446
458,475,460
460,466,461
458,460,459
446,452,451
431,430,443
469,468,467
465,464,461
469,472,471
471,470,469
464,463,462
462,461,464
446,451,447
450,449,447
450,447,451
433,441,434
434,441,440
448,447,449
433,442,441
433,432,442
465,461,466
472,469,467
408,426,409
398,394,393
399,393,392
425,411,410
432,443,442
425,410,409
431,443,432
398,397,396
394,396,395
373,363,375
374,373,375
394,398,396
371,370,369
372,371,364
369,367,371
373,372,363
411,425,412
426,425,409
413,412,423
414,413,415
412,424,423
421,420,419
413,422,418
419,422,421
422,413,423
418,422,419
367,364,371
366,364,367
368,367,369
413,417,415
417,413,418
366,365,364
417,416,415
412,425,424
372,364,363
457,454,479
515,514,516
1773,428,1774
932,931,929
935,932,929
932,935,933
931,930,929
927,926,940
925,924,926
937,939,938
935,928,937
928,935,929
937,940,939
936,935,937
940,937,928
928,927,940
935,934,933
926,923,940
921,920,919
681,800,769
767,766,752
800,680,676
753,752,766
769,779,770
914,916,915
767,752,768
922,916,914
923,922,914
923,914,646
910,908,911
681,769,768
912,911,908
647,913,912
646,914,913
752,751,768
751,681,768
688,751,742
924,923,926
573,941,940
945,947,946
941,943,942
947,943,941
947,945,943
941,573,947
943,945,944
949,948,950
950,543,960
953,952,951
950,948,559
647,676,649
655,676,656
646,913,647
947,573,948
649,655,654
573,940,923
646,639,923
639,646,645
647,912,676
951,954,953
677,680,678
680,677,676
680,679,678
675,656,676
682,688,685
742,689,688
682,681,688
687,685,688
681,680,800
912,800,676
675,657,656
657,675,658
682,684,683
684,682,685
674,672,658
685,687,686
650,654,653
751,688,681
673,672,674
765,753,766
764,763,753
754,753,763
749,748,750
763,762,754
745,748,747
750,743,742
742,741,740
740,695,689
750,748,743
740,689,742
745,744,748
743,748,744
747,746,745
742,751,750
757,755,762
733,739,737
739,738,737
755,757,756
733,737,736
759,758,760
762,758,757
734,736,735
732,731,730
732,730,733
729,733,730
733,729,728
733,728,739
723,722,718
733,736,734
721,719,722
739,727,696
758,762,760
739,728,727
695,690,689
695,692,690
697,727,705
726,725,727
697,696,727
697,699,698
695,740,696
696,740,739
727,725,705
690,692,691
695,694,693
692,695,693
705,702,700
699,697,700
702,701,700
705,700,697
705,712,706
724,713,725
724,718,717
718,724,723
717,716,714
719,718,722
717,713,724
715,714,716
712,711,709
713,712,725
709,707,712
706,712,707
710,709,711
709,708,707
717,714,713
725,712,705
720,719,721
765,764,753
705,704,703
563,562,573
561,560,562
560,559,948
574,573,583
576,575,574
574,582,576
563,573,564
948,562,560
548,558,557
559,558,548
548,547,559
559,547,543
564,571,565
564,573,571
577,579,578
571,573,572
576,582,577
948,573,562
584,583,603
586,585,587
584,601,585
603,602,584
597,600,599
585,601,588
602,601,584
583,638,603
600,597,601
581,579,577
580,579,581
581,577,582
597,596,588
598,597,599
587,585,588
589,588,596
596,590,589
588,601,597
608,607,603
583,582,574
923,583,573
542,536,543
539,541,540
541,539,542
544,543,547
544,546,545
517,516,519
544,547,546
516,514,519
439,435,440
439,436,435
436,439,438
437,436,438
519,518,517
440,435,434
538,542,539
550,548,554
555,557,556
548,557,554
550,554,553
569,566,570
570,566,565
571,570,565
554,557,555
549,548,550
566,569,568
567,566,568
551,550,553
552,551,553
596,595,590
559,543,950
644,639,645
638,583,923
923,639,638
655,649,676
649,648,647
640,643,642
639,644,643
649,654,650
652,650,653
634,636,635
641,640,642
631,626,625
640,639,643
627,626,629
652,651,650
638,637,633
659,658,672
660,659,664
675,674,658
665,672,671
659,672,664
670,669,671
665,664,672
662,661,664
663,662,664
664,661,660
666,668,667
668,666,669
665,671,666
671,669,666
705,703,702
608,632,615
603,607,604
604,607,605
603,632,608
631,615,632
637,636,633
610,609,611
609,608,615
631,625,615
632,638,633
591,595,594
591,590,595
594,593,592
594,592,591
605,607,606
611,609,615
619,623,621
625,624,619
633,636,634
629,628,627
623,622,621
629,631,630
619,621,620
614,613,612
612,611,614
614,611,615
623,619,624
619,617,616
617,619,618
615,625,616
625,619,616
626,631,629
632,603,638
950,960,951
1411,1408,1419
