# Canada region 24
18 15
# Outer Vertices
-79.238907,68.827477
-79.366127,68.847748
-79.400299,68.871918
-79.419189,68.920258
-79.309464,68.973587
-79.208618,69.082474
-78.878632,69.136642
-78.756683,69.257477
-78.623917,69.256927
-78.724747,69.331093
-78.458633,69.389977
-78.291412,69.374969
-78.211411,69.299973
-78.356407,69.196091
-78.458908,69.221916
-78.640846,69.047760
-78.934448,68.888603
-79.238907,68.827477
# Triangles
4,2,1
4,1,17
5,17,16
3,2,4
5,4,17
6,5,16
16,15,6
15,8,7
8,15,14
14,13,10
8,14,10
13,11,10
9,8,10
12,11,13
15,7,6
