# Canada region 51
20 17
# Outer Vertices
-98.797241,79.673576
-98.866127,79.690811
-98.936401,79.719704
-99.301392,79.754700
-99.333618,79.803040
-99.295837,79.833313
-99.525284,79.883591
-100.070297,79.876923
-100.170601,79.921921
-100.127800,79.961906
-100.192497,80.028030
-100.065598,80.089981
-99.732788,80.150528
-99.110580,80.130539
-98.785583,80.021637
-98.706123,79.965813
-98.779190,79.902763
-98.650009,79.818039
-98.648621,79.783577
-98.797241,79.673576
# Triangles
7,6,12
4,3,5
12,6,13
7,11,9
9,8,7
9,11,10
12,11,7
16,2,1
2,5,3
16,19,18
1,19,16
18,17,16
5,13,6
5,2,13
14,16,15
16,14,13
2,16,13
