# Canada region 20
315 312
# Outer Vertices
-90.359619,79.248550
-92.412247,79.222748
-92.676682,79.251373
-92.667236,79.268860
-92.603912,79.300812
-91.146683,79.356369
-91.120033,79.386368
-91.702530,79.361359
-91.864754,79.339417
-92.561974,79.365807
-92.533623,79.388603
-92.228912,79.431374
-92.259193,79.446907
-92.581131,79.452187
-92.854462,79.407761
-92.973358,79.423576
-93.045013,79.476089
-93.144203,79.475807
-93.061417,79.415817
-93.008636,79.388031
-93.347237,79.338867
-93.370033,79.351639
-93.236397,79.415253
-93.235023,79.435257
-93.338058,79.447197
-93.485313,79.354141
-93.666138,79.360527
-93.648354,79.329971
-93.757523,79.283577
-93.969727,79.257477
-94.206947,79.272476
-94.135567,79.338867
-93.842239,79.389977
-94.495010,79.421371
-94.500313,79.379700
-94.398071,79.375259
-94.506973,79.337196
-94.985863,79.267471
-95.194458,79.302200
-95.318626,79.332199
-95.164177,79.344704
-95.295837,79.379433
-95.304176,79.403587
-95.601959,79.384979
-95.779457,79.425812
-95.671951,79.439423
-95.778641,79.474701
-95.710281,79.495796
-95.736687,79.537483
-94.429176,79.663857
-94.329727,79.688309
-94.357788,79.726929
-94.283073,79.757477
-94.335571,79.780807
-95.153923,79.647476
-95.740860,79.641373
-95.901138,79.654419
-96.490837,79.836090
-96.392227,79.863037
-96.575562,79.849983
-96.615303,79.883873
-96.458618,79.914429
-96.391678,79.913857
-96.381973,79.881638
-96.138077,79.906372
-96.262787,79.936920
-96.556953,79.948868
-96.675003,80.008324
-96.676407,80.041924
-96.801392,80.086906
-96.748901,80.134697
-96.410294,80.138870
-95.672523,80.046654
-94.416962,79.978867
-94.414177,79.997757
-94.801964,80.085823
-94.510834,80.154419
-94.091667,80.172470
-94.120033,80.183029
-94.571960,80.224983
-94.748627,80.169418
-95.263634,80.118317
-95.632797,80.164139
-95.692497,80.181091
-95.496964,80.219421
-95.646133,80.239700
-95.922523,80.194138
-96.566406,80.272202
-96.464752,80.313026
-96.681953,80.342194
-96.592239,80.362762
-96.232529,80.334702
-96.281113,80.361923
-96.047813,80.389977
-95.460571,80.336906
-95.467796,80.358032
-95.498917,80.383873
-96.087509,80.485260
-95.904167,80.539139
-96.020859,80.567467
-96.006958,80.582748
-94.995033,80.603027
-94.771973,80.561371
-93.866966,80.518311
-93.810852,80.541367
-94.364754,80.613586
-94.543350,80.599701
-94.669724,80.657761
-94.650299,80.681374
-94.088364,80.701637
-94.140297,80.721916
-95.035858,80.768311
-94.857803,80.801361
-94.925293,80.814697
-95.282806,80.786087
-95.501129,80.806923
-95.526688,80.833313
-95.150848,80.881088
-95.468918,80.890259
-95.460564,80.909698
-95.283630,80.949982
-95.241127,81.006088
-94.905029,81.057480
-94.465302,81.015533
-94.508072,80.979424
-94.408630,80.965530
-93.908363,81.039429
-94.342133,81.109238
-93.300018,81.079697
-93.123611,81.115250
-93.179176,81.135529
-93.095863,81.154137
-93.121140,81.182747
-93.419456,81.219971
-93.928909,81.203873
-94.350594,81.245529
-94.391693,81.261093
-94.278923,81.341919
-94.068069,81.363312
-93.568359,81.302750
-93.505577,81.337753
-93.565018,81.376648
-93.209183,81.361359
-92.181961,81.241089
-91.813919,81.158310
-91.781693,81.090263
-91.321411,80.882751
-91.121964,80.754700
-90.738907,80.711639
-90.593918,80.645248
-90.771683,80.577477
-90.741409,80.562187
-90.046692,80.541641
-89.762802,80.464981
-89.754204,80.486359
-89.825851,80.518593
-89.587250,80.545532
-89.326424,80.531921
-89.059464,80.461357
-89.257248,80.396927
-89.083633,80.398323
-89.105301,80.339417
-89.256973,80.298576
-89.251419,80.278313
-89.092216,80.200813
-88.563080,80.102753
-88.414749,80.104980
-88.483353,80.135803
-88.283363,80.118027
-88.162247,80.091637
-88.191132,80.114967
-88.320297,80.175812
-88.256973,80.181641
-88.294189,80.201370
-88.573914,80.232483
-88.703346,80.293297
-88.649193,80.316650
-88.685287,80.371643
-88.553360,80.418587
-88.384193,80.443588
-87.684189,80.410248
-87.607803,80.324142
-87.618362,80.272751
-87.564194,80.191093
-87.678360,80.156372
-88.049187,80.125809
-87.956703,80.069702
-87.300018,80.069427
-87.183640,80.025253
-87.160294,79.994980
-87.019203,79.957199
-87.017242,79.941650
-87.471970,79.852478
-87.463638,79.831360
-87.003082,79.917763
-86.966957,79.885529
-87.064728,79.792213
-87.055573,79.731918
-87.144203,79.637756
-87.441704,79.573868
-87.462799,79.534698
-87.345581,79.503036
-87.263077,79.511368
-87.161133,79.571640
-86.966690,79.601639
-86.841690,79.593033
-86.819748,79.576103
-86.846413,79.549973
-86.790024,79.538857
-86.695023,79.567467
-86.813347,79.611923
-86.640846,79.653313
-86.303093,79.642761
-86.039749,79.545532
-86.134460,79.523033
-86.028084,79.474701
-86.160583,79.463593
-86.120850,79.439972
-86.011963,79.440262
-85.901138,79.493591
-85.847778,79.596359
-85.743637,79.616928
-85.623917,79.599136
-85.251129,79.394699
-84.951141,79.307213
-84.904190,79.276642
-84.931137,79.258324
-86.397522,79.079697
-86.565018,79.019417
-86.587799,78.983582
-86.741409,78.951920
-86.903351,79.009407
-86.949188,79.057213
-86.983353,79.056641
-86.986969,78.949692
-86.938080,78.916924
-87.186417,78.826920
-87.451141,78.728867
-87.543350,78.664703
-87.663094,78.642471
-87.872803,78.694977
-88.003357,78.807213
-87.946693,78.909149
-87.973083,78.965263
-87.813629,78.996918
-87.724731,79.075813
-87.753082,79.085533
-88.192497,78.980263
-88.210571,78.931641
-88.186691,78.898033
-88.228912,78.814423
-88.130287,78.684692
-88.044167,78.658577
-87.908630,78.596916
-87.890846,78.578308
-87.985023,78.492203
-88.205307,78.452477
-88.559464,78.604141
-88.788910,78.612762
-88.746399,78.535812
-88.552254,78.437469
-88.536133,78.406921
-88.784737,78.169983
-88.847794,78.151367
-89.196411,78.233871
-89.533630,78.399696
-89.891418,78.552750
-89.956947,78.605263
-90.073349,78.600250
-90.100861,78.549698
-89.985023,78.436081
-89.785278,78.398033
-89.461960,78.175537
-89.461937,78.158577
-89.563339,78.149696
-89.674179,78.217194
-89.886948,78.215263
-90.023361,78.298027
-90.186417,78.333313
-90.729446,78.326103
-90.715584,78.309143
-90.325577,78.271637
-90.374184,78.246368
-90.267517,78.186653
-90.301407,78.155258
-90.434189,78.136368
-91.489754,78.176933
-91.857788,78.239700
-92.031418,78.207474
-92.186417,78.255539
-92.323914,78.287201
-92.183350,78.306374
-92.224472,78.325256
-92.459473,78.302200
-92.609734,78.330811
-92.613892,78.357193
-92.920013,78.418869
-92.987244,78.460251
-92.966690,78.488586
-93.271133,78.584137
-93.466690,78.645813
-93.343628,78.673576
-93.555557,78.680817
-93.813629,78.765808
-93.650284,78.784698
-93.163353,78.735527
-93.037804,78.765808
-93.996407,78.885803
-94.269737,78.962196
-94.263351,78.991928
-93.608353,79.051651
-93.460564,79.142761
-93.295303,79.166924
-91.932251,79.159973
-90.359619,79.248550
# Triangles
39,38,40
38,37,40
36,34,37
37,49,40
33,49,37
49,42,40
40,42,41
34,33,37
36,35,34
309,308,307
32,29,28
310,309,307
29,31,30
31,29,32
50,32,52
42,49,48
59,61,60
57,56,58
63,62,58
64,63,58
58,56,64
62,61,58
64,56,72
47,43,42
42,48,47
47,46,45
43,47,45
72,55,54
52,51,50
50,49,33
73,53,52
50,33,32
56,55,72
44,43,45
52,32,77
301,299,305
299,301,300
302,301,304
304,301,305
307,306,310
311,306,312
311,310,306
299,298,305
302,304,303
296,295,298
313,312,306
293,295,294
293,292,295
305,298,306
298,297,296
2,1,4
306,298,295
306,295,313
295,292,313
28,27,26
20,22,21
32,26,77
26,25,24
22,17,23
18,17,22
23,17,24
24,77,26
28,26,32
19,18,22
4,1,5
3,2,4
14,13,16
14,16,15
16,104,17
129,13,143
20,19,22
104,24,17
129,16,13
68,67,66
68,66,71
58,61,59
69,68,70
70,68,71
87,86,88
88,90,89
53,73,54
82,84,83
84,82,81
93,91,86
72,71,64
94,93,85
94,84,81
94,85,84
81,101,94
64,71,65
66,65,71
91,88,86
93,92,91
90,88,91
100,99,98
95,101,96
115,114,116
98,96,101
98,97,96
86,85,93
98,101,100
95,94,101
117,116,114
120,117,121
120,119,118
122,121,117
120,118,117
114,113,117
81,80,101
101,80,102
103,79,78
80,79,102
122,113,112
111,110,112
107,106,108
106,105,108
52,77,74
73,52,74
78,77,103
77,76,74
103,77,104
102,79,103
110,125,124
109,108,105
126,110,109
110,126,125
104,109,105
126,109,104
24,104,77
76,75,74
112,110,124
122,124,123
124,122,112
127,126,128
136,135,137
135,134,138
134,139,138
138,137,135
143,131,129
132,131,142
131,130,129
128,104,129
133,132,142
140,133,142
133,140,139
140,142,141
139,134,133
131,143,142
104,128,126
16,129,104
113,122,117
54,73,72
8,11,9
280,286,285
284,282,285
289,288,291
287,286,313
285,282,280
282,284,283
291,287,313
288,287,291
271,275,272
272,274,273
259,264,263
271,276,275
276,270,277
263,262,259
292,291,313
314,279,269
314,313,279
280,282,281
313,286,279
286,280,279
11,8,7
5,1,314
10,9,11
6,5,314
11,7,12
6,147,7
6,314,151
278,270,269
278,277,270
270,276,271
258,264,259
272,275,274
265,264,258
269,268,314
267,266,258
258,266,265
314,267,164
268,267,314
269,279,278
258,164,267
262,260,259
291,290,289
260,262,261
257,256,251
257,250,248
252,251,256
250,257,251
256,255,252
248,250,249
253,255,254
238,244,239
242,240,244
242,241,240
245,237,236
237,245,238
244,240,239
234,236,235
253,252,255
247,258,248
242,244,243
238,245,244
234,233,236
200,246,245
201,245,236
232,231,230
236,233,201
232,207,233
165,258,247
230,229,228
227,226,223
209,228,227
232,228,208
216,227,217
217,227,218
226,224,223
223,218,227
224,226,225
218,223,219
228,232,230
186,247,246
248,258,257
314,153,152
314,163,153
164,258,165
162,161,159
176,175,174
176,178,177
178,176,174
153,163,162
166,247,169
169,168,166
170,169,185
170,172,171
166,165,247
166,168,167
179,173,172
173,179,174
185,172,170
169,186,185
163,314,164
185,179,172
7,147,146
148,150,149
151,150,6
150,148,147
144,143,145
12,146,145
145,143,12
12,7,146
6,150,147
160,159,161
179,178,174
159,158,157
153,156,154
162,156,153
154,156,155
159,157,156
314,152,151
159,156,162
185,180,179
12,143,13
246,200,186
233,203,202
233,207,204
233,204,203
201,233,202
205,204,207
206,205,207
200,199,193
208,228,209
207,232,208
215,214,216
209,227,212
213,212,214
216,214,212
219,221,220
222,221,219
211,210,209
219,223,222
245,201,200
192,187,186
192,186,193
187,189,188
191,189,192
196,194,193
200,193,186
180,184,182
180,185,184
183,182,184
182,181,180
196,198,197
209,212,211
190,189,191
192,189,187
196,195,194
196,193,198
199,198,193
186,169,247
216,212,227
