# Canada region 75
107 104
# Outer Vertices
-94.056122,71.982758
-94.692780,72.013313
-95.196671,71.986076
-95.196671,72.052467
-95.083618,72.097748
-95.204727,72.102753
-95.158890,72.135803
-95.214752,72.200256
-95.158890,72.345261
-95.236389,72.428589
-95.133621,72.460251
-95.458618,72.682213
-95.600281,72.722748
-95.550293,72.781082
-95.652237,72.788589
-95.675293,72.841087
-95.623337,72.922760
-95.716400,72.993027
-95.643623,73.047470
-95.688606,73.080544
-95.647781,73.116638
-95.500313,73.128593
-95.573624,73.153030
-95.597237,73.219421
-95.585564,73.298027
-95.618896,73.348862
-95.600853,73.381638
-95.653900,73.412483
-95.684174,73.450256
-95.632782,73.527763
-95.700562,73.553864
-95.545013,73.571640
-95.619743,73.622192
-95.723343,73.639977
-95.676392,73.664978
-95.682251,73.711906
-95.450844,73.771088
-95.283623,73.769150
-95.041962,73.675812
-94.652237,73.648590
-94.649727,73.670807
-94.977226,73.733307
-95.089462,73.783310
-95.116119,73.806641
-94.958344,73.831917
-95.024727,73.855263
-95.154167,73.823593
-95.311401,73.885246
-95.325012,73.952477
-95.245293,74.010246
-95.088058,74.021362
-94.325577,74.123306
-93.952240,74.138870
-93.741127,74.087753
-93.761398,74.129150
-93.730827,74.154137
-93.431953,74.172203
-92.796677,74.124969
-92.748901,74.113312
-92.765556,74.085533
-92.638062,74.103027
-92.334473,74.031372
-92.273621,73.990540
-92.329727,73.942467
-92.113892,73.952187
-92.113358,73.981369
-91.838364,74.018860
-90.896973,73.984970
-90.225021,73.908577
-90.215561,73.878036
-90.275284,73.838593
-90.327240,73.872192
-90.382782,73.850250
-90.357529,73.806641
-90.583633,73.655807
-90.805283,73.546921
-90.989731,73.553307
-90.946960,73.514687
-90.921402,73.495247
-91.262512,73.263870
-91.634460,73.228867
-91.375557,73.210533
-91.368057,73.200813
-91.845863,72.846649
-92.109734,72.739151
-92.293327,72.706093
-93.222778,72.780807
-93.334457,72.811371
-93.603348,72.774979
-94.263062,72.774139
-94.321953,72.759407
-94.327507,72.721649
-93.794167,72.738861
-93.791122,72.689148
-93.823334,72.653030
-93.769447,72.624969
-93.606117,72.587196
-93.498917,72.521927
-93.463348,72.462196
-93.628067,72.341919
-93.787231,72.322746
-94.014183,72.163857
-94.066963,72.076637
-94.228622,72.039978
-94.190292,72.019150
-94.031952,72.063026
-94.056122,71.982758
# Triangles
13,15,14
15,13,16
13,12,11
16,13,21
17,16,18
19,18,20
18,21,20
22,21,23
24,23,21
24,21,38
18,16,21
13,11,21
3,2,4
8,6,4
6,5,4
1,4,2
8,4,1
8,10,9
8,1,10
91,90,10
7,6,8
90,21,10
91,10,1
10,21,11
1,103,91
39,21,90
29,28,27
27,26,29
25,24,26
29,26,31
29,31,30
34,33,32
35,34,32
32,31,36
37,36,31
36,35,32
26,24,31
42,41,44
51,40,52
43,42,44
24,38,31
37,31,38
44,41,40
47,46,49
49,46,50
47,49,48
45,44,50
51,50,44
44,40,51
45,50,46
52,40,39
21,39,38
39,90,89
104,103,1
104,106,105
103,102,101
104,1,106
94,91,101
94,92,91
92,94,93
100,99,95
95,94,100
101,100,94
96,95,99
101,91,103
96,99,97
99,98,97
84,63,85
86,59,87
80,84,83
63,86,85
82,81,80
80,79,66
82,80,83
88,87,53
88,53,89
63,84,80
60,59,63
56,87,59
60,63,61
87,56,53
63,80,64
63,62,61
63,59,86
54,53,55
55,53,56
56,59,57
58,57,59
52,39,53
64,80,66
79,76,66
67,75,74
75,67,76
72,74,73
76,67,66
65,64,66
72,71,67
68,71,70
69,68,70
71,68,67
72,67,74
77,76,79
78,77,79
53,39,89
