# Canada region 31
66 63
# Outer Vertices
-134.322998,68.717453
-134.457504,68.719147
-134.467804,68.762482
-134.766998,68.953308
-134.834198,68.987473
-134.914703,68.966637
-135.455307,68.977753
-135.529205,68.928589
-135.824997,68.895813
-135.995300,68.942467
-135.998398,68.956917
-135.921097,68.954422
-135.987503,69.011917
-135.978394,69.040817
-135.802505,68.989433
-135.704498,69.014977
-135.720901,69.046082
-135.936096,69.099701
-135.967194,69.214706
-135.926102,69.254700
-135.607193,69.145248
-135.852203,69.268044
-135.848602,69.296921
-135.732803,69.330811
-135.659500,69.316650
-135.585297,69.223312
-135.550598,69.229141
-135.610596,69.319702
-135.572006,69.338593
-135.170593,69.257751
-135.186096,69.286087
-135.240799,69.308296
-135.287201,69.419144
-135.150803,69.476929
-134.677505,69.480797
-134.496094,69.441933
-134.420807,69.463028
-134.408401,69.491364
-134.475006,69.515533
-134.525604,69.507751
-134.521393,69.475250
-134.593903,69.509407
-134.576401,69.547760
-134.477798,69.538589
-134.401703,69.638313
-134.493103,69.715813
-134.312195,69.721077
-134.351395,69.668869
-134.225296,69.675812
-134.147003,69.635529
-134.219193,69.578873
-134.179504,69.587479
-134.125000,69.542213
-133.977798,69.528587
-133.947205,69.506363
-133.805603,69.539429
-133.791702,69.576920
-133.748398,69.542213
-133.857803,69.440811
-134.078094,69.345543
-134.568100,69.106644
-134.673599,69.017761
-134.666702,68.956093
-134.488602,68.870247
-134.431107,68.792763
-134.322998,68.717453
# Triangles
10,9,11
11,8,14
8,11,9
12,11,13
13,11,14
8,15,14
7,6,20
20,6,26
16,15,20
29,5,4
20,15,7
29,6,5
20,19,16
4,61,34
7,15,8
18,17,19
20,23,21
17,16,19
24,20,25
22,21,23
20,24,23
28,26,29
30,29,33
25,20,26
31,30,33
29,26,6
33,32,31
34,33,29
29,4,34
26,28,27
4,3,61
62,61,3
2,63,62
3,2,62
34,60,35
35,60,36
63,2,64
41,40,39
64,1,0
59,36,60
37,36,50
54,58,55
59,50,36
59,58,54
64,2,1
54,53,59
41,39,42
38,37,43
43,42,39
43,39,38
45,44,47
47,46,45
47,44,50
37,44,43
50,59,52
58,57,55
56,55,57
50,48,47
51,50,52
49,48,50
44,37,50
53,52,59
60,34,61
