# Canada region 9
29 26
# Outer Vertices
-83.379471,65.615540
-83.586937,65.703873
-83.662514,65.676361
-83.624741,65.646637
-83.808327,65.681923
-83.794189,65.719421
-83.684464,65.744423
-83.735863,65.761917
-83.827530,65.748306
-83.779457,65.784416
-83.906128,65.767471
-83.960281,65.737762
-84.143890,65.764137
-84.101387,65.819702
-84.189468,65.968307
-84.382782,66.000526
-84.468338,66.064972
-84.470573,66.133324
-84.240570,66.098312
-83.921417,66.009697
-83.730850,65.947746
-83.683350,65.910538
-83.689194,65.866638
-83.803070,65.816093
-83.529739,65.708313
-83.360023,65.727478
-83.214752,65.710533
-83.289169,65.632751
-83.379471,65.615540
# Triangles
13,12,11
10,13,11
5,4,2
23,10,9
19,10,23
17,16,15
17,15,18
14,13,19
19,18,14
13,10,19
14,18,15
23,20,19
3,2,4
2,1,6
25,28,27
26,25,27
28,25,24
24,1,28
23,22,20
8,7,9
7,6,23
23,9,7
6,24,23
22,21,20
6,1,24
5,2,6
