# Canada region 80
126 123
# Outer Vertices
-125.263901,72.494423
-124.952797,72.565262
-124.968903,72.604980
-125.078102,72.616364
-125.070297,72.636093
-124.959999,72.680817
-124.967796,72.705261
-125.026100,72.821091
-125.112503,72.850250
-125.099998,72.871368
-124.497200,72.919693
-124.497200,72.977203
-124.726097,73.006638
-124.862503,73.068863
-124.794701,73.134697
-124.644699,73.156372
-124.670799,73.186653
-124.409401,73.366638
-124.445801,73.411087
-124.305603,73.478592
-124.101402,73.523857
-124.038902,73.586906
-124.078598,73.622757
-124.067802,73.654694
-123.844200,73.696091
-123.774696,73.764420
-123.907799,73.834702
-124.134201,73.848312
-124.217499,73.872757
-124.255798,73.953583
-124.467796,74.094971
-124.426697,74.109703
-124.558098,74.266083
-124.693100,74.269417
-124.604202,74.312469
-124.775002,74.319138
-124.755600,74.342758
-122.866402,74.448868
-122.118599,74.491928
-121.651901,74.548576
-121.150803,74.509979
-121.002197,74.467758
-120.971703,74.418030
-119.639702,74.199142
-119.824203,74.094704
-119.804199,74.046921
-119.736298,74.024727
-119.754997,74.079147
-119.500801,74.213867
-119.184700,74.216919
-119.121101,74.199692
-119.090797,74.156921
-119.131104,74.126083
-119.070602,74.114700
-119.080803,74.077759
-119.147202,74.062187
-119.187202,73.987762
-118.973099,74.000259
-118.800598,74.095810
-118.806999,74.133873
-118.867203,74.151367
-118.886101,74.171921
-118.690002,74.217758
-118.122498,74.275818
-117.512497,74.238586
-116.785004,74.059692
-115.763603,73.685257
-115.448601,73.588593
-115.324997,73.506927
-115.315002,73.479713
-115.834702,73.339981
-116.838303,73.163040
-117.244202,73.054703
-117.642502,72.992203
-118.885803,72.693588
-119.158897,72.624969
-119.186096,72.582474
-119.170799,72.542763
-119.305000,72.444702
-119.332497,72.387192
-119.302498,72.356644
-119.787003,72.223587
-120.167503,72.230797
-120.176102,72.246368
-120.139999,72.267761
-120.241096,72.262482
-120.261398,72.239700
-120.145302,72.149979
-120.175797,72.094421
-120.439201,71.958313
-120.431702,71.908043
-120.379204,71.883873
-120.426399,71.744423
-120.377502,71.694138
-120.473099,71.565536
-120.543297,71.516647
-120.766701,71.459702
-121.394402,71.380249
-121.537498,71.412483
-121.531700,71.429428
-121.581902,71.454422
-121.703598,71.460823
-122.043297,71.305252
-122.144203,71.260803
-122.593903,71.178040
-122.781097,71.086090
-123.095001,71.079971
-123.303299,71.149696
-123.480301,71.293297
-123.634201,71.472473
-124.013298,71.685806
-124.953903,71.938026
-124.948303,71.961090
-125.416397,71.974136
-125.787804,71.982193
-125.724701,72.051933
-125.717499,72.096359
-125.792801,72.113037
-125.694199,72.164703
-125.568901,72.174149
-125.673103,72.213318
-125.656700,72.251083
-125.542198,72.251373
-125.478600,72.286926
-125.534401,72.295807
-125.263901,72.494423
# Triangles
115,114,113
115,119,116
119,115,113
119,118,116
113,123,119
116,118,117
120,119,121
119,122,121
123,125,124
125,123,112
4,3,2
122,119,123
112,123,113
107,106,108
104,109,108
108,106,104
105,104,106
103,102,104
109,104,25
110,109,24
5,2,1
5,10,6
7,10,9
2,5,4
111,110,112
10,1,112
1,10,5
125,112,1
110,10,112
102,25,104
7,6,10
9,8,7
17,15,11
15,14,12
12,14,13
12,11,15
34,36,35
15,17,16
34,32,37
34,33,32
36,34,37
11,10,20
18,17,19
20,19,17
11,20,17
22,21,23
24,23,21
21,20,24
110,20,10
28,27,29
26,31,29
30,29,31
29,27,26
26,25,37
101,37,25
24,109,25
26,37,31
31,37,32
20,110,24
38,37,101
101,25,102
86,101,100
89,99,97
97,99,98
89,97,96
99,89,100
95,92,96
92,90,96
92,94,93
89,96,90
92,91,90
95,94,92
101,86,39
89,88,86
89,86,100
42,86,85
83,82,84
86,88,87
78,84,81
84,82,81
80,79,81
78,81,79
78,77,76
76,75,78
78,75,84
74,73,58
73,72,64
65,72,71
75,74,56
85,84,45
46,84,75
42,85,45
46,48,47
45,44,42
49,56,55
54,52,55
52,49,55
48,46,56
75,56,46
51,50,52
44,43,42
42,41,40
40,39,42
39,86,42
52,50,49
48,56,49
45,84,46
73,64,63
57,56,74
64,72,65
70,66,65
69,68,67
66,70,67
67,70,69
61,60,59
59,62,61
58,62,59
62,58,63
58,57,74
63,58,73
54,53,52
71,70,65
101,39,38
