# Canada region 15
24 21
# Outer Vertices
-76.825577,67.234970
-77.055573,67.266373
-77.256683,67.516373
-77.225861,67.530807
-77.322800,67.698029
-77.225594,67.856644
-76.746689,68.225807
-76.531693,68.289978
-76.169456,68.303040
-76.060562,68.296921
-75.930862,68.336906
-75.695572,68.326920
-75.048080,68.174149
-75.010567,68.142197
-75.049469,68.041367
-75.156967,67.965263
-75.113907,67.861923
-75.044739,67.812469
-75.066406,67.695534
-75.037247,67.600807
-75.128067,67.486923
-75.388077,67.354713
-76.126404,67.252762
-76.825577,67.234970
# Triangles
3,2,1
3,0,5
0,3,1
6,0,22
3,5,4
0,6,5
7,6,22
22,8,7
22,9,8
22,11,9
16,21,18
18,21,20
21,16,15
19,18,20
18,17,16
11,10,9
11,21,15
11,15,12
14,13,12
14,12,15
11,22,21
