# Canada region 83
18 15
# Outer Vertices
-118.583099,75.499420
-118.927498,75.529419
-118.877800,75.553307
-119.340302,75.579422
-119.397499,75.618317
-118.716904,75.882751
-118.404404,75.960823
-118.168297,75.968307
-118.105003,76.023857
-117.623100,76.114433
-117.471397,76.088867
-117.573097,75.981918
-117.937202,75.785248
-117.956398,75.759979
-117.927498,75.734421
-118.263603,75.616928
-118.203903,75.598862
-118.583099,75.499420
# Triangles
2,17,5
17,2,1
3,2,5
4,3,5
6,15,7
6,5,17
15,6,17
17,16,15
13,15,14
15,13,7
7,13,12
7,12,8
9,11,10
9,8,12
11,9,12
