# Canada region 52
72 69
# Outer Vertices
-62.746948,45.948318
-62.919720,46.029430
-62.886120,46.057491
-63.026951,46.056660
-62.891941,46.153599
-62.950569,46.126930
-62.954731,46.151371
-62.929169,46.178322
-62.978340,46.196930
-63.103889,46.201931
-63.024170,46.290272
-62.962780,46.319988
-63.272781,46.200821
-63.190830,46.194439
-63.143620,46.201649
-63.140560,46.186378
-63.224731,46.139709
-63.455280,46.194710
-63.799728,46.320271
-63.807510,46.370541
-63.738899,46.385818
-63.930012,46.424992
-64.114464,46.404991
-64.133057,46.433319
-64.069458,46.631100
-64.265839,46.623051
-64.387787,46.620819
-64.415863,46.670551
-64.404167,46.721931
-63.998890,47.061649
-63.985001,47.036652
-64.028061,46.821381
-64.091690,46.778599
-64.067520,46.749149
-63.966671,46.708881
-63.882229,46.645550
-63.880280,46.614159
-63.850559,46.627209
-63.833630,46.577492
-63.944729,46.484989
-63.831669,46.516380
-63.827511,46.476379
-63.742500,46.439430
-63.698330,46.456379
-63.740009,46.496101
-63.716389,46.553879
-63.647511,46.567211
-63.490841,46.524712
-63.459171,46.465549
-63.424728,46.489712
-63.339169,46.497211
-63.238892,46.399712
-63.210838,46.429150
-62.678619,46.446098
-62.463070,46.478321
-61.988892,46.460819
-61.965012,46.453320
-62.173340,46.349430
-62.357780,46.355820
-62.335011,46.311939
-62.494999,46.271381
-62.428890,46.243599
-62.419720,46.219990
-62.585560,46.232208
-62.568340,46.186649
-62.513889,46.142208
-62.473061,46.150269
-62.446949,46.090549
-62.573891,46.034710
-62.454731,46.018879
-62.496948,45.983879
-62.746948,45.948318
# Triangles
22,21,39
19,18,20
24,23,39
23,22,39
41,40,39
21,41,39
20,41,21
43,42,20
42,41,20
48,20,17
12,17,16
20,18,17
51,48,17
45,44,43
48,50,49
51,50,48
47,43,48
43,20,48
51,17,12
28,27,26
28,26,25
32,25,24
28,32,29
28,25,32
31,29,32
29,31,30
24,33,32
33,24,34
36,39,38
46,45,43
36,35,34
37,36,38
34,24,36
36,24,39
47,46,43
14,13,15
13,16,15
6,4,7
4,6,5
11,7,4
2,4,3
71,68,64
68,71,70
70,69,68
71,4,2
71,64,4
65,67,66
64,68,65
68,67,65
71,2,1
64,63,4
9,8,10
63,53,4
11,8,7
51,12,11
8,11,10
4,53,11
11,53,52
11,52,51
63,60,53
63,62,60
60,59,58
54,58,57
58,54,60
57,56,55
57,55,54
60,54,53
60,62,61
13,12,16
