# Canada region 21
79 76
# Outer Vertices
-132.499496,53.159161
-132.577805,53.200550
-132.549698,53.231380
-132.703094,53.257771
-132.667496,53.282490
-132.544495,53.309429
-132.568604,53.337490
-132.741699,53.314159
-132.710007,53.370270
-132.433594,53.319149
-132.400299,53.330818
-132.520798,53.412209
-132.653107,53.431381
-132.660599,53.489429
-132.688400,53.448318
-132.752808,53.457489
-132.719193,53.490261
-132.743607,53.515541
-132.849197,53.461929
-132.823593,53.516930
-132.923599,53.519161
-132.889999,53.557770
-132.991699,53.583050
-132.953598,53.601940
-132.890793,53.585541
-132.882004,53.605549
-133.007797,53.676380
-132.929199,53.684711
-132.972794,53.763882
-133.033600,53.752769
-133.106400,53.782490
-133.067001,53.820820
-133.134705,53.870270
-133.115005,53.940269
-133.041107,54.031651
-133.082001,54.102489
-133.067200,54.173870
-132.648102,54.141380
-132.557800,54.088039
-132.566696,54.029148
-132.676102,53.964710
-132.648102,53.947491
-132.416702,54.096100
-132.290604,54.110538
-132.150299,53.992771
-132.111099,53.878319
-132.225006,53.780270
-132.647202,53.691929
-132.639999,53.673038
-132.595001,53.672771
-132.606400,53.628601
-132.359207,53.669708
-132.478104,53.588871
-132.451401,53.582211
-132.376999,53.612209
-132.279205,53.623322
-132.330597,53.653599
-132.299500,53.669991
-132.200302,53.652210
-132.152496,53.706379
-132.195297,53.753319
-132.186096,53.788879
-132.088898,53.863880
-132.128403,54.001099
-132.171097,54.043598
-132.072495,54.022770
-131.852798,54.059158
-131.663406,54.123878
-131.679703,54.019711
-131.738907,53.923321
-131.853394,53.816380
-131.940002,53.519711
-131.908600,53.357491
-131.982193,53.251659
-132.265793,53.212769
-132.255600,53.193878
-132.124496,53.194149
-132.186996,53.160549
-132.499496,53.159161
# Triangles
17,19,18
25,21,19
21,24,23
21,20,19
25,24,21
23,22,21
25,19,17
4,3,2
7,6,8
15,14,16
11,13,12
14,13,16
9,6,5
16,13,17
13,52,50
50,17,13
31,30,29
29,28,31
31,28,34
32,31,33
35,34,36
37,36,34
31,34,33
34,28,40
47,27,25
48,50,49
47,17,48
51,50,52
25,17,47
17,50,48
41,40,47
40,39,37
46,42,41
37,39,38
28,47,40
37,34,40
28,27,47
25,27,26
9,8,6
5,2,9
0,9,2
10,9,74
2,1,0
52,11,53
53,10,54
10,53,11
54,10,55
9,0,74
52,13,11
75,74,0
77,76,75
75,0,77
74,71,58
57,56,55
73,71,74
55,74,58
58,71,59
72,71,73
57,55,58
55,10,74
60,59,61
43,42,46
46,44,43
61,59,62
41,47,46
44,46,45
65,62,70
70,62,59
62,65,63
66,70,69
65,64,63
66,68,67
66,65,70
68,66,69
59,71,70
5,4,2
