# Canada region 94
64 61
# Outer Vertices
-94.180557,74.631927
-95.005569,74.671371
-95.073059,74.702187
-95.056396,74.727753
-95.345840,74.795532
-95.472794,74.791641
-95.450562,74.741638
-95.541397,74.745796
-95.542236,74.807480
-95.950562,74.857193
-96.122787,74.912201
-96.105827,74.938026
-96.033340,74.949417
-96.051132,74.972748
-96.135559,74.951103
-96.124741,74.975807
-96.056396,75.010246
-96.142227,75.017761
-96.210007,74.915527
-96.337509,74.903587
-96.396667,74.919693
-96.394180,74.978317
-96.328079,74.974701
-96.322250,75.001373
-96.614182,74.984970
-96.575302,75.096359
-96.456680,75.196907
-96.092216,75.255539
-96.063057,75.276642
-96.172501,75.285538
-95.959167,75.374687
-95.914459,75.358582
-95.890297,75.349136
-95.778923,75.369980
-95.905563,75.396637
-96.151138,75.374969
-96.162231,75.395538
-95.974457,75.436081
-95.703346,75.402481
-95.684723,75.428307
-95.800858,75.431641
-95.837227,75.453583
-95.824173,75.477753
-95.470291,75.566933
-94.827507,75.631088
-94.446404,75.605797
-94.031403,75.465530
-93.853622,75.392471
-93.676964,75.356644
-93.662231,75.316650
-93.648064,75.301361
-93.499184,75.264687
-93.493347,75.247192
-93.578339,75.197746
-93.458618,75.128036
-93.488892,75.072479
-93.515289,75.038307
-93.412804,74.908310
-93.438904,74.757751
-93.563629,74.743027
-93.463074,74.729424
-93.485001,74.687759
-93.563606,74.659416
-94.180557,74.631927
# Triangles
22,20,19
22,19,18
23,22,18
20,22,21
25,23,26
23,18,17
11,10,12
12,9,16
9,12,10
16,13,12
13,16,15
13,15,14
16,33,32
23,25,24
27,23,17
17,16,27
23,27,26
36,35,37
30,29,28
28,27,16
30,28,31
28,32,31
34,37,35
38,34,33
42,40,39
40,42,41
16,32,28
34,38,37
33,16,9
45,3,1
1,3,2
8,7,5
8,33,9
8,5,38
5,7,6
4,38,5
4,3,44
59,63,62
62,61,59
60,59,61
59,56,63
56,59,57
58,57,59
45,1,63
63,56,53
44,43,4
46,63,47
4,39,38
33,8,38
39,43,42
4,43,39
45,44,3
46,45,63
53,52,51
55,54,53
47,63,53
49,48,47
51,50,53
47,50,49
50,47,53
55,53,56
