# Canada region 65
22 19
# Outer Vertices
-83.672791,62.141102
-83.720840,62.173321
-83.721390,62.281651
-83.928886,62.466930
-83.575012,62.671940
-83.458069,62.861931
-83.311111,62.924431
-83.041397,62.837212
-82.694458,62.939430
-82.361954,62.961380
-82.186111,62.979988
-81.911957,62.952209
-81.883911,62.901932
-81.956123,62.791660
-81.924187,62.733051
-82.033340,62.663879
-82.431671,62.466648
-83.144180,62.176659
-83.174179,62.211651
-83.275848,62.248600
-83.360001,62.249710
-83.672791,62.141102
# Triangles
2,1,21
7,4,19
20,19,4
2,21,20
3,2,4
4,6,5
4,2,20
4,7,6
19,18,7
18,16,7
15,14,13
16,15,9
13,10,15
16,8,7
16,9,8
13,11,10
10,9,15
11,13,12
16,18,17
