# Canada region 6
154 151
# Outer Vertices
-124.807198,49.239670
-124.882004,49.020550
-124.957497,48.981659
-125.150597,48.996929
-125.224197,48.951649
-125.331902,48.969990
-125.260002,49.022491
-125.346703,49.033039
-125.371902,48.979160
-125.502197,48.917759
-125.876999,49.088329
-125.858299,49.110821
-125.738098,49.105549
-125.608902,49.198040
-125.616402,49.219711
-125.727501,49.155270
-125.756401,49.158600
-125.735001,49.257210
-125.802002,49.250271
-125.776901,49.365822
-125.964996,49.225269
-125.991402,49.234440
-126.018600,49.285549
-125.969200,49.297489
-125.932800,49.355820
-125.904701,49.435822
-126.009499,49.321659
-126.065002,49.348320
-126.052803,49.446098
-126.190300,49.400829
-126.258598,49.445541
-126.263901,49.389431
-126.303101,49.360538
-126.429703,49.469711
-126.480301,49.443050
-126.466103,49.380260
-126.548103,49.381378
-126.566101,49.584431
-126.470299,49.635540
-126.086899,49.657211
-126.103104,49.679150
-126.142502,49.675541
-126.445602,49.667210
-126.483101,49.702492
-126.413101,49.774429
-126.469498,49.787209
-126.466103,49.746101
-126.509499,49.706928
-126.590302,49.704430
-126.650803,49.896381
-126.731697,49.880260
-126.801399,49.952209
-126.846397,49.963871
-126.804497,49.909161
-126.881104,49.875542
-126.918900,49.965260
-126.939499,49.862770
-127.118896,49.853039
-127.238899,49.967209
-127.178596,50.009159
-127.183601,50.051102
-127.144699,50.074711
-127.081703,50.127209
-127.097801,50.144161
-127.172501,50.091930
-127.295799,50.141651
-127.277496,50.055271
-127.380600,50.026100
-127.469200,50.087212
-127.430603,50.128880
-127.606697,50.115551
-127.636398,50.141651
-127.609703,50.180271
-127.650803,50.175541
-127.780296,50.084148
-127.895798,50.108879
-127.903297,50.132488
-127.745796,50.248051
-127.847198,50.280270
-127.804497,50.321381
-127.931396,50.316101
-127.979401,50.347210
-127.936699,50.418320
-127.756699,50.486370
-127.571404,50.481930
-127.474503,50.381649
-127.446701,50.379711
-127.570000,50.512211
-127.544701,50.541660
-127.443604,50.571659
-127.419403,50.596661
-127.821999,50.611931
-127.634499,50.578041
-127.591698,50.551659
-127.608902,50.531380
-128.063095,50.482491
-128.051697,50.447769
-128.226700,50.548038
-128.319504,50.608601
-128.320602,50.663319
-128.416702,50.769161
-128.349197,50.801659
-127.909698,50.871380
-127.537201,50.779709
-127.478401,50.698910
-127.408897,50.746101
-127.346901,50.673870
-127.114700,50.612770
-126.974197,50.560261
-126.785004,50.546940
-126.670799,50.514709
-126.327797,50.480820
-125.928596,50.382210
-125.564201,50.363880
-125.431702,50.310551
-125.367500,50.165539
-125.296700,50.100819
-125.207199,49.961651
-124.863098,49.700550
-124.883904,49.666370
-124.933098,49.672211
-124.974503,49.663601
-124.789497,49.464161
-124.470299,49.363602
-123.946999,49.221661
-123.909698,49.127491
-123.810303,49.115822
-123.749496,49.035259
-123.775803,48.979160
-123.582802,48.831928
-123.589203,48.792210
-123.567497,48.744431
-123.648102,48.750271
-123.528297,48.671940
-123.529198,48.526932
-123.473099,48.573601
-123.459702,48.685822
-123.396400,48.677761
-123.341698,48.508881
-123.291702,48.480820
-123.294403,48.409710
-123.360298,48.397209
-123.443100,48.443321
-123.518303,48.345539
-123.583298,48.301102
-123.689697,48.332211
-123.831398,48.354710
-124.439201,48.527489
-124.486397,48.539989
-125.113899,48.731098
-125.180298,48.804710
-124.835602,49.024151
-124.779404,49.144428
-124.807198,49.239670
# Triangles
67,66,65
57,56,55
59,55,61
55,59,57
61,55,62
59,61,60
57,59,58
75,74,76
76,74,77
72,71,70
65,69,67
67,69,68
63,65,64
72,70,69
86,69,65
55,52,62
37,36,34
35,34,36
33,30,38
38,37,33
44,42,41
33,37,34
42,44,43
53,52,54
62,52,109
50,49,51
54,52,55
47,46,45
111,49,45
49,48,45
110,51,49
45,48,47
110,52,51
44,112,111
44,111,45
81,80,82
80,79,82
73,72,77
78,77,79
83,79,77
79,83,82
73,77,74
77,84,83
98,97,99
100,99,101
102,101,99
99,97,102
103,102,91
91,102,95
94,91,95
91,94,92
95,102,97
97,96,95
85,77,72
107,86,63
85,72,69
86,89,88
52,110,109
87,86,88
49,111,110
69,86,85
84,77,85
108,62,109
90,104,91
91,104,103
104,90,106
86,90,89
63,108,107
106,105,104
106,90,107
86,107,90
62,108,63
93,92,94
63,86,65
30,39,38
5,4,6
9,8,7
151,148,152
150,149,151
151,149,148
147,128,125
7,13,9
10,12,11
10,9,12
121,7,6
13,12,9
0,3,2
0,2,1
123,148,147
3,0,6
3,6,4
125,128,126
147,146,128
145,144,143
134,143,142
143,134,145
134,132,146
141,140,139
141,138,142
138,141,139
134,142,135
135,142,138
132,130,129
130,132,131
129,128,132
128,127,126
128,146,132
133,132,134
137,136,135
135,138,137
146,145,134
27,26,28
21,20,23
24,20,19
20,24,23
21,23,22
40,112,44
40,44,41
28,30,29
31,30,32
39,25,115
28,26,25
28,25,39
28,39,30
115,40,39
40,113,112
116,25,19
25,24,19
18,17,19
30,33,32
16,15,17
15,14,17
14,13,7
19,14,117
17,14,19
148,123,152
152,123,0
123,125,124
14,7,121
121,6,0
125,123,147
122,0,123
116,115,25
113,115,114
40,115,113
116,19,117
122,121,0
120,119,118
118,117,120
120,117,121
14,121,117
