# Canada region 57
282 279
# Outer Vertices
-112.427696,76.166313
-112.526100,76.110527
-112.413399,76.042480
-111.763901,75.946907
-111.726700,75.915817
-111.777496,75.894699
-112.052200,75.878036
-112.186996,75.844971
-112.225601,75.811081
-111.580002,75.813873
-111.525803,75.793587
-111.439201,75.776367
-111.451698,75.742203
-111.355301,75.724426
-111.408302,75.620796
-111.271400,75.522476
-110.862503,75.551086
-110.495598,75.569138
-110.195801,75.538589
-109.253899,75.514137
-108.899399,75.476357
-108.924500,75.523857
-109.026703,75.553589
-108.836098,75.612762
-108.926697,75.678040
-108.973297,75.715263
-109.698303,75.839981
-109.657204,75.866364
-109.938301,75.856918
-110.024696,75.900528
-109.409203,76.007202
-109.421402,76.035812
-109.280800,76.039429
-109.380302,76.081650
-109.305000,76.100540
-109.521698,76.181091
-109.834198,76.236076
-109.887802,76.204697
-110.037804,76.233871
-110.201698,76.285538
-110.372803,76.294418
-110.361397,76.372757
-110.385002,76.421082
-109.766998,76.501373
-109.724197,76.531647
-109.847198,76.532471
-109.522499,76.685532
-109.454697,76.732483
-109.183098,76.819427
-108.918900,76.809418
-108.788597,76.857193
-108.655602,76.817467
-108.692497,76.769974
-108.503899,76.756088
-108.446404,76.723587
-108.442001,76.696373
-108.565598,76.641647
-108.704201,76.646362
-108.703598,76.623032
-108.627197,76.575531
-108.528900,76.553864
-108.628304,76.517761
-108.530602,76.515533
-108.590302,76.481918
-108.481903,76.455811
-108.610001,76.428589
-108.607498,76.410538
-108.328903,76.396637
-108.077499,76.280533
-108.231400,76.249153
-108.093102,76.226639
-108.158302,76.205544
-108.331398,76.181923
-108.456703,76.099136
-108.384201,76.086639
-108.464401,76.037201
-107.884697,76.061920
-107.659698,76.004700
-107.633102,75.981369
-108.014999,75.832199
-108.024200,75.783859
-107.893303,75.793297
-107.721703,75.880539
-107.234200,75.908043
-107.048302,75.890533
-107.105003,75.834702
-106.951103,75.747482
-106.963097,75.702759
-106.901703,75.649139
-106.888100,75.667480
-106.896698,75.720261
-106.830597,75.785812
-106.615799,75.797203
-106.870003,75.824982
-106.877197,75.870529
-106.893303,75.947479
-106.638901,76.053040
-106.316704,76.052467
-105.837196,75.996918
-105.606400,75.934692
-105.453300,75.841637
-105.388298,75.656372
-105.496399,75.555252
-105.740799,75.494980
-105.645798,75.473038
-105.592796,75.467484
-105.714203,75.416367
-105.646400,75.365250
-105.875298,75.271088
-105.929199,75.197746
-105.844200,75.183296
-105.885300,75.140259
-106.051697,75.117477
-106.079498,75.096916
-105.994202,75.062187
-106.235298,75.021362
-106.862503,74.960823
-107.006104,74.922470
-107.464203,74.934418
-107.716698,75.010529
-107.679497,75.048576
-107.771698,75.095543
-107.739700,75.043030
-108.016403,74.948593
-107.942001,74.930817
-108.391701,74.910538
-108.518898,74.974426
-108.530602,75.005539
-108.794701,75.069138
-108.927803,75.051933
-108.968102,75.023590
-109.014999,74.984703
-109.345802,74.944702
-109.508102,74.866364
-110.673103,74.778870
-110.586899,74.718582
-111.140297,74.590530
-111.580002,74.524406
-112.087196,74.452187
-112.753098,74.401367
-113.406097,74.413307
-114.041901,74.528313
-114.361397,74.623581
-114.443604,74.664139
-114.419701,74.698029
-114.010300,74.790527
-113.320602,74.856087
-113.219704,74.843582
-113.219704,74.861649
-113.287201,74.886368
-112.700302,74.981644
-111.792198,74.988037
-111.551399,75.011368
-111.484200,75.040817
-111.567200,75.060257
-111.328102,75.070251
-111.304703,75.096359
-110.920601,75.223587
-110.956703,75.246094
-111.208099,75.264420
-111.334198,75.197479
-111.676697,75.146927
-111.760803,75.184692
-111.919701,75.133591
-112.409698,75.123581
-112.452499,75.155807
-112.294701,75.198029
-112.397499,75.241089
-112.461899,75.218872
-112.432503,75.186920
-112.592499,75.181641
-112.634697,75.196373
-112.585899,75.239151
-112.665802,75.278587
-112.733597,75.209137
-112.698097,75.144974
-112.894203,75.103317
-113.038902,75.093582
-113.134201,75.144150
-113.210899,75.081917
-113.894203,75.052200
-113.950302,75.060532
-113.973099,75.096359
-113.932503,75.141373
-113.912498,75.169144
-113.912804,75.201370
-113.805801,75.326637
-113.322197,75.415817
-113.896400,75.374153
-114.024200,75.461090
-114.074402,75.440536
-114.093903,75.410812
-114.040604,75.367752
-114.137497,75.244980
-114.203102,75.221359
-114.512802,75.314697
-114.609703,75.279984
-114.577797,75.262756
-114.468102,75.262192
-114.302498,75.182747
-114.298103,75.166641
-114.385803,75.095810
-114.783897,74.997192
-115.032204,74.961639
-115.185799,74.985260
-115.226402,75.058296
-115.172798,75.107758
-115.256104,75.178040
-115.261398,75.151917
-115.386902,75.102203
-115.657204,75.142761
-115.646698,75.124969
-115.561996,75.066933
-115.537498,75.027206
-115.618301,74.979141
-115.690598,74.964142
-116.235298,75.052200
-116.226700,75.071907
-116.093300,75.093033
-116.065002,75.127472
-116.294197,75.099136
-116.266998,75.145538
-116.239197,75.201370
-116.527199,75.184692
-116.679199,75.117203
-117.419197,75.182480
-117.678299,75.244423
-117.666901,75.294144
-117.261398,75.468872
-116.294701,75.483582
-116.002197,75.484703
-115.619698,75.578873
-115.268600,75.595810
-115.250801,75.641083
-114.999702,75.690811
-115.052803,75.703033
-116.347504,75.559143
-117.195000,75.573593
-117.250000,75.586090
-117.233597,75.620529
-116.923302,75.774696
-116.762802,75.799973
-115.823097,75.827187
-115.726402,75.853317
-115.507202,75.834976
-114.932503,75.856644
-114.824203,75.904137
-116.482803,75.873871
-116.676697,75.889687
-116.724503,75.906372
-116.731400,75.945251
-116.632202,75.969147
-116.470596,75.968872
-116.502800,75.997192
-116.499496,76.026642
-116.669403,76.025818
-116.708603,76.043869
-116.641403,76.113312
-116.342201,76.183029
-115.327499,76.184692
-114.850601,76.170258
-115.299202,76.235260
-115.781998,76.235260
-115.882004,76.252762
-115.925003,76.286636
-115.853302,76.318863
-115.909401,76.345543
-115.466698,76.455811
-115.021400,76.474701
-114.899696,76.516922
-114.293602,76.480263
-114.148102,76.451370
-114.091103,76.388870
-114.106102,76.355530
-114.128601,76.310257
-113.983299,76.261368
-113.998596,76.197746
-113.756699,76.200531
-113.015297,76.267197
-112.892197,76.253860
-112.750603,76.200531
-112.427696,76.166313
# Triangles
218,216,215
211,215,214
213,212,214
214,212,211
218,217,216
218,215,219
142,144,143
206,203,202
203,206,204
206,205,204
201,197,202
215,211,210
210,219,215
221,219,222
230,222,219
227,226,225
224,228,225
219,221,220
223,229,228
222,229,223
230,219,210
231,210,209
234,207,206
200,199,201
209,208,207
202,197,196
196,206,202
197,201,198
195,194,191
199,198,201
207,231,209
206,196,234
145,144,142
145,141,140
140,146,145
183,182,181
180,183,181
146,140,147
149,148,150
150,147,139
147,140,139
150,139,138
186,184,180
150,138,151
138,137,151
148,147,150
178,177,176
183,180,184
184,186,185
174,176,175
186,180,179
178,176,174
174,187,178
179,178,187
193,191,194
164,166,165
163,166,164
172,168,167
172,170,168
8,167,166
169,168,170
172,167,173
166,163,8
170,172,171
173,167,8
9,8,162
145,142,141
187,174,173
227,225,228
238,237,239
239,237,240
237,236,240
228,224,223
236,241,240
231,207,232
236,244,242
244,236,235
243,242,244
248,247,251
230,210,231
242,241,236
230,229,222
249,248,250
252,251,247
250,248,251
256,255,257
255,254,257
254,253,252
257,254,258
252,258,254
247,246,259
258,247,259
262,261,267
262,265,263
265,262,267
265,267,266
263,265,264
261,268,267
252,247,258
232,207,234
191,190,195
246,195,190
235,234,245
233,232,234
246,260,259
246,245,234
196,246,234
246,190,276
187,186,179
193,192,191
277,189,188
277,188,187
173,2,1
163,162,8
2,7,6
2,8,7
8,2,173
189,276,190
3,6,5
270,260,274
260,246,274
276,274,246
271,274,273
268,260,269
274,271,270
269,260,270
272,271,273
275,274,276
268,261,260
1,0,280
3,2,6
277,276,189
187,173,280
187,279,278
278,277,187
279,187,280
1,280,173
3,5,4
235,245,244
195,246,196
153,152,137
153,136,155
153,155,154
14,162,161
14,161,160
153,137,136
152,151,137
156,136,157
134,136,135
157,136,134
19,133,132
133,18,134
19,131,130
132,131,19
136,156,155
129,19,130
15,159,158
15,14,160
15,158,16
16,158,157
10,14,12
14,13,12
14,9,162
157,17,16
15,160,159
134,18,17
21,20,23
19,18,133
24,75,25
22,21,23
23,75,24
23,20,127
17,157,134
129,20,19
30,25,32
20,129,128
10,12,11
127,126,125
124,123,125
127,125,123
23,127,80
123,80,127
122,121,123
121,80,123
120,119,118
120,118,87
118,117,88
88,117,116
115,88,116
114,113,115
115,92,88
121,120,82
92,115,113
89,88,92
109,111,110
109,108,112
118,88,87
89,92,91
120,87,85
81,80,121
91,90,89
85,87,86
113,112,92
111,109,112
107,106,108
108,106,103
104,103,106
103,102,99
106,105,104
97,108,103
92,112,108
101,100,102
127,20,128
23,80,75
10,9,14
28,27,29
39,38,43
36,38,37
25,27,26
30,32,31
30,27,25
36,35,43
33,32,34
66,58,34
35,34,46
27,30,29
43,42,39
41,39,42
39,41,40
43,38,36
45,44,46
34,48,47
34,47,46
46,44,35
43,35,44
58,61,59
61,58,65
63,61,65
61,60,59
48,34,49
50,49,52
57,56,52
52,51,50
57,52,49
49,58,57
34,58,49
65,58,66
34,32,66
75,79,76
120,83,82
82,81,121
83,120,85
78,77,79
80,79,75
79,77,76
84,83,85
75,66,25
94,92,96
102,100,99
103,98,97
95,94,96
97,96,92
108,97,92
99,98,103
93,92,94
61,63,62
65,64,63
72,66,73
66,75,73
55,54,53
56,55,53
56,53,52
72,67,66
72,71,69
70,69,71
69,68,67
67,72,69
73,75,74
66,32,25
