# Canada region 7
134 131
# Outer Vertices
-85.707642,63.765980
-85.803070,63.706379
-86.267227,63.638050
-86.563606,63.670551
-86.666397,63.648319
-86.778343,63.581100
-87.040009,63.550541
-87.131393,63.559711
-87.217216,63.622211
-87.218903,63.675819
-87.161118,63.743599
-86.934448,63.906101
-86.223343,64.081917
-86.186111,64.145813
-86.358902,64.302467
-86.416122,64.592194
-86.180557,64.856644
-86.210854,64.879150
-86.152512,64.918030
-86.226669,64.979980
-86.190292,65.064423
-86.138062,65.148323
-86.171951,65.278870
-86.095001,65.356644
-86.152237,65.379700
-86.013901,65.709137
-85.832497,65.832474
-85.621407,65.917480
-85.506973,65.934418
-85.468918,65.913857
-85.520844,65.842758
-85.516953,65.808594
-85.468338,65.790817
-85.381958,65.835251
-85.213898,65.808029
-85.147507,65.738037
-85.187233,65.721359
-85.056953,65.631088
-85.051682,65.606918
-85.120293,65.574982
-85.291946,65.557213
-85.295837,65.523857
-85.043640,65.436371
-85.003067,65.401367
-85.012787,65.322746
-84.924728,65.209702
-84.810287,65.216370
-84.748062,65.292763
-84.761124,65.331093
-84.595840,65.475540
-84.440567,65.456650
-84.402237,65.401917
-84.151138,65.338593
-84.228897,65.279419
-84.088348,65.203873
-83.420563,65.138031
-83.338058,65.074692
-83.341133,65.035538
-83.208344,64.945534
-83.020607,64.914658
-82.554169,64.741089
-82.382507,64.767761
-82.202507,64.713593
-81.785278,64.514977
-81.753891,64.486923
-81.779167,64.321091
-81.727226,64.258324
-81.605827,64.207474
-81.602509,64.129967
-81.956123,64.061920
-81.999184,64.003311
-81.930557,63.988041
-81.462227,64.034973
-81.432510,64.043587
-81.446671,64.081917
-81.380020,64.095543
-80.964752,63.991940
-80.910278,63.999149
-80.909180,64.023323
-80.972778,64.052750
-80.946953,64.129967
-80.751106,64.062469
-80.491119,63.915272
-80.567497,63.889431
-80.700287,63.911652
-80.640007,63.875542
-80.408340,63.851650
-80.194733,63.804710
-80.178886,63.756649
-80.454453,63.727772
-80.837509,63.533039
-80.912231,63.526371
-80.937790,63.467491
-81.011124,63.449162
-81.442780,63.544159
-81.535278,63.580269
-81.654167,63.571930
-81.757233,63.634708
-82.285568,63.678051
-82.329178,63.650269
-82.535294,63.726379
-82.551117,63.749989
-82.514717,63.790272
-82.357788,63.847210
-82.358337,63.900539
-82.525848,63.966099
-83.064178,63.951931
-83.140007,64.006088
-82.996948,64.100250
-82.960564,64.140533
-83.008621,64.187469
-83.115837,64.179138
-83.191116,64.118317
-83.329178,64.136917
-83.643890,64.032204
-83.682510,64.007202
-83.605850,63.932770
-83.646957,63.867210
-83.595840,63.825821
-83.637512,63.766380
-83.803619,63.754162
-84.089737,63.607769
-84.283073,63.628601
-84.466667,63.418320
-84.578613,63.312210
-85.224457,63.120819
-85.482513,63.118599
-85.577789,63.165539
-85.638062,63.244991
-85.654167,63.408871
-85.593613,63.631939
-85.613617,63.669708
-85.705292,63.697491
-85.707642,63.765980
# Triangles
9,7,10
9,8,7
10,7,6
11,5,4
2,12,3
11,6,5
11,4,3
3,12,11
10,6,11
18,20,19
14,16,15
2,1,12
127,126,128
129,128,126
126,125,129
130,125,124
124,123,130
130,129,125
16,13,133
13,12,1
16,18,17
16,45,18
133,13,1
13,16,14
123,131,130
131,123,122
133,132,131
45,133,131
16,133,45
131,122,45
21,20,18
122,54,46
22,21,23
24,23,25
21,41,23
41,40,32
36,33,40
31,41,32
23,41,31
40,33,32
23,26,25
18,41,21
26,31,27
31,26,23
27,30,28
30,27,31
28,30,29
33,36,34
46,45,122
44,43,42
41,18,44
48,47,49
53,47,46
47,53,51
53,46,54
52,51,53
37,39,38
36,35,34
36,39,37
36,40,39
49,47,51
50,49,51
41,44,42
18,45,44
120,122,121
101,100,102
120,119,117
98,103,99
99,103,102
98,97,71
99,102,100
118,117,119
120,117,115
70,104,103
106,105,108
104,62,105
70,103,98
70,98,71
97,72,71
115,117,116
94,72,95
95,72,97
76,94,93
92,91,93
91,90,77
91,76,93
90,89,85
77,90,84
76,73,94
76,91,77
77,84,81
84,90,85
87,86,89
89,86,85
84,83,81
88,87,89
82,81,83
95,97,96
115,114,54
113,112,111
114,113,57
107,106,108
109,105,60
113,111,58
57,56,55
55,54,57
54,114,57
110,60,59
110,109,60
59,58,111
60,62,61
58,57,113
59,111,110
108,105,109
54,122,115
69,62,104
73,72,94
76,75,73
78,80,79
78,77,81
73,75,74
81,80,78
65,64,63
63,62,65
62,69,65
67,66,68
65,69,66
69,68,66
62,60,105
69,104,70
115,122,120
