# Canada region 95
509 506
# Outer Vertices
-114.604500,72.599953
-114.463303,72.560257
-114.351402,72.557480
-114.103104,72.632202
-113.516098,72.701920
-113.584198,72.664139
-113.729202,72.615540
-113.699699,72.604141
-113.442802,72.672203
-113.410004,72.729424
-113.606400,72.758324
-113.598900,72.782761
-113.302803,72.948868
-113.062798,73.007477
-112.563599,72.959137
-111.264999,72.732758
-111.208298,72.680817
-111.262802,72.579147
-111.651100,72.408859
-111.859703,72.373306
-111.876701,72.339417
-111.794403,72.323029
-111.670601,72.354141
-111.651703,72.319138
-111.745300,72.251923
-111.786102,72.222748
-111.750298,72.197746
-111.590797,72.299149
-111.424500,72.337196
-111.589203,72.342758
-111.588303,72.376373
-111.309402,72.460823
-111.202499,72.460251
-111.362198,72.365540
-111.364502,72.342484
-111.277496,72.369980
-111.033096,72.281921
-111.065300,72.344971
-111.095299,72.379700
-111.084198,72.407761
-110.987801,72.434418
-111.001999,72.471359
-110.796997,72.472748
-110.833298,72.519150
-110.715302,72.573029
-110.478897,72.552200
-110.601700,72.498871
-110.514198,72.488586
-110.511101,72.511642
-110.384201,72.555527
-110.155296,72.480263
-110.050598,72.433868
-109.971100,72.460251
-109.782799,72.429428
-109.830299,72.452187
-110.236702,72.548859
-110.242203,72.566933
-109.888603,72.484703
-109.812500,72.514687
-110.093102,72.656372
-110.241699,72.646088
-110.263100,72.676086
-110.178299,72.680817
-110.212799,72.711639
-110.076897,72.720993
-109.832802,72.663307
-109.830002,72.684982
-109.856903,72.702759
-109.770302,72.722198
-110.252197,72.731644
-110.240799,72.752762
-110.171402,72.774979
-110.211700,72.818314
-110.493599,72.837753
-110.742798,72.957199
-110.753899,72.977753
-110.708298,73.002472
-110.432503,73.014420
-109.918900,72.968033
-109.853897,72.917480
-109.735001,72.934418
-109.618103,72.909416
-109.750000,72.883873
-109.658600,72.844704
-108.963600,72.679428
-108.957497,72.658310
-109.033600,72.615540
-109.043297,72.567467
-108.851097,72.567467
-108.888901,72.597748
-108.703598,72.580261
-108.621399,72.549973
-108.588097,72.505539
-108.663597,72.362762
-108.536400,72.142197
-108.403900,72.118317
-108.412201,71.989967
-108.293900,71.976357
-108.332802,71.925812
-108.240601,71.964417
-108.191399,71.960533
-108.189697,71.933296
-108.291397,71.881927
-108.280800,71.786926
-108.165298,71.754700
-108.242798,71.718582
-108.192497,71.699692
-108.086899,71.719704
-107.976097,71.666367
-107.982803,71.633324
-107.806198,71.612762
-107.741096,71.613312
-107.726097,71.629150
-107.831902,71.676933
-107.823097,71.716919
-107.751999,71.726639
-107.695297,71.700531
-107.535599,71.779694
-107.278900,71.793297
-107.278297,71.814697
-107.404404,71.837753
-107.470802,71.870796
-107.270798,71.879433
-107.276901,71.908043
-107.403297,71.924423
-107.415001,71.970543
-107.613899,72.012482
-107.653297,72.066360
-107.610001,72.088593
-107.681396,72.136093
-107.778900,72.136642
-107.790298,72.249977
-107.864998,72.292763
-107.828102,72.306374
-107.747803,72.283310
-107.714699,72.295258
-107.754501,72.330261
-107.843903,72.354141
-107.800003,72.376648
-107.873596,72.414139
-107.781403,72.456360
-107.906403,72.473587
-107.980598,72.511093
-107.876999,72.524406
-107.885597,72.586639
-108.011902,72.619980
-107.954498,72.639137
-108.025299,72.666092
-108.005798,72.702477
-108.077797,72.743027
-108.051102,72.781372
-108.141998,72.868317
-108.101402,72.901093
-108.232803,73.033043
-108.156097,73.048576
-108.263603,73.091919
-108.300003,73.135529
-108.268600,73.171371
-108.166397,73.203873
-107.874199,73.183594
-107.946098,73.214142
-108.084503,73.247482
-108.153603,73.302467
-108.013100,73.309143
-108.082497,73.344971
-108.012497,73.352478
-107.441704,73.281082
-107.105797,73.179428
-107.025299,73.180527
-107.020302,73.200813
-107.118599,73.235527
-107.030296,73.295532
-106.882500,73.312187
-106.750801,73.289139
-106.696701,73.237473
-106.582199,73.215263
-106.500298,73.228592
-106.398598,73.149139
-106.063904,73.047760
-105.855598,73.056923
-105.760803,72.976929
-105.532204,72.879700
-105.326103,72.746368
-105.356102,72.727203
-105.498299,72.780807
-105.457199,72.702759
-105.305000,72.660248
-105.308098,72.628860
-105.318298,72.557480
-105.238098,72.547760
-105.199699,72.460533
-105.302002,72.455261
-104.957497,72.181374
-104.969200,72.153030
-105.037498,72.118317
-104.790001,71.841370
-104.593597,71.759140
-104.366402,71.588867
-104.359200,71.563309
-104.403603,71.508591
-104.278603,71.356369
-104.293602,71.341370
-104.408096,71.364967
-104.471397,71.351089
-104.496902,71.322746
-104.438904,71.257751
-104.448898,71.218872
-104.648598,71.119141
-104.413300,70.998871
-104.122803,70.914703
-104.000298,70.757202
-103.656998,70.665527
-103.624702,70.628036
-103.490601,70.587479
-103.309402,70.595261
-103.121902,70.501923
-102.930603,70.490540
-102.915001,70.505249
-103.108299,70.560532
-103.155800,70.654984
-103.136703,70.674423
-103.025299,70.660248
-102.848297,70.593872
-102.860001,70.512756
-102.281403,70.384140
-101.925598,70.260529
-101.849503,70.256638
-101.727798,70.307213
-101.588600,70.271927
-101.650803,70.221359
-101.559998,70.113586
-101.413399,70.124420
-101.376099,70.177750
-101.238899,70.133034
-101.112000,70.197197
-100.999702,70.172760
-100.973297,70.155533
-101.002800,70.088867
-100.922203,69.965263
-100.961403,69.939148
-100.870003,69.814423
-100.878098,69.771637
-100.938599,69.672470
-101.064499,69.648590
-101.329697,69.669983
-101.468300,69.823029
-101.416397,69.886917
-101.445297,69.909149
-101.559700,69.764977
-101.664497,69.649406
-101.856400,69.743027
-101.930298,69.733582
-102.035004,69.847473
-102.138901,69.823029
-102.177002,69.849136
-102.166100,69.882202
-102.217499,69.916924
-102.253098,69.901093
-102.237198,69.850807
-102.332199,69.841087
-102.299500,69.794418
-102.349701,69.756363
-102.376099,69.809418
-102.576401,69.737473
-102.673302,69.766373
-102.674500,69.750259
-102.592201,69.693863
-102.491997,69.696373
-102.507797,69.564148
-102.798103,69.529984
-103.186699,69.629433
-103.297501,69.696907
-103.476997,69.693588
-103.507202,69.617752
-103.216698,69.551086
-103.136101,69.436371
-103.091904,69.473862
-103.096100,69.515533
-103.046402,69.516922
-102.991402,69.424698
-103.023102,69.271637
-103.204697,69.200813
-103.217796,69.137192
-103.182503,69.111076
-102.841103,69.383324
-102.530800,69.409416
-102.481102,69.474701
-102.093300,69.487762
-101.947502,69.431374
-101.931099,69.407471
-102.024200,69.352753
-102.160599,69.354713
-102.172798,69.322479
-102.045799,69.296082
-102.067497,69.239151
-102.201401,69.279137
-102.217201,69.225250
-102.106697,69.179703
-101.963097,69.257202
-101.785301,69.196373
-101.751999,69.165527
-101.779999,69.103867
-101.867798,69.042480
-101.806396,69.003860
-101.899399,68.975250
-102.379997,68.954971
-102.485603,68.871368
-102.620003,68.861076
-102.730301,68.896637
-102.765800,68.882751
-102.700600,68.845261
-102.990799,68.794418
-103.291901,68.829971
-103.360001,68.813873
-103.353302,68.784149
-103.494499,68.798576
-104.263603,68.941589
-104.270798,68.900528
-104.445297,68.938873
-104.511703,68.873032
-104.834503,68.869713
-105.274200,68.948868
-104.945297,69.025818
-104.911697,69.065811
-105.083298,69.106369
-105.035797,69.057480
-105.466698,69.097473
-105.553902,69.152481
-105.830299,69.172203
-106.177803,69.144150
-106.406097,69.180527
-106.410301,69.217758
-106.273598,69.281372
-106.310303,69.403870
-106.555000,69.496368
-106.733101,69.441650
-106.753304,69.379150
-106.955002,69.357193
-106.997200,69.335251
-106.925003,69.239433
-106.936096,69.211090
-107.138100,69.150528
-107.304199,69.032471
-107.553902,68.975540
-108.175598,68.931091
-108.492203,68.947479
-108.563301,68.933594
-108.529701,68.901367
-108.551399,68.879433
-108.937500,68.741089
-110.013199,68.621170
-110.220001,68.629150
-110.363602,68.574692
-110.561096,68.616638
-110.850304,68.591087
-110.877502,68.607483
-111.391998,68.582474
-111.389198,68.565811
-111.218300,68.552750
-111.211098,68.526093
-111.253601,68.514420
-111.600601,68.543587
-112.961098,68.475250
-113.251404,68.452187
-113.309402,68.467194
-113.291397,68.489151
-113.037804,68.488312
-113.043602,68.504150
-113.421097,68.628311
-113.587799,68.773857
-113.677002,68.811081
-113.617203,68.845261
-113.678101,68.888870
-113.568100,69.018044
-113.544998,69.048027
-113.672501,69.116638
-113.692200,69.189423
-113.702003,69.210251
-114.311401,69.284973
-114.797798,69.252472
-114.991997,69.280258
-115.128601,69.239433
-115.955902,69.292213
-116.538597,69.410248
-116.618896,69.474983
-116.561401,69.488586
-116.581398,69.560532
-116.750000,69.574982
-116.741699,69.543297
-116.918602,69.594147
-116.846100,69.643044
-117.238899,69.753036
-117.431999,69.996658
-117.251404,70.072746
-116.510597,70.164139
-115.030296,70.279984
-114.254997,70.317200
-113.683899,70.263031
-113.168297,70.259140
-112.564697,70.198303
-112.543297,70.212196
-112.565804,70.231369
-112.150299,70.268860
-111.952499,70.262482
-111.468102,70.278313
-111.452797,70.293869
-111.583603,70.301086
-111.484497,70.331650
-111.591698,70.354980
-111.963097,70.368874
-112.061699,70.405258
-112.115303,70.474136
-112.345299,70.519699
-112.528099,70.514137
-112.709702,70.567467
-112.882202,70.538589
-113.206703,70.644150
-113.782204,70.697479
-113.974197,70.715530
-114.171097,70.664703
-114.392799,70.674698
-114.753601,70.616928
-116.162498,70.623032
-116.567001,70.634407
-116.901100,70.597198
-117.543602,70.595261
-117.724701,70.641373
-117.741699,70.661362
-117.709503,70.693863
-118.178596,70.832474
-118.408600,70.970261
-118.415001,70.998032
-117.980598,71.124420
-117.796700,71.166367
-116.816101,71.261917
-116.824699,71.280533
-116.208900,71.364151
-116.169197,71.348312
-115.760803,71.365807
-115.726700,71.381363
-116.211098,71.420532
-116.151398,71.435532
-115.620796,71.498581
-115.415604,71.449692
-115.066704,71.518593
-115.081703,71.527206
-115.425003,71.488586
-115.550003,71.504433
-115.555801,71.513603
-115.456100,71.527763
-115.637802,71.556923
-117.141998,71.414429
-117.377197,71.382751
-117.416702,71.391373
-117.378304,71.454147
-117.562798,71.499687
-117.594200,71.477478
-117.631699,71.456360
-117.483299,71.432480
-117.517197,71.379433
-117.681396,71.379700
-118.168900,71.378036
-118.283600,71.404694
-118.314697,71.452187
-118.263298,71.494141
-118.086098,71.540253
-117.720299,71.574692
-117.957199,71.598587
-117.946999,71.633873
-117.706902,71.662483
-117.770599,71.672760
-118.102798,71.654694
-118.285797,71.585533
-118.428299,71.578873
-118.386101,71.619713
-118.566399,71.662750
-118.855598,71.662483
-118.868301,71.580261
-119.040604,71.623032
-119.120003,71.713318
-119.105598,71.876648
-118.945801,71.991364
-118.716698,72.066650
-118.717499,72.116928
-118.588600,72.176086
-118.128304,72.222198
-118.105301,72.244713
-118.121399,72.308029
-118.177002,72.337753
-118.446701,72.345261
-118.555000,72.380814
-118.588600,72.416641
-118.550301,72.483307
-118.040802,72.673027
-117.890800,72.692749
-117.391098,72.906921
-115.970299,73.141083
-114.540802,73.373581
-114.275002,73.332199
-114.056099,73.233582
-113.956902,73.142471
-114.055000,72.883591
-113.968903,72.824982
-113.985802,72.803040
-114.328102,72.754433
-114.357498,72.741364
-114.327797,72.688873
-114.279701,72.676361
-114.604500,72.599953
# Triangles
428,426,425
393,391,390
391,393,392
434,425,424
430,429,431
431,429,432
428,432,429
428,427,426
433,432,428
425,433,428
433,425,434
390,387,386
390,389,387
387,389,388
383,382,385
386,385,382
382,394,386
383,385,384
390,386,394
434,424,423
435,434,436
423,436,434
437,422,438
422,437,436
422,421,438
422,436,423
382,395,394
390,394,393
463,462,464
464,462,461
465,464,461
460,457,466
457,459,458
466,456,455
456,466,457
457,460,459
465,461,460
465,460,466
477,476,478
473,472,474
467,466,468
472,471,474
485,474,471
466,469,468
454,453,452
439,441,440
454,452,451
442,441,439
495,454,451
466,455,469
469,455,454
447,446,449
442,439,443
449,448,447
446,445,449
508,450,449
495,451,496
371,369,373
371,370,369
374,369,368
364,363,365
365,363,366
374,368,367
377,376,374
373,372,371
375,374,376
373,369,374
398,377,374
367,362,374
374,362,399
362,366,363
361,399,362
357,361,360
356,361,357
360,359,358
360,358,357
405,355,353
353,355,354
356,355,404
405,351,350
351,353,352
350,349,405
346,349,348
353,351,405
356,404,361
366,362,367
105,405,349
379,395,380
379,378,396
421,443,439
379,396,395
438,421,439
397,378,377
397,396,378
398,397,377
421,444,443
444,421,420
417,416,7
420,418,444
7,418,417
2,444,418
419,418,420
508,445,444
414,416,415
395,381,380
400,399,402
401,400,402
361,402,399
398,374,399
406,405,407
404,355,405
402,361,403
20,416,414
412,414,413
25,414,412
411,408,26
409,408,411
411,410,409
412,411,26
407,405,36
361,404,403
26,408,407
53,405,105
395,382,381
508,449,445
480,476,481
476,480,479
476,475,482
474,485,484
475,484,482
485,471,470
476,482,481
479,478,476
483,482,484
492,490,489
486,485,470
493,488,487
494,487,486
474,484,475
488,492,489
486,470,469
444,2,1
25,412,26
24,21,25
25,20,414
20,25,21
22,24,23
26,28,27
21,24,22
26,34,28
14,20,19
416,20,8
28,30,29
31,30,28
33,28,34
15,19,18
26,36,34
469,494,486
19,15,14
491,490,492
493,487,494
493,492,488
450,496,451
450,508,496
2,7,3
1,508,444
505,508,506
454,495,469
497,496,508
494,469,495
497,508,505
498,497,504
504,501,498
504,497,505
506,508,507
6,5,4
7,6,3
3,6,4
9,11,10
8,14,9
416,8,7
11,9,12
503,502,501
500,499,501
501,499,498
504,503,501
9,13,12
14,13,9
8,20,14
418,7,2
33,31,28
31,33,32
37,36,40
40,39,37
36,42,40
37,39,38
35,34,36
42,41,40
42,44,43
46,42,36
46,45,44
49,48,47
46,44,42
36,47,46
36,51,47
17,15,18
52,51,53
49,47,50
93,87,94
51,36,405
54,58,57
53,58,54
53,51,405
92,91,93
57,56,55
58,53,68
88,93,90
83,53,87
87,93,88
93,91,90
59,58,65
57,55,54
50,47,51
26,407,36
16,15,17
59,62,60
63,62,64
62,61,60
74,73,76
76,75,74
73,77,76
68,71,69
77,72,78
77,73,72
71,78,72
62,59,64
66,65,68
66,68,67
68,65,58
64,59,65
83,87,86
85,84,86
79,78,71
68,79,71
68,82,79
69,71,70
83,82,68
80,82,81
86,84,83
82,80,79
53,83,68
90,89,88
94,87,53
349,346,105
345,105,346
321,320,322
344,109,345
343,338,344
342,341,343
326,324,327
208,324,323
324,326,325
324,207,327
322,320,323
341,338,343
315,314,313
313,282,315
283,312,311
309,311,310
312,282,313
273,318,316
316,318,317
318,323,319
308,284,309
273,316,315
309,284,283
282,312,283
309,283,311
323,318,210
284,308,285
319,323,320
273,315,282
340,339,338
110,344,338
340,338,341
329,332,330
332,329,328
332,331,330
328,333,332
111,337,335
207,334,333
336,335,337
273,272,210
272,271,215
327,333,328
281,274,273
207,333,327
273,210,318
111,338,337
276,275,279
277,276,278
275,281,280
278,276,279
279,275,280
216,215,271
216,223,217
218,217,221
271,264,216
271,270,264
269,266,265
268,266,269
264,270,265
223,216,264
269,265,270
275,274,281
282,281,273
118,335,334
285,308,307
215,213,272
307,305,285
285,305,296
305,297,296
295,285,296
294,292,295
293,292,294
305,304,297
286,295,292
267,266,268
286,291,287
286,285,295
287,291,290
292,291,286
307,306,305
302,298,297
302,304,303
302,299,298
297,304,302
301,299,302
300,299,301
289,288,290
243,239,244
250,249,248
242,241,243
288,287,290
252,251,250
262,260,259
260,262,261
257,259,258
259,224,264
253,252,255
255,254,253
252,225,255
257,256,224
225,224,256
255,225,256
257,224,259
226,229,227
225,252,226
228,227,229
226,230,229
224,223,264
226,252,250
264,262,259
231,247,246
244,246,245
248,247,230
241,240,239
233,246,239
239,246,244
239,243,241
237,239,238
231,246,233
233,232,231
230,247,231
237,236,235
235,234,237
237,234,233
237,233,239
226,250,230
230,250,248
262,264,263
103,102,98
96,53,103
104,103,105
106,109,107
109,106,345
105,345,106
98,96,103
95,94,96
96,98,97
94,53,96
101,100,99
102,99,98
102,101,99
107,109,108
53,105,103
115,114,113
112,115,113
112,111,118
116,115,112
112,117,116
338,111,110
134,131,129
133,131,134
131,133,132
131,130,129
127,126,128
134,129,135
126,125,128
135,129,128
344,110,109
154,153,152
155,154,158
150,149,148
152,151,150
152,150,159
154,152,159
156,155,157
155,158,157
160,163,161
165,164,163
163,160,165
163,162,161
159,158,154
136,135,140
138,140,139
140,138,136
144,140,166
138,137,136
141,140,143
148,146,159
148,147,146
144,146,145
143,140,144
160,159,165
144,166,159
159,146,144
142,141,143
159,150,148
167,140,135
165,159,166
135,128,125
207,206,204
196,204,203
204,206,205
195,207,204
199,203,202
200,199,202
334,207,118
199,196,203
112,118,117
121,120,122
118,191,122
194,118,207
195,194,207
122,119,118
119,122,120
196,195,204
199,197,196
111,335,118
213,215,214
208,323,210
221,217,222
219,218,220
222,217,223
220,218,221
198,197,199
200,202,201
210,209,208
211,210,212
208,207,324
212,210,272
124,123,125
167,166,140
167,125,123
123,168,167
177,168,123
172,169,168
168,177,175
177,123,178
122,178,123
171,170,169
172,171,169
176,175,177
174,173,172
172,168,174
168,175,174
135,125,167
191,189,188
189,191,190
188,187,185
191,188,185
194,193,192
192,191,194
191,185,178
181,184,182
184,181,180
178,180,179
184,180,185
186,185,187
182,184,183
185,180,178
122,191,178
118,194,191
272,213,212
348,347,346
