# Canada region 58
485 482
# Outer Vertices
-55.617439,51.613281
-55.653629,51.590549
-55.598900,51.561378
-55.411400,51.580818
-55.412781,51.550270
-55.482510,51.469711
-55.474449,51.420269
-55.508350,51.363319
-55.562500,51.388050
-55.597790,51.303600
-56.061951,51.370270
-56.095001,51.323879
-56.019169,51.304710
-56.013062,51.245270
-56.015560,51.196930
-55.965000,51.153049
-55.951950,51.183880
-55.801960,51.216930
-55.726391,51.190540
-55.732780,51.079990
-55.771950,51.051659
-56.020840,50.776661
-56.075291,50.720829
-56.103889,50.720539
-56.128059,50.836651
-56.103901,50.898319
-56.155560,50.885540
-56.157501,50.690819
-56.099720,50.679710
-56.171951,50.606380
-56.228611,50.573318
-56.240841,50.524151
-56.404720,50.374439
-56.596119,50.139431
-56.743061,50.022770
-56.782230,49.917488
-56.725010,49.958050
-56.741390,49.872211
-56.903629,49.752769
-56.785278,49.731380
-56.812778,49.606098
-56.849171,49.544430
-56.488892,49.883320
-56.464451,49.896381
-56.424450,49.840549
-56.424450,49.902760
-56.353901,49.978039
-56.238060,50.100269
-56.154171,50.150539
-56.089741,50.128319
-56.063061,50.071659
-56.188622,49.923870
-56.090000,49.986099
-56.005009,50.031380
-55.998341,50.002209
-55.955009,50.036930
-55.888062,50.028599
-55.755001,49.924160
-55.491711,50.007351
-55.460011,49.957489
-55.492500,49.917210
-56.053059,49.689159
-56.165840,49.617489
-56.168331,49.574989
-55.970840,49.695271
-55.833630,49.686649
-55.938610,49.603600
-55.878620,49.590549
-55.937500,49.529709
-56.080002,49.486931
-56.129459,49.425541
-55.827782,49.524151
-55.720840,49.475819
-55.780281,49.442490
-55.674450,49.466099
-55.678341,49.386929
-55.620289,49.432770
-55.535011,49.475819
-55.573071,49.376659
-55.560009,49.365261
-55.441952,49.491100
-55.347790,49.492771
-55.432499,49.427219
-55.323330,49.455269
-55.369732,49.403881
-55.444450,49.354988
-55.391682,49.374149
-55.380280,49.330269
-55.293339,49.401100
-55.297508,49.365822
-55.338890,49.355259
-55.311390,49.310261
-55.264721,49.422489
-55.311390,49.529991
-55.228901,49.538319
-55.141399,49.545269
-55.124729,49.465260
-55.232510,49.347759
-55.219170,49.267490
-55.365841,49.165272
-55.307499,49.104988
-55.383610,49.040821
-55.182789,49.120270
-55.272511,49.099991
-55.280281,49.160259
-55.280842,49.199162
-55.058891,49.284431
-55.078339,49.356930
-54.996670,49.295818
-55.036671,49.219990
-54.966400,49.296940
-54.895290,49.278049
-54.859169,49.332211
-54.891399,49.348320
-54.854172,49.406940
-54.825569,49.396931
-54.835838,49.297211
-54.824718,49.269161
-54.541401,49.526661
-54.447231,49.543049
-54.530560,49.444988
-54.442501,49.474991
-54.447231,49.418320
-54.488331,49.371101
-54.452511,49.333321
-54.486950,49.259708
-54.370010,49.419159
-54.261120,49.418320
-54.220009,49.417210
-54.186680,49.371101
-54.049179,49.479431
-53.988331,49.458599
-53.482780,49.277210
-53.457142,49.252949
-53.560009,49.124981
-53.620010,49.117489
-53.583069,49.067211
-53.593891,49.035549
-53.835560,49.032490
-53.799450,49.009708
-53.725288,49.009708
-53.847511,48.973320
-53.893620,48.966648
-53.807789,48.934990
-53.851398,48.909431
-53.968891,48.894711
-53.942501,48.884708
-53.968342,48.834709
-54.178341,48.800819
-54.196949,48.763599
-53.998890,48.811378
-53.978062,48.781101
-53.946671,48.823601
-53.829731,48.831379
-53.802509,48.807770
-53.867500,48.770260
-53.890560,48.733601
-54.022781,48.740822
-53.933338,48.702770
-53.948620,48.666370
-53.932499,48.624710
-53.811401,48.676380
-53.904720,48.662491
-53.925838,48.676380
-53.831951,48.749439
-53.851959,48.702209
-53.710011,48.689159
-53.722511,48.654991
-53.618061,48.694439
-53.616112,48.666931
-53.908352,48.559158
-53.715290,48.559711
-53.756672,48.503319
-54.160561,48.388882
-54.134998,48.354431
-53.879799,48.455688
-53.811390,48.464989
-53.881950,48.393879
-53.880001,48.373878
-53.776669,48.444149
-53.768902,48.475269
-53.648060,48.525269
-53.618061,48.498878
-53.725281,48.426102
-53.640011,48.439430
-53.586399,48.525269
-53.547508,48.486660
-53.616112,48.406940
-53.473339,48.507488
-53.437229,48.619991
-53.319462,48.599152
-53.271950,48.531940
-53.240280,48.523319
-53.154171,48.628601
-53.099171,48.642208
-53.085560,48.694710
-52.981400,48.608601
-53.053902,48.442760
-53.187790,48.350819
-53.345840,48.386662
-53.373619,48.282211
-53.577221,48.205818
-53.655842,48.164989
-53.926392,48.232769
-53.945278,48.178879
-53.918060,48.088039
-53.679729,48.076099
-53.689732,48.044991
-53.923889,48.031651
-53.794720,47.996380
-53.607780,48.051102
-53.674171,47.922771
-53.735008,47.866940
-53.723888,47.843880
-53.793339,47.768600
-53.897781,47.836380
-53.831951,47.744431
-53.857780,47.710819
-53.760559,47.609989
-53.688610,47.688320
-53.678070,47.646931
-53.712780,47.598049
-53.639462,47.573040
-53.606121,47.538601
-53.550838,47.529148
-53.516941,47.664989
-53.477230,47.688320
-53.497791,47.734711
-53.398621,47.872761
-53.350281,47.904709
-53.280289,48.008881
-53.009171,48.078880
-52.919910,48.169941
-52.831680,48.101650
-52.948620,48.046940
-52.964180,47.996101
-53.058071,47.922489
-53.090279,47.823318
-53.202511,47.733601
-53.156681,47.688599
-53.253071,47.584991
-53.234169,47.576649
-53.261951,47.546379
-53.186111,47.554440
-53.197781,47.433880
-53.128342,47.411098
-52.907501,47.548321
-52.791401,47.795551
-52.704441,47.753880
-52.646118,47.599152
-52.688339,47.556099
-52.616669,47.521381
-52.656670,47.474709
-52.739460,47.315540
-52.819172,47.244160
-52.865841,47.098598
-52.934448,47.086929
-52.865570,47.039989
-52.966389,46.767490
-53.091122,46.643318
-53.169449,46.619709
-53.228889,46.646381
-53.267231,46.733879
-53.388062,46.681931
-53.400280,46.709431
-53.533058,46.614159
-53.607792,46.636101
-53.643330,46.704430
-53.552780,46.864429
-53.638069,46.790821
-53.626400,46.845268
-53.563061,46.952492
-53.641941,46.983879
-53.499168,47.123878
-53.559460,47.202770
-53.628330,47.108318
-53.637218,47.132771
-54.053341,46.794991
-54.188061,46.819149
-54.163609,46.975819
-54.012508,47.228600
-53.931950,47.223320
-53.996391,47.269989
-53.997509,47.310261
-53.914452,47.326931
-53.914169,47.374149
-53.803902,47.426929
-53.906391,47.424709
-53.938610,47.676102
-54.006672,47.819149
-54.047501,47.793598
-54.195278,47.857491
-54.212780,47.777760
-54.285568,47.692211
-54.332779,47.702492
-54.320278,47.651661
-54.460560,47.494709
-54.403629,47.450550
-54.448891,47.420818
-54.453899,47.455818
-54.587780,47.348320
-54.613621,47.362770
-54.445011,47.581379
-54.664181,47.372211
-54.685841,47.396381
-54.751110,47.358601
-54.818890,47.363602
-54.823620,47.421650
-55.043900,47.220829
-55.007790,47.177490
-55.067501,47.147209
-55.069729,47.197208
-55.103889,47.196381
-55.095840,47.059711
-55.155010,47.008041
-55.193062,47.073040
-55.226109,46.934429
-55.290840,46.899429
-55.385281,46.866100
-55.463902,46.877491
-55.525291,46.939709
-55.627239,46.868881
-55.803341,46.860538
-55.946671,46.899429
-55.982792,46.936649
-55.966671,46.981380
-55.781391,47.099152
-55.493340,47.133881
-55.298618,47.267208
-55.266941,47.396648
-55.113892,47.481098
-54.845852,47.556931
-54.877232,47.570271
-54.850288,47.607208
-54.697498,47.664711
-54.769180,47.678051
-54.949451,47.599709
-55.079731,47.589989
-55.033890,47.659431
-54.938351,47.771099
-54.994999,47.733318
-55.105560,47.580818
-55.147511,47.596100
-55.130009,47.661930
-55.162220,47.636662
-55.363899,47.649151
-55.380009,47.708599
-55.462231,47.646099
-55.400280,47.615551
-55.400291,47.514709
-55.430012,47.467209
-55.555561,47.440269
-55.587780,47.398602
-55.601669,47.441662
-55.664459,47.436939
-55.588890,47.510269
-55.628330,47.541370
-55.654171,47.495270
-55.770012,47.490551
-55.920292,47.435261
-55.893330,47.472759
-55.746120,47.585270
-56.104179,47.463600
-56.169449,47.492489
-56.162510,47.511379
-55.640011,47.668049
-55.664169,47.675541
-55.824718,47.618599
-55.898060,47.642208
-55.919720,47.667210
-55.799450,47.799160
-55.823891,47.823601
-55.742500,47.923321
-55.807789,47.905540
-55.854450,47.794708
-56.055000,47.695541
-56.106121,47.714989
-56.053619,47.773880
-56.093060,47.746929
-56.151669,47.835819
-56.140282,47.690269
-56.182789,47.649990
-56.299450,47.622490
-56.310009,47.639431
-56.351669,47.605549
-56.756962,47.629429
-56.731960,47.578880
-56.779449,47.526661
-57.245560,47.598049
-57.321121,47.581928
-57.343349,47.607208
-57.415279,47.630550
-57.910278,47.645260
-58.074181,47.666931
-58.160568,47.675819
-58.345840,47.642769
-58.357792,47.652760
-58.263901,47.750820
-58.373901,47.714710
-58.429279,47.632721
-58.535290,47.631939
-59.153339,47.559990
-59.304459,47.609989
-59.325562,47.807209
-59.404449,47.884708
-59.391941,47.916660
-58.833618,48.228600
-58.599171,48.423321
-58.483608,48.427761
-58.364182,48.500820
-58.267780,48.512211
-58.298351,48.527489
-58.519741,48.500542
-58.656681,48.552761
-59.246948,48.466648
-59.232792,48.523041
-59.018890,48.648319
-58.775002,48.778881
-58.873890,48.701649
-58.948071,48.642769
-58.958630,48.613880
-58.897228,48.551929
-58.852509,48.582760
-58.743061,48.560822
-58.704731,48.575260
-58.611950,48.802212
-58.505291,48.933880
-58.503342,48.997490
-58.368061,49.104710
-58.366680,49.060261
-58.190289,49.065540
-58.077789,48.981930
-57.961399,48.956661
-57.881962,48.968880
-58.035839,48.988602
-58.132511,49.078320
-58.144451,49.121929
-57.950569,49.171101
-58.001678,49.178322
-57.928341,49.240261
-58.039459,49.212490
-58.200840,49.239712
-58.240841,49.286930
-58.223339,49.390270
-58.043900,49.541370
-57.997791,49.555851
-57.945011,49.547489
-57.914730,49.518879
-57.906399,49.477489
-57.863338,49.506939
-57.715000,49.454708
-57.715569,49.474430
-57.789181,49.500820
-57.942509,49.603039
-57.949169,49.669430
-57.604729,50.200260
-57.377510,50.584431
-57.321400,50.613602
-57.230831,50.614159
-57.398060,50.692490
-57.358059,50.721931
-57.170292,50.749439
-56.983059,50.868320
-56.926399,50.921379
-56.990009,50.929150
-56.962791,50.964432
-57.089451,51.019989
-56.934719,50.998322
-56.910290,51.032768
-56.861111,51.113602
-56.784740,51.137760
-56.809719,51.183601
-56.746670,51.204430
-56.795292,51.234989
-56.688900,51.336929
-56.011398,51.566380
-55.905849,51.626930
-55.823071,51.618599
-55.885288,51.562481
-55.886120,51.495270
-55.635281,51.469711
-55.640011,51.481930
-55.734180,51.547771
-55.735279,51.573040
-55.617439,51.613281
# Triangles
403,402,401
405,404,403
406,401,400
399,398,400
401,406,403
398,406,400
406,405,403
421,415,414
408,407,406
409,408,410
406,398,408
408,398,397
390,389,388
391,390,388
387,386,385
433,388,385
387,385,388
388,433,391
410,397,393
410,408,397
395,394,397
396,395,397
391,410,392
392,410,393
397,394,393
433,410,391
41,433,385
420,416,415
420,419,416
423,413,424
414,413,421
413,425,424
423,422,421
421,413,423
416,418,417
418,416,419
427,426,429
429,428,427
426,425,411
426,431,429
425,413,412
420,415,421
430,429,431
431,410,432
435,437,436
431,411,410
410,433,432
437,434,433
443,441,440
443,442,441
438,437,439
435,434,437
443,440,444
437,433,439
439,448,440
450,439,433
426,411,431
425,412,411
383,385,384
325,324,323
322,326,325
322,321,326
325,323,322
363,362,364
382,381,383
358,361,360
358,360,359
361,358,357
362,361,364
361,365,364
326,321,320
319,318,320
327,326,320
327,320,318
355,354,353
347,356,355
353,351,355
357,356,361
350,349,355
349,347,355
355,351,350
353,352,351
361,356,365
348,347,349
379,381,380
367,370,368
377,376,375
379,377,373
375,374,377
41,385,379
373,70,379
373,377,374
377,379,378
370,372,371
70,373,101
370,366,372
368,370,369
101,373,372
379,383,381
365,346,372
70,101,75
339,101,372
346,365,347
370,367,366
99,101,100
99,91,87
345,344,346
346,339,372
79,101,99
79,99,85
76,75,78
78,75,79
82,79,85
75,101,79
88,87,90
90,87,91
87,86,85
87,85,99
70,75,73
366,365,372
356,347,365
85,84,82
318,317,327
379,385,383
41,379,70
445,444,448
448,444,440
447,446,448
451,450,41
448,450,449
451,454,452
448,439,450
446,445,448
453,452,454
41,40,38
70,63,41
39,38,40
454,451,455
451,41,38
38,455,451
41,63,44
43,42,44
63,62,44
62,61,51
46,45,44
44,62,51
42,41,44
35,37,36
34,455,35
38,35,455
46,51,47
50,48,47
44,51,46
37,35,38
450,433,41
458,34,33
456,455,458
458,460,459
458,457,456
461,460,458
458,462,461
458,33,462
465,464,463
466,465,467
467,463,468
463,467,465
470,469,468
468,463,470
463,462,32
455,34,458
32,31,30
30,26,463
29,28,27
24,23,22
29,27,30
26,30,27
471,470,472
473,472,474
470,26,472
26,474,472
14,26,25
26,11,474
25,24,21
463,26,470
463,32,30
32,462,33
63,66,64
61,52,51
68,67,66
66,65,64
68,66,69
54,61,57
50,49,48
24,22,21
54,56,55
57,56,54
54,53,52
57,61,60
63,69,66
74,73,75
73,72,71
78,77,76
84,83,82
71,70,73
61,54,52
58,57,60
60,59,58
81,80,82
69,63,70
14,25,15
14,13,11
11,26,14
15,20,17
15,25,20
17,16,15
479,10,9
12,11,13
10,475,11
479,475,10
11,475,474
478,476,475
477,476,478
478,475,479
17,20,19
20,25,21
480,9,8
479,9,480
8,7,6
6,5,8
8,5,480
480,5,2
482,481,1
1,483,482
481,2,1
2,4,3
2,481,480
5,4,2
0,483,1
17,19,18
51,50,47
80,79,82
317,316,315
315,328,327
310,309,311
313,315,314
313,312,315
330,329,312
329,328,312
312,311,308
312,328,315
308,311,309
307,306,305
305,304,307
330,312,308
330,308,307
315,327,317
278,277,279
279,277,281
281,280,279
284,283,282
282,281,284
299,301,300
296,302,301
218,288,287
307,304,331
286,285,284
343,342,341
332,331,333
331,330,307
338,337,336
339,346,340
341,340,343
339,338,336
340,346,343
334,333,331
339,335,334
339,336,335
339,334,173
339,102,101
304,334,331
302,304,303
297,296,299
334,304,302
295,302,296
302,295,294
299,296,301
294,292,291
294,293,292
291,290,289
291,334,294
217,216,215
208,291,289
289,288,215
215,288,217
215,208,289
288,218,217
294,334,302
298,297,299
291,173,334
284,281,276
343,346,344
269,268,270
268,267,264
264,267,265
271,268,262
265,267,266
270,268,271
272,271,273
286,276,274
286,284,276
275,274,276
277,276,281
262,273,271
286,274,223
244,224,274
244,274,273
223,274,224
264,262,268
262,261,259
262,256,273
259,258,262
258,256,262
261,260,259
257,256,258
245,256,254
244,273,245
256,255,254
273,256,245
246,254,253
246,253,252
254,246,245
224,244,242
262,264,263
252,251,250
219,218,220
218,286,221
220,218,221
222,221,286
224,226,225
223,222,286
214,213,212
211,209,212
209,215,212
215,214,212
227,226,228
209,211,210
226,238,228
242,244,243
241,240,242
238,226,240
248,246,250
250,246,252
249,248,250
242,226,224
240,239,238
238,237,229
230,229,237
237,236,230
229,228,238
230,236,231
246,248,247
231,236,235
240,226,242
287,286,218
215,209,208
149,102,173
149,157,150
148,125,149
157,173,160
102,339,173
151,150,157
157,149,173
148,129,125
102,105,104
97,91,98
106,102,109
91,99,98
105,102,106
109,102,117
117,125,123
117,102,149
149,125,117
103,102,104
111,109,117
291,174,173
173,170,160
157,160,159
174,203,178
161,160,170
205,204,208
174,291,204
157,159,158
146,145,147
148,147,145
151,157,156
151,156,152
129,148,145
174,204,203
208,204,291
145,142,129
97,92,91
106,109,108
108,107,106
113,112,114
111,116,112
111,110,109
89,88,90
94,93,92
94,92,96
96,95,94
96,92,97
112,115,114
117,123,120
117,120,118
116,115,112
125,127,126
127,125,129
128,127,129
111,117,116
120,123,122
120,122,121
118,120,119
129,131,130
131,129,138
124,123,125
162,165,163
178,177,174
183,178,202
179,178,183
202,178,203
187,183,202
187,202,201
205,208,207
183,187,184
177,176,175
170,173,172
183,180,179
182,181,183
185,184,186
180,183,181
171,170,172
184,187,186
199,187,200
187,201,200
231,234,232
233,232,234
187,199,188
199,191,188
198,197,192
191,199,192
197,193,192
192,199,198
206,205,207
191,190,188
164,163,165
152,155,153
167,170,169
166,165,161
161,165,162
155,154,153
144,143,142
144,142,145
141,138,142
139,138,141
142,138,129
139,141,140
167,166,161
155,152,156
167,169,168
161,170,167
189,188,190
193,197,194
196,195,194
194,197,196
138,137,135
136,135,137
133,132,134
134,132,135
132,131,135
135,131,138
175,174,177
231,235,234
