# Canada region 72
195 192
# Outer Vertices
-99.998062,73.943863
-99.816116,73.936081
-99.795288,73.872192
-99.398064,73.798859
-99.206680,73.725807
-99.247787,73.696091
-99.163071,73.688026
-99.136124,73.742752
-98.856667,73.752762
-98.008057,73.838318
-97.887802,73.899406
-97.745560,73.909973
-97.737228,73.900818
-97.837509,73.867477
-97.783073,73.858582
-97.621117,73.893860
-97.223618,73.856369
-96.962509,73.738586
-96.932793,73.692200
-96.968903,73.633324
-97.202507,73.557213
-97.445282,73.579971
-97.436401,73.525528
-97.638062,73.538589
-97.667511,73.479424
-97.623611,73.456360
-97.248901,73.475540
-97.172501,73.460251
-97.173073,73.443588
-97.248901,73.429138
-97.150284,73.389977
-97.172234,73.352753
-97.708618,73.304703
-98.510559,73.009407
-98.427513,72.943588
-98.450562,72.874969
-98.428337,72.856087
-98.283623,72.963318
-97.995010,73.037483
-97.684448,73.033043
-97.299728,72.969704
-97.225014,72.939972
-97.266678,72.878593
-97.417793,72.864967
-97.236679,72.842484
-97.037231,72.746643
-97.046402,72.711639
-97.190567,72.640533
-97.196671,72.604424
-97.070282,72.608582
-96.882507,72.686081
-96.567780,72.753311
-96.517502,72.714706
-96.585281,72.693863
-96.448898,72.601639
-96.302231,72.433868
-96.298340,72.415817
-96.871948,72.321091
-96.561401,72.275528
-96.589737,72.250259
-96.533340,72.236923
-96.483063,72.113037
-96.508621,72.084976
-96.866959,72.041092
-96.672501,72.012756
-96.502228,72.038589
-96.502502,71.975540
-96.565567,71.946907
-96.638344,71.957474
-96.761948,71.918587
-96.736679,71.899406
-96.523064,71.934418
-96.503342,71.903030
-96.565018,71.823868
-96.726959,71.793587
-96.743057,71.819702
-96.682510,71.840813
-96.775284,71.843582
-96.861954,71.803864
-96.978348,71.795258
-97.084167,71.700256
-97.434448,71.617752
-97.896118,71.641922
-98.196671,71.643593
-98.355827,71.722748
-98.325562,71.798309
-98.212227,71.878593
-98.255280,71.902481
-98.263062,71.866638
-98.450562,71.794144
-98.497513,71.733307
-98.041397,71.530807
-98.198334,71.414703
-98.742477,71.270462
-98.960564,71.379967
-99.220840,71.342194
-99.319458,71.449982
-99.369453,71.575531
-99.558899,71.613037
-99.732513,71.776093
-99.821671,71.803307
-99.872513,71.858032
-100.115799,71.893593
-100.634499,72.185532
-100.885597,72.207748
-101.021400,72.202187
-101.055603,72.236649
-101.037498,72.276367
-101.232803,72.333588
-101.395798,72.286926
-101.402496,72.244141
-101.511101,72.279137
-101.890297,72.362473
-101.884201,72.397202
-101.912003,72.472198
-102.653099,72.679138
-102.761398,72.779694
-102.749496,72.817200
-102.612801,72.896637
-102.517799,73.021362
-102.150597,73.086357
-101.907204,73.052750
-101.884201,73.024696
-101.739700,72.975250
-101.634499,72.886917
-101.571701,72.890259
-101.455002,72.821373
-101.419998,72.786087
-101.322197,72.778313
-101.296402,72.744980
-101.057503,72.686653
-100.841400,72.701920
-100.832497,72.725540
-100.828102,72.758591
-100.448303,72.735527
-100.315300,72.802467
-100.333603,72.848038
-100.440804,72.918030
-100.498901,72.950531
-100.410301,73.034973
-100.317001,73.034149
-100.343300,73.013870
-100.418602,72.983871
-100.381699,72.949142
-100.263100,72.960251
-100.261101,72.921082
-100.322502,72.910812
-100.326103,72.878036
-100.077499,72.886917
-100.046700,72.952187
-100.128601,73.010529
-100.140602,73.048027
-100.220802,73.042480
-100.169998,73.078583
-100.295601,73.118027
-100.448898,73.081360
-100.514702,73.114433
-100.607803,73.146362
-100.472801,73.193314
-100.523102,73.230530
-100.301399,73.281082
-100.053299,73.186371
-99.819733,73.193314
-99.794724,73.213318
-100.065598,73.248032
-100.333603,73.388313
-100.402199,73.365807
-100.336098,73.324982
-100.823303,73.260803
-101.001099,73.288040
-101.616699,73.485260
-101.217201,73.604141
-100.909401,73.599701
-100.518600,73.416924
-100.430603,73.406921
-100.415001,73.418030
-100.598602,73.491089
-100.587502,73.530533
-100.543900,73.556374
-100.551697,73.598862
-100.911697,73.622757
-100.853897,73.662201
-101.118301,73.723312
-100.886398,73.827477
-100.149399,73.799149
-100.026901,73.729713
-99.955841,73.813873
-99.849731,73.859154
-99.843338,73.878311
-99.880836,73.900528
-100.026703,73.836906
-100.229202,73.831917
-100.299698,73.860260
-100.265800,73.899979
-99.998062,73.943863
# Triangles
127,114,111
112,111,113
114,113,111
115,120,118
111,110,109
106,105,107
130,107,131
129,109,108
130,108,107
111,109,127
107,105,104
129,108,130
115,117,116
114,120,115
118,120,119
122,114,123
122,120,114
115,118,117
127,129,128
124,114,127
124,126,125
126,124,127
124,123,114
109,129,127
104,103,131
131,103,134
104,131,107
132,134,133
134,132,131
103,102,134
148,102,101
135,102,148
136,135,147
147,135,148
148,99,162
135,134,102
147,137,136
147,143,137
147,146,143
146,144,143
137,143,142
137,142,138
139,142,141
138,142,139
162,149,148
149,151,150
144,146,145
101,99,148
140,139,141
121,120,122
168,172,169
156,158,157
158,155,154
156,155,158
173,166,174
167,166,168
166,175,174
159,158,160
169,172,171
171,170,169
183,182,181
177,176,178
173,172,168
180,179,181
179,178,175
181,179,183
184,179,175
178,176,175
184,175,165
153,160,154
166,173,168
184,183,179
158,154,160
153,151,161
151,153,152
151,149,161
99,163,162
165,164,185
149,162,161
161,160,153
185,164,163
191,193,192
190,0,191
191,0,193
165,185,184
185,187,186
185,163,187
187,2,188
0,189,1
190,189,0
188,1,189
1,188,2
163,2,187
163,3,2
165,175,166
101,100,99
90,94,93
95,94,96
97,96,94
99,98,97
97,94,90
86,83,82
81,48,82
93,92,90
63,81,80
90,89,97
91,90,92
99,97,35
85,83,86
89,35,97
84,83,85
87,89,88
86,38,87
86,82,48
48,57,49
63,57,48
50,49,57
79,63,80
36,89,87
81,63,48
48,43,86
77,76,70
77,70,69
77,69,78
75,74,76
78,69,63
73,71,76
73,76,74
71,70,76
68,67,64
71,73,72
69,68,64
63,69,64
63,62,59
60,59,62
58,57,59
62,61,60
65,64,67
53,57,54
56,55,54
66,65,67
59,57,63
78,63,79
56,54,57
36,35,89
35,34,33
33,8,6
163,33,6
87,37,36
163,6,5
43,39,38
25,32,29
32,9,33
25,24,32
15,23,21
24,9,32
87,38,37
13,24,23
5,4,3
7,6,8
9,8,33
163,5,3
13,9,24
15,14,23
13,11,10
13,12,11
13,10,9
14,13,23
35,33,163
43,47,44
38,86,43
40,42,41
42,40,43
44,47,46
51,50,53
51,53,52
46,45,44
57,53,50
29,26,25
21,20,16
16,20,17
21,16,15
26,29,28
21,23,22
30,29,31
19,17,20
18,17,19
28,27,26
31,29,32
39,43,40
48,47,43
99,35,163
