# Canada region 46
22 19
# Outer Vertices
-105.364197,72.863861
-105.988098,73.169418
-106.101402,73.189697
-106.044403,73.219421
-106.181702,73.264977
-106.157501,73.285812
-106.466103,73.401367
-107.016998,73.472748
-107.018303,73.504967
-106.658096,73.695251
-106.205597,73.734154
-105.726700,73.728592
-105.535301,73.762756
-105.148598,73.754150
-104.489700,73.526917
-104.575600,73.453873
-104.548599,73.414703
-104.649200,73.280807
-105.198898,72.938873
-105.323898,72.914703
-105.204201,72.864151
-105.364197,72.863861
# Triangles
2,1,3
11,5,3
3,5,4
10,5,11
8,7,9
9,6,10
6,9,7
10,6,5
3,1,11
19,11,1
19,21,20
19,18,13
13,18,17
19,13,12
12,11,19
15,13,17
15,14,13
15,17,16
19,1,21
