# Canada region 48
89 86
# Outer Vertices
-61.161949,45.552212
-61.210011,45.606930
-61.278061,45.575500
-61.322262,45.589802
-61.448891,45.696930
-61.548889,46.019711
-61.438900,46.159431
-61.218899,46.316101
-61.039169,46.549160
-61.010288,46.619160
-60.873890,46.793049
-60.704731,46.891380
-60.640282,46.999989
-60.591949,47.033329
-60.488899,46.994160
-60.398060,47.023319
-60.382511,47.002209
-60.498070,46.896648
-60.309460,46.851101
-60.347240,46.685551
-60.396118,46.665821
-60.345840,46.610821
-60.551392,46.254990
-60.479729,46.311100
-60.424450,46.331661
-60.418060,46.285820
-60.616119,46.120819
-60.863621,46.052490
-61.113338,45.955269
-61.096119,45.925270
-60.993340,45.941380
-60.886959,46.031101
-60.743061,46.061649
-60.734180,46.047489
-60.865559,45.914711
-61.086121,45.867771
-61.094730,45.850269
-60.963341,45.857769
-60.983059,45.813320
-61.118061,45.763599
-61.149448,45.699711
-61.071121,45.689991
-60.942219,45.749989
-60.873070,45.747490
-60.801121,45.711651
-60.813900,45.665539
-60.728619,45.711380
-60.748901,45.741940
-60.719730,45.788319
-60.414730,45.975552
-60.426949,45.985538
-60.686390,45.886929
-60.788620,45.929440
-60.691391,46.001930
-60.433899,46.138050
-60.299999,46.214989
-60.326118,46.219440
-60.396118,46.213039
-60.605831,46.074711
-60.652241,46.063881
-60.548889,46.168880
-60.360001,46.304989
-60.285278,46.321381
-60.203350,46.235271
-60.289459,46.154709
-60.199181,46.143600
-60.194450,46.202770
-60.138062,46.246658
-60.041679,46.227772
-60.084171,46.202209
-59.958618,46.204430
-59.941391,46.151661
-59.823891,46.167210
-59.888062,46.093880
-59.808899,46.111931
-59.898609,46.041660
-59.954170,46.032768
-59.953060,46.006939
-59.830292,46.000820
-59.799740,45.942760
-60.130291,45.867771
-60.141670,45.832489
-60.071671,45.812771
-60.088341,45.783600
-60.174450,45.763882
-60.374168,45.647209
-60.718891,45.565269
-60.930012,45.621658
-61.161949,45.552212
# Triangles
3,2,1
40,1,88
3,1,40
41,40,88
4,40,39
40,4,3
4,39,36
38,37,36
38,36,39
4,36,28
29,36,35
41,88,87
43,87,45
45,87,86
46,45,86
85,48,46
43,45,44
42,87,43
48,47,46
49,48,85
54,53,50
42,41,87
6,5,28
5,4,28
35,30,29
35,34,30
30,34,31
36,29,28
6,28,7
27,8,7
22,10,9
9,8,22
7,28,27
33,32,31
31,34,33
52,51,53
13,12,17
11,10,20
22,27,26
60,59,58
12,11,17
51,50,53
22,8,27
85,46,86
49,85,84
83,81,84
65,80,76
49,84,81
49,81,80
54,50,64
60,58,57
49,65,64
65,49,80
49,64,50
54,64,55
82,81,83
65,76,69
80,77,76
77,79,78
77,80,79
76,71,69
76,75,73
76,73,71
69,71,70
73,72,71
74,73,75
69,66,65
22,21,20
23,22,25
22,26,25
61,57,56
23,25,24
57,61,60
14,17,16
11,20,17
17,14,13
14,16,15
20,18,17
20,10,22
62,56,55
68,67,69
64,63,55
67,66,69
19,18,20
63,62,55
62,61,56
