# Canada region 70
43 40
# Outer Vertices
-79.209183,72.744980
-79.543350,72.748581
-79.998917,72.863037
-80.181412,73.043869
-80.122803,73.114433
-80.176407,73.138313
-80.172813,73.162483
-80.113907,73.174423
-80.143341,73.216919
-80.445297,73.250809
-80.797523,73.276917
-80.892517,73.374687
-80.861954,73.396362
-80.858627,73.469704
-80.820282,73.489151
-80.695297,73.477753
-80.897781,73.596649
-80.815292,73.639687
-80.795578,73.702187
-80.863892,73.744980
-80.771667,73.749687
-80.435013,73.766083
-79.452240,73.630539
-78.166412,73.668030
-77.203079,73.505539
-77.049187,73.361923
-76.760849,73.318863
-76.579742,73.219704
-76.633911,73.171921
-76.396683,73.109421
-76.241127,73.092194
-76.323639,73.026367
-76.260567,72.997192
-76.331703,72.969971
-76.227226,72.946640
-76.103912,72.936371
-76.062241,72.906921
-76.093918,72.858032
-76.315582,72.817200
-77.206703,72.844971
-77.704468,72.897202
-78.273071,72.890533
-79.209183,72.744980
# Triangles
6,5,4
10,9,15
2,1,7
7,6,4
7,4,2
22,8,7
8,22,21
2,4,3
9,8,21
11,10,12
12,14,13
15,17,16
15,14,12
17,15,18
15,20,18
20,15,21
18,20,19
15,9,21
10,15,12
22,7,1
23,41,40
39,24,40
38,33,28
28,39,38
42,41,22
38,37,34
37,35,34
35,37,36
38,34,33
26,25,39
23,22,41
40,24,23
39,25,24
33,31,29
31,30,29
28,33,29
28,27,26
39,28,26
33,32,31
42,22,1
