# Canada region 42
77 74
# Outer Vertices
-131.180603,52.121658
-131.277298,52.240822
-131.232193,52.161930
-131.257797,52.121929
-131.578094,52.375820
-131.577805,52.393600
-131.503601,52.391380
-131.553101,52.432209
-131.642807,52.451382
-132.082001,52.727489
-132.060303,52.755260
-131.917496,52.722488
-131.951706,52.781101
-132.077194,52.854431
-132.098602,52.755260
-132.127502,52.750820
-132.236694,52.824711
-132.225906,52.864429
-132.283401,52.874710
-132.347000,52.936378
-132.255600,52.954708
-132.141098,52.932770
-132.110306,52.993038
-132.419998,53.040272
-132.479706,53.027210
-132.552795,53.089710
-132.562195,53.145260
-132.088104,53.152489
-131.811096,53.253601
-131.782501,53.228600
-131.695007,53.120270
-131.595596,53.046101
-131.670303,53.047489
-131.986099,53.061378
-131.917007,52.984711
-131.876404,53.034161
-131.644699,53.003880
-131.598099,52.975269
-131.662796,52.882210
-131.802200,52.864712
-131.891098,52.915539
-131.982498,52.879711
-131.895004,52.891930
-131.867203,52.848049
-131.836105,52.806381
-131.649200,52.800541
-131.817505,52.734711
-131.837799,52.710819
-131.733597,52.698601
-131.681396,52.637489
-131.608093,52.516930
-131.498093,52.513321
-131.415604,52.458050
-131.447006,52.390541
-131.391403,52.390820
-131.397202,52.353039
-131.350906,52.363602
-131.358307,52.414150
-131.255600,52.440269
-131.239502,52.422489
-131.297195,52.386101
-131.304199,52.356659
-131.253403,52.368320
-131.263107,52.342770
-131.347504,52.350819
-131.328293,52.284988
-131.227005,52.251930
-131.211105,52.302761
-131.147003,52.313320
-131.089996,52.282211
-131.089401,52.249149
-131.181702,52.232208
-131.021393,52.228870
-131.005295,52.206661
-131.036407,52.170818
-131.113907,52.167759
-131.180603,52.121658
# Triangles
15,14,13
10,9,11
21,17,13
17,16,15
12,41,13
18,17,20
15,13,17
41,22,13
44,11,47
49,47,8
48,47,49
44,46,45
8,47,11
44,47,46
41,12,42
43,12,44
44,12,11
42,12,43
11,9,8
19,18,20
21,13,22
21,20,17
23,22,27
26,25,23
23,27,26
23,25,24
22,33,27
41,40,34
33,22,41
40,39,35
36,35,39
40,35,34
33,28,27
30,33,32
28,33,29
30,32,31
30,29,33
36,39,38
41,34,33
1,3,2
3,1,65
0,66,1
56,55,64
64,55,65
63,61,64
65,1,66
62,61,63
65,4,3
56,64,61
4,65,55
0,75,71
74,73,72
71,75,72
67,71,68
67,66,71
68,70,69
70,68,71
74,72,75
66,0,71
5,4,6
50,7,51
55,6,4
50,49,8
37,36,38
8,7,50
6,51,7
53,55,54
61,60,56
55,53,6
57,56,60
6,52,51
60,58,57
58,60,59
52,6,53
