# St. Vincent and the Grenadines region 2
20 17
# Outer Vertices
-61.190659,12.875878
-61.188065,12.879828
-61.185223,12.887036
-61.179581,12.891912
-61.175385,12.888181
-61.172131,12.883289
-61.166973,12.884908
-61.160622,12.891178
-61.157127,12.887915
-61.157635,12.879539
-61.158836,12.873027
-61.166103,12.870249
-61.173595,12.870495
-61.178535,12.865386
-61.181385,12.856317
-61.186081,12.853301
-61.192390,12.855872
-61.194466,12.862158
-61.191383,12.870296
-61.190659,12.875878
# Triangles
17,16,14
15,14,16
18,17,13
1,19,13
2,4,3
18,13,19
2,1,5
14,13,17
5,1,12
11,10,9
12,11,5
6,11,9
4,2,5
6,8,7
6,5,11
9,8,6
12,1,13
