# St. Vincent and the Grenadines region 9
123 120
# Outer Vertices
-61.184399,13.130300
-61.190601,13.131100
-61.194698,13.134200
-61.198101,13.137800
-61.202801,13.140000
-61.206902,13.142800
-61.212799,13.144400
-61.219398,13.145000
-61.223598,13.147800
-61.226898,13.151400
-61.231098,13.154200
-61.236698,13.155800
-61.243599,13.156100
-61.246399,13.160600
-61.248100,13.165300
-61.250801,13.169400
-61.253300,13.173900
-61.258301,13.176100
-61.263100,13.178300
-61.265598,13.182500
-61.266899,13.188100
-61.268600,13.192800
-61.271099,13.197200
-61.274700,13.200800
-61.278900,13.203600
-61.281399,13.207800
-61.280300,13.213900
-61.279202,13.220000
-61.278301,13.226100
-61.277199,13.232200
-61.277802,13.238600
-61.278301,13.244700
-61.278099,13.250300
-61.275002,13.254200
-61.271900,13.258100
-61.269402,13.262800
-61.267200,13.267500
-61.265598,13.273100
-61.266102,13.279200
-61.265800,13.285800
-61.260799,13.287800
-61.255001,13.287500
-61.248901,13.288100
-61.244400,13.290600
-61.241402,13.294400
-61.238300,13.298300
-61.236900,13.303900
-61.234402,13.308600
-61.232800,13.313900
-61.230801,13.319400
-61.228901,13.324200
-61.225800,13.328100
-61.223301,13.332800
-61.221699,13.338100
-61.220798,13.344200
-61.218601,13.348900
-61.216702,13.354400
-61.213902,13.358300
-61.211399,13.363100
-61.208900,13.367800
-61.205299,13.370800
-61.200600,13.372800
-61.196098,13.375300
-61.191700,13.377800
-61.186699,13.379700
-61.182499,13.382200
-61.177200,13.384200
-61.172501,13.383100
-61.168301,13.380300
-61.164398,13.377200
-61.158100,13.376400
-61.152199,13.376100
-61.147499,13.378100
-61.143902,13.378300
-61.141102,13.374200
-61.139400,13.369400
-61.137501,13.364400
-61.136902,13.358300
-61.136101,13.352800
-61.134201,13.347800
-61.130600,13.344400
-61.128101,13.340000
-61.125599,13.335800
-61.123600,13.331100
-61.122200,13.325600
-61.121899,13.319200
-61.120800,13.313900
-61.120300,13.307500
-61.120800,13.300800
-61.121101,13.293900
-61.121899,13.287800
-61.122200,13.280800
-61.123299,13.274700
-61.123901,13.268100
-61.123901,13.261100
-61.123600,13.255000
-61.123299,13.248900
-61.124199,13.242800
-61.126099,13.237200
-61.126900,13.231100
-61.128300,13.225800
-61.130001,13.220300
-61.132500,13.215600
-61.134201,13.210300
-61.135799,13.204700
-61.138100,13.200000
-61.139999,13.194700
-61.141701,13.189400
-61.143101,13.183900
-61.144699,13.178600
-61.146400,13.173100
-61.148102,13.167800
-61.147800,13.161700
-61.150299,13.156900
-61.154999,13.155000
-61.159401,13.152500
-61.161701,13.147800
-61.163300,13.143600
-61.165001,13.138300
-61.168098,13.134400
-61.173100,13.132500
-61.178600,13.131400
-61.184399,13.130300
# Triangles
29,22,21
23,22,27
18,17,19
20,19,17
20,16,21
16,29,21
25,24,26
26,24,23
27,26,23
27,22,28
29,34,30
31,30,33
22,29,28
20,17,16
8,7,6
9,8,6
6,5,109
115,5,4
16,10,107
109,9,6
14,13,11
10,16,15
15,14,10
10,9,108
12,11,13
10,14,11
105,29,16
105,43,29
4,3,115
30,34,33
33,32,31
36,35,43
38,37,41
36,42,37
29,35,34
38,40,39
38,41,40
37,42,41
44,43,98
46,45,47
44,94,45
42,36,43
35,29,43
49,48,51
51,50,49
90,51,48
47,90,48
54,53,55
55,53,79
45,92,47
56,55,57
61,58,57
62,57,69
59,58,60
60,58,61
57,62,61
79,57,55
52,51,88
53,52,79
121,3,2
122,121,2
121,117,3
120,119,118
118,117,120
120,117,121
3,117,116
115,3,116
114,113,112
115,114,111
112,111,114
5,110,109
110,115,111
5,115,110
109,108,9
16,106,105
16,107,106
105,104,103
102,43,103
102,98,43
43,105,103
100,98,102
99,98,100
94,44,98
97,96,95
94,98,95
95,98,97
102,101,100
10,108,107
94,93,45
77,70,78
71,70,77
76,75,71
74,71,75
71,77,76
78,70,69
71,74,72
63,69,64
67,66,65
65,64,68
73,72,74
68,67,65
64,69,68
69,63,62
51,90,89
91,90,92
52,88,85
69,57,79
87,86,88
51,89,88
88,86,85
81,80,79
78,69,79
81,79,85
85,84,83
83,82,85
85,82,81
52,85,79
92,90,47
93,92,45
1,122,2
