# St. Vincent and the Grenadines region 5
17 14
# Outer Vertices
-61.441887,12.612270
-61.434162,12.612256
-61.426926,12.608520
-61.419926,12.603155
-61.411751,12.599650
-61.412952,12.592905
-61.423508,12.588271
-61.436169,12.584340
-61.449764,12.580177
-61.458637,12.584614
-61.459312,12.590665
-61.456024,12.592520
-61.451332,12.595071
-61.452477,12.600657
-61.455738,12.604153
-61.450096,12.608795
-61.441887,12.612270
# Triangles
10,9,11
11,8,12
8,11,9
14,13,15
13,0,15
12,0,13
12,8,7
2,7,6
6,5,3
4,3,5
12,1,0
1,7,2
6,3,2
1,12,7
