# St. Vincent and the Grenadines region 0
29 26
# Outer Vertices
-61.222191,12.990176
-61.229256,12.980883
-61.238876,12.976480
-61.249645,12.975569
-61.259701,12.977682
-61.269512,12.981888
-61.279583,12.980976
-61.279564,12.985630
-61.271351,12.989337
-61.259636,12.992107
-61.245110,12.995105
-61.236183,13.001138
-61.236145,13.009513
-61.243645,13.007898
-61.248798,13.006745
-61.245956,13.013487
-61.237720,13.023477
-61.224339,13.031129
-61.213562,13.033203
-61.209797,13.037849
-61.206036,13.040867
-61.200897,13.038299
-61.204212,13.030626
-61.207531,13.021559
-61.214108,13.016917
-61.218582,13.010877
-61.216743,13.003428
-61.218185,12.995985
-61.222191,12.990176
# Triangles
7,5,8
5,7,6
4,3,9
5,4,9
9,8,5
10,3,2
15,14,13
1,11,10
15,12,16
13,12,15
9,3,10
10,2,1
28,27,11
28,11,1
27,26,11
25,12,11
25,17,16
11,26,25
17,25,24
17,24,18
19,18,22
21,19,22
20,19,21
22,18,23
24,23,18
25,16,12
