# St. Vincent and the Grenadines region 7
21 18
# Outer Vertices
-61.309578,12.723936
-61.313389,12.710216
-61.317165,12.703011
-61.322613,12.689758
-61.332924,12.686986
-61.342773,12.683746
-61.345325,12.688638
-61.354412,12.697495
-61.350647,12.701211
-61.343861,12.701199
-61.336365,12.702580
-61.331654,12.708854
-61.336777,12.714215
-61.339314,12.722828
-61.336937,12.730502
-61.328728,12.733511
-61.321018,12.730472
-61.314220,12.732786
-61.308117,12.735800
-61.308151,12.728587
-61.309578,12.723936
# Triangles
8,7,6
9,6,10
4,6,5
10,6,4
8,6,9
13,15,14
16,13,12
3,10,4
10,2,11
2,10,3
11,1,16
1,11,2
16,1,20
15,13,16
17,19,18
17,16,20
20,19,17
16,12,11
