# French Guiana region 0
81 78
# Outer Vertices
-54.094440,3.294999
-54.003059,3.442777
-53.984440,3.599443
-54.009171,3.636388
-54.067219,3.664443
-54.123890,3.785555
-54.284451,3.926388
-54.360279,4.034998
-54.331669,4.142220
-54.402222,4.181387
-54.434441,4.708610
-54.474720,4.736665
-54.455830,5.004443
-54.290562,5.248054
-54.168968,5.346324
-54.055000,5.444165
-53.981949,5.690554
-53.911671,5.750277
-53.744999,5.728888
-53.483608,5.568054
-52.932240,5.453887
-52.575562,5.102499
-52.420010,5.003054
-52.385830,4.891109
-52.333618,4.948888
-52.278339,4.931109
-52.259449,4.871943
-52.327511,4.773888
-52.333618,4.724443
-52.274731,4.841943
-52.207230,4.863609
-52.064732,4.733888
-51.978340,4.586943
-51.956669,4.403332
-52.040279,4.331388
-51.958618,4.366387
-51.926392,4.408888
-51.926392,4.612777
-51.900291,4.661943
-51.850849,4.653332
-51.769169,4.544166
-51.716671,4.320554
-51.653889,4.221943
-51.649441,4.161387
-51.686901,4.033008
-51.686390,4.031846
-51.849720,3.843610
-52.103329,3.444999
-52.344158,3.154166
-52.335560,3.064444
-52.445831,2.863333
-52.567501,2.515555
-52.916389,2.195832
-53.118610,2.222499
-53.265011,2.192499
-53.218891,2.258055
-53.339722,2.352777
-53.471661,2.256666
-53.648060,2.288332
-53.745010,2.373888
-53.796669,2.354166
-53.817501,2.309443
-53.932220,2.271944
-53.932499,2.224721
-53.998890,2.194443
-54.105000,2.113055
-54.144169,2.120554
-54.180561,2.172499
-54.249168,2.146666
-54.476940,2.218333
-54.546951,2.318333
-54.615360,2.319779
-54.573891,2.354722
-54.524170,2.336110
-54.483238,2.428549
-54.426670,2.427221
-54.180561,2.840832
-54.186390,2.903610
-54.170280,3.008333
-54.191940,3.178888
-54.094440,3.294999
# Triangles
71,70,72
75,69,68
70,69,73
67,75,68
73,72,70
75,74,73
73,69,75
75,67,62
65,64,67
64,63,62
62,67,64
62,76,75
76,78,77
78,76,59
60,59,76
60,76,62
62,61,60
78,59,80
66,65,67
7,6,8
5,8,6
10,19,14
9,8,10
12,11,10
10,14,13
19,15,14
10,13,12
48,2,1
28,5,3
1,80,56
4,3,5
10,8,19
18,15,19
16,18,17
18,16,15
5,21,8
28,3,2
79,78,80
59,56,80
56,55,53
53,55,54
51,53,52
50,1,56
56,58,57
48,1,50
48,50,49
50,56,51
56,53,51
2,48,28
48,47,28
46,45,44
46,44,34
47,46,34
34,44,35
41,43,42
43,41,35
44,43,35
35,41,36
34,28,47
23,28,27
28,23,21
23,27,26
23,26,25
28,30,29
23,25,24
20,19,21
19,8,21
21,23,22
28,21,5
32,31,28
36,40,37
40,36,41
37,40,39
39,38,37
31,30,28
34,32,28
33,32,34
56,59,58
