# United Arab Emirates region 0
88 85
# Outer Vertices
56.081211,26.066441
56.158871,26.083599
56.185539,26.014721
56.143600,25.676100
56.214710,25.615271
56.271900,25.634899
56.345829,25.596939
56.369160,25.513050
56.364712,25.211380
56.375820,24.964439
56.024620,25.039221
56.024620,24.206100
55.694012,23.796150
55.694012,22.288589
55.502258,22.057159
52.090408,22.520010
51.495319,23.604389
50.847340,24.252380
50.826099,24.747511
50.827641,24.753860
50.969429,24.577770
51.108620,24.555590
51.216030,24.619030
51.275539,24.616381
51.304989,24.509991
51.342491,24.537491
51.396389,24.618250
51.492771,24.571939
51.314159,24.419439
51.291370,24.339991
51.479431,24.308611
51.543320,24.251940
51.590260,24.267771
51.591381,24.378330
51.622211,24.344721
51.635540,24.209721
51.720829,24.217770
51.743881,24.286390
51.780819,24.266670
51.771099,24.140551
51.807770,24.002501
51.854160,23.988050
51.956928,23.993610
52.080540,23.955549
52.254429,23.980000
52.489159,24.090830
52.581661,24.194441
52.630550,24.196381
52.681931,24.136391
53.161930,24.123051
53.145821,24.161659
53.165272,24.166389
53.255260,24.096661
53.340549,24.102221
53.499989,24.086380
53.761929,24.055830
54.128880,24.143881
54.193050,24.200830
54.081100,24.272499
54.086651,24.300550
54.151932,24.328609
54.194710,24.238880
54.245819,24.217770
54.295269,24.249439
54.381939,24.252220
54.494431,24.436100
54.570271,24.438049
54.583881,24.463329
54.526661,24.509720
54.598049,24.523880
54.645821,24.628880
54.653049,24.708879
54.707760,24.801380
54.767490,24.789440
54.764992,24.831940
55.016930,24.983049
55.279148,25.257500
55.329708,25.247219
55.296650,25.272499
55.324711,25.302490
55.559711,25.581659
55.549992,25.519440
55.628319,25.532780
55.652489,25.589161
55.805820,25.696110
55.954708,25.823050
55.947769,25.765551
56.081211,26.066441
# Triangles
16,41,40
41,16,43
43,15,44
15,43,16
44,15,45
41,43,42
36,35,39
40,39,35
35,16,40
36,39,38
16,35,31
45,15,48
52,49,15
52,54,53
52,15,54
55,54,15
46,48,47
48,46,45
50,49,51
51,49,52
15,49,48
21,17,29
17,16,29
24,28,25
29,28,21
25,28,27
24,21,28
18,20,19
20,18,17
24,22,21
22,24,23
20,17,21
31,35,32
36,38,37
35,34,32
25,27,26
33,32,34
58,60,59
31,30,29
16,31,29
55,15,14
57,61,58
57,56,62
62,61,57
63,62,64
56,64,62
61,60,58
65,64,66
67,66,12
68,67,69
64,12,66
56,12,64
73,67,12
56,14,13
67,70,69
12,56,13
75,73,12
71,73,72
73,71,70
74,73,75
70,67,73
75,12,11
56,55,14
76,75,77
78,77,79
79,77,81
82,77,10
82,81,77
81,80,79
82,84,83
86,84,3
10,84,82
85,84,86
77,75,10
4,3,84
4,10,8
4,7,6
7,4,8
10,9,8
4,6,5
86,3,2
86,2,0
0,2,1
84,10,4
75,11,10
