# Cuba region 1
270 267
# Outer Vertices
-84.923889,21.919439
-84.898064,21.884159
-84.850830,21.902769
-84.496948,22.046101
-84.454727,22.012211
-84.386124,22.043610
-84.286118,22.018881
-84.444443,22.200821
-84.305557,22.471661
-84.215012,22.511940
-84.182220,22.579161
-84.085831,22.648880
-84.025284,22.672770
-84.070557,22.697210
-84.025284,22.715549
-83.993881,22.682211
-83.587219,22.826660
-83.442490,22.900270
-83.394447,22.867491
-83.310547,22.958321
-83.216949,23.001390
-83.176392,22.983879
-83.188599,22.956381
-83.168610,22.926380
-83.164436,22.979429
-83.008621,23.015551
-82.984444,22.969160
-82.930557,22.980820
-82.926392,23.019440
-82.589996,23.048599
-82.234444,23.186380
-81.620003,23.158331
-81.553329,23.140551
-81.527222,23.103600
-81.553047,23.046101
-81.507507,23.048050
-81.482773,23.099720
-81.201950,23.181660
-81.285553,23.119711
-81.219727,23.092489
-81.176392,23.032490
-81.122772,23.025551
-81.079727,23.096939
-80.992767,23.108610
-80.972504,23.059160
-80.670273,23.084721
-80.621109,23.108330
-80.635559,23.151381
-80.588058,23.146660
-80.621658,23.091660
-80.544724,22.991100
-80.278877,22.905270
-80.154716,22.936661
-80.138901,22.961109
-80.077499,22.928881
-80.040558,22.958321
-79.912216,22.849440
-79.846657,22.874990
-79.863892,22.835831
-79.854446,22.803610
-79.724716,22.769440
-79.654167,22.759439
-79.625816,22.651661
-79.233063,22.383329
-78.790558,22.394991
-78.738602,22.314989
-78.714722,22.343050
-78.735817,22.386101
-78.559158,22.314440
-78.450562,22.251381
-78.363617,22.222500
-78.312210,22.166660
-78.060547,22.081100
-77.888062,21.866100
-77.865829,21.879160
-77.856377,21.967489
-77.756393,21.804440
-77.483322,21.764721
-77.444443,21.750000
-77.455002,21.710270
-77.432770,21.657490
-77.346390,21.634159
-77.335281,21.655830
-77.448334,21.802490
-77.568069,21.847219
-77.611656,21.888599
-77.570007,21.925819
-77.525284,21.907221
-77.495270,21.846661
-77.135834,21.626381
-77.121933,21.593330
-77.158340,21.550831
-77.264717,21.612490
-77.360001,21.619711
-77.315552,21.576941
-77.252502,21.568331
-77.269730,21.490829
-77.210564,21.454161
-77.156387,21.479710
-77.106659,21.596100
-77.081680,21.601660
-76.916397,21.438320
-76.811394,21.393330
-76.836960,21.356037
-76.882217,21.356100
-76.901947,21.314989
-76.872772,21.302490
-76.828972,21.352905
-76.801102,21.384991
-76.658340,21.353050
-76.635834,21.320829
-76.711937,21.286940
-76.639999,21.255550
-76.654999,21.291660
-76.615547,21.301380
-76.545273,21.283880
-76.549438,21.230820
-76.606377,21.213051
-76.495270,21.200550
-76.456673,21.222771
-76.529167,21.240271
-76.520844,21.277769
-76.326401,21.253880
-76.131943,21.159161
-76.123611,21.093050
-75.713058,21.123600
-75.608612,21.060829
-75.579727,21.006941
-75.678329,20.892490
-75.728882,20.913879
-75.720840,20.854160
-75.641678,20.877220
-75.547783,20.818050
-75.560822,20.791941
-75.742218,20.833879
-75.779167,20.755280
-75.740829,20.699989
-75.680283,20.725550
-75.628883,20.774441
-75.533623,20.698601
-75.449432,20.688881
-75.473618,20.724710
-75.395844,20.733330
-75.343887,20.712210
-75.337784,20.665550
-75.256958,20.668320
-75.331390,20.704439
-75.236389,20.723049
-75.063316,20.686380
-74.900284,20.666100
-74.864166,20.629990
-74.751106,20.618050
-74.666946,20.513330
-74.584167,20.466101
-74.501106,20.351660
-74.349991,20.294991
-74.228882,20.315830
-74.131943,20.221100
-74.131943,20.199711
-74.266953,20.063610
-74.811394,20.036110
-75.074722,19.896379
-75.158623,19.887779
-75.130547,19.933050
-75.139999,19.968050
-75.077499,20.010559
-75.092773,20.056379
-75.158623,19.974710
-75.192207,19.917490
-75.349731,19.876381
-75.586403,19.888321
-75.899727,19.967489
-76.100563,19.967770
-76.248894,19.990829
-76.566963,19.938049
-76.864723,19.931931
-77.004997,19.876381
-77.281387,19.905550
-77.337509,19.885269
-77.393341,19.852770
-77.681107,19.821939
-77.735283,19.847771
-77.712784,19.910820
-77.573624,20.055550
-77.242767,20.294439
-77.216660,20.275829
-77.115829,20.364990
-77.078339,20.469990
-77.239166,20.555550
-77.195267,20.632219
-77.323624,20.713881
-77.769173,20.696381
-77.860817,20.730270
-78.031387,20.697491
-78.248611,20.858879
-78.331947,20.945829
-78.460831,21.015829
-78.497772,21.034439
-78.558884,21.356939
-78.603333,21.484159
-78.666946,21.548599
-78.748894,21.568331
-78.688049,21.580271
-78.740547,21.634720
-79.303596,21.558880
-79.757782,21.702770
-79.821121,21.705549
-79.841110,21.668320
-79.896957,21.753880
-80.004730,21.718880
-80.057220,21.805830
-80.281387,21.897770
-80.444443,22.043051
-80.450844,22.063881
-80.401108,22.089991
-80.482224,22.188881
-80.535278,22.175819
-80.463058,22.075270
-80.487778,22.051109
-81.095840,22.088051
-81.138901,22.164160
-81.161942,22.261101
-81.185547,22.280270
-81.213623,22.264999
-81.192490,22.093050
-81.217216,22.104710
-81.238052,22.153320
-81.319168,22.086109
-81.386398,22.115271
-81.381943,22.153049
-81.406387,22.178329
-81.849731,22.213610
-81.873894,22.254169
-82.138062,22.366940
-82.163063,22.398331
-82.123894,22.431660
-81.703888,22.453880
-81.648903,22.491381
-81.644730,22.576099
-81.878883,22.679159
-82.507233,22.687210
-82.763901,22.700550
-82.910004,22.552219
-83.073624,22.479719
-83.140289,22.356661
-83.182503,22.326660
-83.283333,22.321659
-83.402222,22.193880
-83.476936,22.174160
-83.569458,22.242491
-83.654167,22.169439
-83.905273,22.171379
-83.966110,22.130270
-84.007233,22.055550
-83.982498,22.018049
-83.990829,21.944441
-84.031387,21.913050
-84.107773,21.939711
-84.306107,21.876659
-84.436394,21.781380
-84.515839,21.765829
-84.513062,21.805550
-84.470840,21.870270
-84.476936,21.917210
-84.495003,21.934441
-84.694992,21.896940
-84.815552,21.815830
-84.936943,21.840830
-84.953339,21.859989
-84.923889,21.919439
# Triangles
1,268,267
1,267,266
1,269,268
2,1,266
266,265,2
265,3,2
262,261,259
259,258,262
261,260,259
262,258,263
264,263,4
257,256,255
258,5,263
6,258,257
3,265,264
263,5,4
258,6,5
257,253,6
254,257,255
257,254,253
6,8,7
252,6,253
4,3,264
8,6,252
251,250,249
249,247,246
247,249,248
246,245,244
249,246,16
251,249,15
251,9,252
243,246,244
213,212,214
214,212,211
216,218,217
219,218,216
211,210,214
63,205,204
210,209,208
208,206,205
63,208,205
207,206,208
62,210,208
210,62,214
203,63,204
228,227,229
223,226,224
229,227,226
230,229,223
232,235,233
232,231,236
236,231,230
223,229,226
226,225,224
220,216,221
216,220,219
216,50,221
237,230,223
216,215,50
59,215,214
63,65,64
221,44,222
222,238,223
63,203,65
63,62,208
8,252,9
251,15,12
9,11,10
243,18,246
13,12,14
11,9,251
12,11,251
15,14,12
249,16,15
234,233,235
236,230,237
236,235,232
23,243,242
30,239,31
240,239,30
223,238,237
246,18,16
18,17,16
20,19,22
22,21,20
22,19,23
19,18,23
24,23,26
26,241,27
26,23,242
18,243,23
24,26,25
29,28,27
29,241,240
27,241,29
240,30,29
242,241,26
239,238,34
52,51,54
52,54,53
55,54,56
51,56,54
44,221,50
41,40,222
44,41,222
40,238,222
62,61,60
51,50,215
56,58,57
58,56,59
60,59,62
56,51,59
59,51,215
40,35,238
238,35,34
35,40,38
35,38,36
39,38,40
31,34,32
36,38,37
34,33,32
34,31,239
43,42,44
49,45,50
44,50,45
46,45,49
47,46,48
48,46,49
42,41,44
59,214,62
65,203,69
182,181,180
183,180,179
183,179,178
182,180,183
177,184,183
184,177,185
178,177,183
176,175,185
186,175,187
185,175,186
173,172,136
187,175,174
187,174,173
136,172,171
176,185,177
117,189,187
187,189,188
194,193,192
194,192,76
192,191,96
191,190,96
190,189,105
173,124,187
139,138,137
137,136,139
135,134,124
129,134,130
127,129,128
130,134,133
133,131,130
135,124,173
173,136,135
124,134,129
170,136,171
169,144,170
167,169,168
165,164,163
167,166,169
162,161,163
166,144,169
165,161,160
161,165,163
160,159,154
166,160,150
154,159,155
156,158,157
156,155,159
158,156,159
160,166,165
154,153,160
139,170,140
140,144,142
144,140,170
143,142,144
133,132,131
142,141,140
151,150,152
145,144,166
166,150,148
146,145,147
148,147,145
145,166,148
150,149,148
152,150,160
153,152,160
139,136,170
198,197,196
196,195,198
194,76,195
202,200,199
202,201,200
71,202,199
198,73,199
76,80,79
73,198,195
94,96,95
96,94,80
92,81,93
82,81,92
81,80,93
80,94,93
83,82,89
76,192,80
96,80,192
78,77,79
71,199,72
74,73,76
71,69,203
66,68,67
65,68,66
70,69,71
68,65,69
199,73,72
83,88,84
76,79,77
83,89,88
86,84,87
84,86,85
87,84,88
76,75,74
73,195,76
89,82,92
202,71,203
114,112,117
117,112,111
114,117,116
114,113,112
115,114,116
117,111,106
124,129,125
126,125,129
124,118,187
120,119,121
124,122,119
119,118,124
119,122,121
123,122,124
118,117,187
189,117,106
89,92,91
105,101,98
98,97,105
100,98,101
90,89,91
100,99,98
97,190,105
109,108,111
107,106,111
109,111,110
104,103,102
108,107,111
104,102,101
105,104,101
190,97,96
105,189,106
126,129,127
