# New Caledonia region 2
81 78
# Outer Vertices
166.890198,-22.394730
166.836594,-22.319450
166.830200,-22.370010
166.518295,-22.234171
166.463303,-22.290560
166.397507,-22.231951
166.451401,-22.216400
166.343307,-22.196951
166.108902,-22.095280
166.163803,-22.028900
166.076401,-21.920561
166.040207,-21.906120
166.033798,-21.947510
165.983307,-21.959169
165.894699,-21.878620
165.812393,-21.864170
165.742996,-21.756670
165.638596,-21.743340
165.471893,-21.658060
165.483002,-21.628340
165.396896,-21.621120
165.229095,-21.521120
165.125198,-21.413059
165.061295,-21.393890
165.044403,-21.352230
164.981400,-21.306669
164.975204,-21.347780
164.940506,-21.335840
164.909698,-21.283621
164.803802,-21.084169
164.750000,-21.083620
164.667999,-21.023621
164.359100,-20.765841
164.397995,-20.760839
164.405807,-20.727501
164.346893,-20.683620
164.228897,-20.557510
164.120193,-20.395559
164.167999,-20.371120
164.135193,-20.307230
164.018600,-20.301670
163.999695,-20.239450
164.047501,-20.241949
164.052200,-20.168900
164.023605,-20.140841
163.992203,-20.155840
163.997498,-20.087231
164.132996,-20.200001
164.329407,-20.324450
164.298004,-20.240280
164.313797,-20.235001
164.450806,-20.286400
164.799393,-20.556669
165.006607,-20.699730
165.162704,-20.753889
165.296402,-20.899731
165.412399,-20.949730
165.408005,-21.063339
165.602997,-21.180840
165.584702,-21.220560
165.713806,-21.297230
165.852707,-21.419451
165.883606,-21.368340
165.949402,-21.453621
165.923294,-21.467230
165.991592,-21.505840
165.966904,-21.458891
165.971100,-21.407511
166.011398,-21.445560
166.339706,-21.673059
166.419403,-21.710011
166.481400,-21.790279
166.718597,-21.960840
166.687195,-21.986389
166.870804,-22.036119
166.958298,-22.106951
166.941299,-22.162510
167.035202,-22.237230
167.017197,-22.316669
166.947693,-22.379999
166.890198,-22.394730
# Triangles
28,27,25
29,25,55
26,25,27
28,25,29
33,32,31
31,30,29
34,33,31
29,53,31
25,24,57
57,22,21
19,18,17
57,21,59
21,20,59
23,22,24
29,55,54
55,57,56
55,25,57
22,57,24
59,20,19
54,53,29
41,40,42
40,39,42
42,39,47
46,45,44
43,47,46
43,46,44
42,47,43
48,39,38
48,36,35
31,52,34
52,31,53
35,34,51
52,51,34
39,48,47
50,48,51
48,50,49
51,48,35
38,36,48
36,38,37
6,4,3
4,6,5
6,3,73
71,7,6
13,12,11
7,9,8
71,9,7
71,6,73
3,1,73
74,73,1
79,78,1
79,1,80
1,78,76
77,76,78
76,75,74
1,76,74
1,3,2
72,71,73
61,17,16
16,65,64
65,16,14
14,16,15
61,16,64
59,58,57
59,19,60
62,61,64
61,60,19
64,63,62
19,17,61
11,10,69
11,14,13
69,71,70
69,10,9
9,71,69
11,69,65
66,68,67
68,66,65
68,65,69
65,14,11
