# New Caledonia region 1
18 15
# Outer Vertices
167.345200,-21.178341
167.318604,-21.135559
167.156906,-21.083059
167.115494,-21.052509
167.021606,-20.914730
167.081894,-20.919451
167.171097,-20.851391
167.180206,-20.789169
167.037994,-20.761120
167.071106,-20.707781
167.224106,-20.679729
167.309402,-20.728621
167.279099,-20.906389
167.387695,-20.953060
167.396606,-21.019730
167.465195,-21.058060
167.416107,-21.160009
167.345200,-21.178341
# Triangles
5,4,3
6,5,12
3,12,5
9,8,7
12,7,6
9,7,10
12,3,2
1,0,16
1,16,14
14,16,15
7,11,10
7,12,11
13,12,14
12,1,14
12,2,1
