# United Kingdom region 3
51 48
# Outer Vertices
-6.965834,57.725552
-7.120001,57.814159
-7.125556,57.837769
-7.009167,57.839710
-6.840834,57.925270
-7.063612,58.005821
-6.936111,58.046101
-7.073611,58.058601
-7.126945,58.123322
-7.108890,58.180538
-7.020556,58.186649
-7.058056,58.200550
-7.040833,58.233318
-6.908334,58.212769
-6.861945,58.111370
-6.873889,58.178322
-6.813612,58.196098
-6.728889,58.169430
-6.757223,58.223320
-6.808056,58.259708
-6.797778,58.302212
-6.330833,58.471661
-6.244722,58.508598
-6.166389,58.425270
-6.212778,58.364990
-6.168334,58.342770
-6.365834,58.230820
-6.287223,58.204708
-6.168056,58.260540
-6.158334,58.218319
-6.242778,58.180271
-6.394167,58.209431
-6.375000,58.135540
-6.620278,58.081928
-6.402500,58.105820
-6.367223,58.052761
-6.392778,58.003880
-6.553334,58.009159
-6.464445,57.986099
-6.474167,57.940269
-6.577500,57.910820
-6.688612,57.955269
-6.706944,57.998878
-6.659445,58.046650
-6.761390,57.998322
-6.660556,57.884708
-6.803334,57.878319
-6.760834,57.824162
-6.815556,57.805538
-6.878889,57.789150
-6.965834,57.725552
# Triangles
3,2,1
3,1,0
6,5,4
3,0,49
46,49,48
46,48,47
4,46,44
46,4,49
44,46,45
4,44,6
17,14,44
49,4,3
6,44,14
9,8,10
10,8,7
11,10,12
12,10,13
6,10,7
15,14,16
13,10,6
16,14,17
20,18,31
18,20,19
14,13,6
43,41,37
41,43,42
33,43,37
43,33,17
43,17,44
37,41,40
36,34,37
39,38,37
34,36,35
37,34,33
39,37,40
17,33,31
33,32,31
31,27,26
27,31,30
31,26,21
24,21,26
21,20,31
31,18,17
30,29,28
22,24,23
22,21,24
25,24,26
27,30,28
