# United Kingdom region 0
26 23
# Outer Vertices
-6.265000,56.258881
-6.361389,56.302761
-6.363890,56.329990
-6.290833,56.339989
-6.174723,56.331100
-6.018889,56.369709
-6.095834,56.366650
-6.185278,56.356659
-6.203056,56.378040
-6.010000,56.470268
-6.032223,56.492489
-6.126390,56.473881
-6.317779,56.585819
-6.269167,56.611660
-6.116945,56.650269
-6.006111,56.591099
-5.962778,56.522770
-5.723056,56.483318
-5.651389,56.451099
-5.663334,56.395550
-5.787223,56.367771
-5.703334,56.375542
-5.702223,56.359150
-5.840556,56.308880
-5.860278,56.351940
-6.265000,56.258881
# Triangles
2,1,3
3,1,0
4,3,0
13,12,11
14,11,10
9,8,6
11,14,13
8,7,6
0,5,4
0,24,5
24,23,20
9,5,24
20,22,21
22,20,23
16,24,20
15,10,16
16,10,9
10,15,14
19,18,17
9,24,16
20,17,16
19,17,20
9,6,5
