# United Kingdom region 4
42 39
# Outer Vertices
-6.012222,57.022209
-6.035001,57.054710
-5.944723,57.147209
-6.033334,57.224709
-6.073611,57.126381
-6.111112,57.170818
-6.221390,57.173321
-6.314723,57.157490
-6.279167,57.198318
-6.353889,57.189430
-6.353889,57.225269
-6.476389,57.297211
-6.421945,57.334709
-6.482779,57.397770
-6.570278,57.386101
-6.567500,57.337490
-6.700278,57.363880
-6.786112,57.446098
-6.715834,57.511929
-6.611945,57.438042
-6.629723,57.497211
-6.561667,57.499439
-6.623889,57.544159
-6.641389,57.602489
-6.586667,57.588600
-6.463612,57.508881
-6.439445,57.476379
-6.394444,57.522209
-6.357779,57.583050
-6.420279,57.634708
-6.323056,57.694988
-6.163334,57.597210
-6.131945,57.474152
-6.190001,57.396381
-6.128056,57.401100
-6.101111,57.321381
-6.039722,57.305820
-5.899445,57.241940
-5.654167,57.261662
-5.664167,57.204990
-5.928334,57.038601
-6.012222,57.022209
# Triangles
16,15,14
17,16,18
19,16,14
21,19,14
19,18,16
12,11,10
13,12,26
27,26,12
21,14,13
27,12,33
26,25,13
23,22,24
21,24,22
25,21,13
33,28,27
29,28,30
25,24,21
20,19,21
35,8,6
6,8,7
5,35,6
5,4,3
8,10,9
41,40,1
40,2,1
2,40,39
39,37,2
28,33,32
10,8,33
31,30,28
28,32,31
33,12,10
2,37,3
37,39,38
3,37,36
35,34,33
36,35,3
33,8,35
5,3,35
