# United Kingdom region 12
581 578
# Outer Vertices
-5.263056,57.971100
-5.444445,58.064430
-5.443056,58.093880
-5.311111,58.063881
-5.283334,58.106380
-5.300000,58.161652
-5.396389,58.242489
-5.386667,58.261101
-5.176667,58.249149
-5.115556,58.269989
-4.946389,58.223049
-4.929445,58.261662
-5.121667,58.285820
-5.168334,58.361099
-5.146111,58.409710
-5.089723,58.419430
-5.073334,58.450821
-5.109723,58.508320
-5.028611,58.538319
-5.005000,58.623322
-4.829722,58.600819
-4.817500,58.521931
-4.767501,58.578320
-4.660001,58.552212
-4.764723,58.443321
-4.611389,58.518040
-4.588889,58.570820
-4.440834,58.551380
-4.428334,58.521381
-4.495001,58.445271
-4.360001,58.533871
-4.041112,58.588871
-3.857500,58.560551
-3.571111,58.622490
-3.365278,58.595268
-3.410278,58.649429
-3.374167,58.672489
-3.308889,58.644428
-3.025556,58.647491
-3.030000,58.600269
-3.126389,58.519989
-3.123333,58.482208
-3.055556,58.477772
-3.121945,58.369431
-3.331389,58.277760
-3.471389,58.195541
-3.902223,57.983601
-3.979445,57.960541
-4.057222,57.948040
-4.011111,57.861099
-4.234723,57.852772
-3.936389,57.804440
-3.788611,57.861099
-3.799445,57.826931
-3.968889,57.702492
-4.029167,57.694149
-4.019444,57.728039
-4.329445,57.646381
-4.430556,57.582211
-4.415001,57.572769
-4.249445,57.659431
-4.011111,57.682209
-4.020000,57.657768
-4.248889,57.495270
-4.118056,57.517490
-4.038611,57.557209
-4.081944,57.579708
-3.606945,57.653599
-3.527223,57.661098
-3.414444,57.716648
-3.198056,57.686378
-3.041945,57.662209
-2.790833,57.702492
-2.341111,57.669708
-2.246389,57.684158
-1.930000,57.677761
-1.799445,57.543320
-1.763056,57.466648
-2.045556,57.229160
-2.075278,57.151371
-2.049445,57.113319
-2.309445,56.804710
-2.415556,56.758598
-2.524723,56.581100
-2.734167,56.458599
-2.910278,56.463871
-3.081111,56.448601
-3.325278,56.359989
-3.265000,56.346100
-2.828889,56.439430
-2.799445,56.418598
-2.838056,56.363602
-2.585834,56.283871
-2.583056,56.268040
-2.788333,56.187481
-2.945000,56.204151
-3.135834,56.113602
-3.158334,56.059990
-3.523056,56.033600
-3.820556,56.111370
-3.810556,56.097210
-3.666389,56.007210
-3.053334,55.943600
-2.861111,56.005821
-2.794445,56.060261
-2.650278,56.058601
-2.571389,56.019161
-2.164167,55.912209
-2.030556,55.816662
-1.819722,55.634159
-1.751111,55.627209
-1.630000,55.558880
-1.573889,55.423599
-1.581389,55.346371
-1.445556,55.045551
-1.303889,54.804150
-1.256945,54.732491
-1.184956,54.674931
-1.168611,54.638599
-0.777222,54.556381
-0.480833,54.403320
-0.381945,54.255550
-0.078611,54.116650
-0.202778,54.054710
-0.216389,54.022491
-0.134444,53.873051
0.154167,53.600819
-0.207778,53.699429
-0.266667,53.734440
-0.653333,53.702770
-0.259747,53.683620
-0.117500,53.581928
0.235555,53.399429
0.351111,53.193878
0.341667,53.095829
0.010833,52.891651
0.383611,52.793049
0.537222,52.962490
0.927778,52.951931
1.274722,52.928051
1.645278,52.771099
1.742500,52.630550
1.733055,52.393040
1.639722,52.276371
1.588611,52.085541
1.333889,51.929150
1.175000,52.023880
1.158611,52.019711
1.259863,51.964802
1.248333,51.955818
1.076667,51.951099
1.156389,51.939709
1.290833,51.939159
1.201111,51.874439
1.293611,51.877491
1.223611,51.808880
1.111666,51.773319
1.004444,51.805538
0.936667,51.807770
0.850000,51.737492
0.704167,51.722210
0.758611,51.691380
0.918889,51.740551
0.953056,51.676929
0.953889,51.609989
0.803889,51.528320
0.465000,51.503040
0.382778,51.450550
0.683889,51.472759
0.725278,51.455269
0.714444,51.436939
0.558056,51.411098
0.611667,51.378601
0.719167,51.416100
0.767778,51.357208
1.174722,51.376099
1.424166,51.392208
1.442213,51.347111
1.376667,51.319988
1.411111,51.201099
1.368889,51.135818
1.095556,51.072208
0.994444,51.016380
0.968611,50.972488
0.978611,50.917488
0.781389,50.935551
0.571944,50.849152
0.311389,50.782211
0.253889,50.738602
-0.297500,50.818878
-0.780833,50.727489
-0.907222,50.770260
-0.863889,50.800819
-0.927222,50.839432
-1.025000,50.840260
-1.039167,50.791370
-1.087778,50.778320
-1.091111,50.822208
-1.148056,50.844440
-1.115834,50.805271
-1.137222,50.779430
-1.380278,50.857491
-1.313056,50.816662
-1.331667,50.791370
-1.527222,50.754429
-1.561111,50.710819
-1.678056,50.738880
-1.996111,50.713871
-2.061389,50.717491
-1.938056,50.643040
-1.958611,50.598598
-2.170000,50.619431
-2.394167,50.641651
-2.464723,50.598320
-2.423334,50.552761
-2.458056,50.523319
-2.479722,50.583881
-2.762222,50.705540
-2.907222,50.733318
-3.381945,50.612770
-3.460278,50.675541
-3.437500,50.604988
-3.498889,50.538879
-3.553334,50.425541
-3.495000,50.386662
-3.638056,50.302212
-3.648334,50.224430
-3.789444,50.212212
-3.940834,50.312481
-4.092501,50.322769
-4.194167,50.405540
-4.158890,50.457211
-4.233334,50.434990
-4.216390,50.411098
-4.195556,50.321659
-4.337501,50.366100
-4.773056,50.286381
-4.786945,50.235271
-5.005000,50.143040
-5.035002,50.197208
-5.065556,50.159710
-5.072500,50.134430
-5.123334,50.095829
-5.055000,50.061939
-5.094167,50.009159
-5.171390,49.988602
-5.193056,49.955269
-5.269167,50.042759
-5.381945,50.103039
-5.489445,50.127209
-5.537500,50.113319
-5.551945,50.059429
-5.660001,50.035820
-5.712778,50.053600
-5.697779,50.149429
-5.501390,50.216381
-5.432778,50.192760
-5.154167,50.342491
-5.113611,50.410549
-5.052222,50.422211
-4.956667,50.556381
-4.849723,50.512489
-4.921945,50.582489
-4.785833,50.592770
-4.608890,50.756378
-4.553612,50.785259
-4.527223,51.009991
-4.474723,51.014149
-4.351389,50.989429
-4.211945,51.070541
-4.230000,51.186378
-3.777223,51.243038
-3.238889,51.188320
-3.025278,51.190819
-3.006389,51.247211
-2.989722,51.346371
-2.793056,51.480820
-2.681389,51.523041
-2.475000,51.721931
-2.478889,51.740261
-2.706667,51.584991
-2.886945,51.539150
-3.041389,51.520260
-3.164444,51.454708
-3.164167,51.409710
-3.334167,51.379711
-3.542778,51.397770
-3.825556,51.595829
-3.935833,51.612492
-3.996112,51.596931
-4.017222,51.552212
-4.111945,51.564991
-4.211667,51.531651
-4.295279,51.556931
-4.242778,51.637760
-4.078056,51.646099
-4.356112,51.735271
-4.363334,51.783039
-4.634167,51.727772
-4.690834,51.687481
-4.783334,51.631939
-4.856668,51.641930
-4.993890,51.606659
-5.115834,51.673321
-4.843889,51.706928
-4.886111,51.751099
-4.967223,51.701649
-5.212778,51.731098
-5.104445,51.770821
-5.120001,51.845539
-5.252501,51.869709
-5.309445,51.861660
-5.228889,51.923599
-5.076945,51.996101
-5.076389,52.021648
-4.837778,52.014149
-4.722778,52.113041
-4.441389,52.164711
-4.150278,52.315269
-4.061389,52.476650
-4.057501,52.523880
-3.966667,52.536381
-3.974722,52.551102
-4.055556,52.540821
-4.126390,52.601650
-4.059445,52.699711
-3.989167,52.731659
-4.098333,52.756100
-4.148334,52.798321
-4.065556,52.915539
-4.395000,52.890541
-4.500556,52.829430
-4.493056,52.796379
-4.525278,52.778881
-4.591945,52.815269
-4.761880,52.788712
-4.615001,52.916370
-4.373056,53.022209
-4.196667,53.206100
-3.833889,53.282490
-3.877500,53.331100
-3.613334,53.279148
-3.376112,53.344990
-3.315278,53.346661
-3.087500,53.230259
-3.120000,53.315540
-3.190556,53.381100
-3.072778,53.425270
-3.027223,53.423321
-2.942500,53.310551
-2.786389,53.289989
-2.702500,53.346371
-2.765278,53.341099
-2.833611,53.320541
-2.954167,53.360271
-3.107778,53.551659
-2.946111,53.706100
-2.897778,53.726650
-3.021667,53.739712
-3.058056,53.780819
-3.052500,53.909431
-2.871389,53.998878
-2.920278,54.025269
-2.799445,54.114712
-2.857778,54.186100
-2.803611,54.243599
-2.926667,54.155270
-2.985000,54.148602
-3.037500,54.224430
-3.138611,54.067211
-3.230834,54.100819
-3.248889,54.164989
-3.208611,54.199711
-3.208611,54.261101
-3.244167,54.192490
-3.316667,54.191380
-3.409445,54.276661
-3.412222,54.341648
-3.627223,54.502769
-3.509167,54.712769
-3.438612,54.759159
-3.391945,54.876381
-3.339723,54.901661
-3.292222,54.873600
-3.259167,54.898880
-3.316667,54.913601
-3.208611,54.949429
-3.087778,54.951382
-3.041389,54.978870
-3.575556,54.978321
-3.569445,54.891102
-3.812500,54.848881
-3.953889,54.767490
-4.043191,54.768539
-4.066389,54.831100
-4.089168,54.768318
-4.196667,54.804710
-4.204722,54.863041
-4.261945,54.836380
-4.376112,54.879162
-4.393333,54.908039
-4.429445,54.872211
-4.411389,54.825821
-4.340279,54.800819
-4.348056,54.699162
-4.376112,54.676659
-4.549445,54.732491
-4.695556,54.809711
-4.852222,54.868599
-4.955278,54.808601
-4.900278,54.701099
-4.856945,54.634430
-4.922501,54.640541
-4.963612,54.680271
-5.005279,54.766930
-5.164446,54.884991
-5.178612,54.984711
-5.105278,55.023880
-5.057501,54.921379
-5.013612,54.905540
-4.991389,54.925541
-5.051390,55.023041
-5.013612,55.131649
-4.841667,55.275269
-4.819723,55.330540
-4.613890,55.486370
-4.646111,55.534431
-4.695001,55.604431
-4.908334,55.691929
-4.917223,55.704708
-4.859445,55.746380
-4.881390,55.932209
-4.786667,55.959709
-4.525278,55.929989
-4.765000,56.007210
-4.833334,56.080818
-4.825278,56.027760
-4.775834,55.979710
-4.848889,55.982491
-4.873889,56.049431
-4.746112,56.199711
-4.819445,56.147209
-4.858890,56.107491
-4.886111,56.116940
-4.891111,56.169159
-4.918334,56.164440
-4.895834,55.986099
-4.978889,55.866100
-5.040833,55.874981
-5.124752,55.978230
-5.077500,55.913601
-5.091667,55.899429
-5.184445,55.965549
-5.238890,55.893040
-5.202778,55.833599
-5.303334,55.850552
-5.335279,55.989712
-5.202778,56.117210
-4.975834,56.245270
-5.286112,56.084991
-5.377224,56.005821
-5.445556,56.022770
-5.421390,55.914150
-5.318611,55.786652
-5.383889,55.747761
-5.486667,55.643040
-5.509723,55.484711
-5.587223,55.417488
-5.518889,55.368038
-5.567223,55.316662
-5.752778,55.291931
-5.786112,55.301380
-5.795279,55.386101
-5.721111,55.436649
-5.680556,55.673038
-5.536667,55.786098
-5.632778,55.779709
-5.670000,55.838871
-5.573890,55.928322
-5.676667,55.883041
-5.690834,55.924160
-5.570834,56.037209
-5.669445,55.981380
-5.694445,55.933319
-5.710556,55.960819
-5.584445,56.087490
-5.511945,56.181660
-5.554445,56.171940
-5.557222,56.230820
-5.492778,56.253880
-5.538889,56.259991
-5.593889,56.249439
-5.569445,56.331928
-5.446667,56.446381
-5.220834,56.435822
-5.069029,56.557079
-5.203056,56.454151
-5.396667,56.455269
-5.414445,56.500542
-5.458056,56.468319
-5.428334,56.528599
-5.282500,56.544159
-5.411389,56.543880
-5.303056,56.664440
-4.994445,56.710270
-5.210556,56.701382
-5.226111,56.732491
-5.121945,56.812771
-5.481945,56.610821
-5.650556,56.502769
-5.768333,56.531940
-5.930556,56.569710
-6.009445,56.621929
-5.993056,56.647491
-5.567500,56.694149
-6.147223,56.680820
-6.209167,56.684158
-6.235001,56.710270
-6.152223,56.755821
-5.785556,56.790821
-5.856668,56.813042
-5.793056,56.838039
-5.738890,56.888882
-5.876112,56.911098
-5.829722,57.000820
-5.732779,57.019428
-5.649167,56.972759
-5.675834,57.035549
-5.784445,57.049431
-5.781389,57.074989
-5.654167,57.123051
-5.400001,57.105820
-5.667500,57.142769
-5.675556,57.171101
-5.637222,57.244431
-5.536945,57.269989
-5.450001,57.221371
-5.475834,57.258598
-5.508612,57.272770
-5.457500,57.319710
-5.702500,57.280819
-5.690556,57.340549
-5.520834,57.359150
-5.452778,57.396099
-5.458056,57.421650
-5.553612,57.357769
-5.636111,57.369431
-5.606668,57.388050
-5.620278,57.414989
-5.740834,57.346661
-5.783611,57.341930
-5.825278,57.383041
-5.851945,57.538879
-5.839723,57.572769
-5.706667,57.539989
-5.635834,57.525829
-5.511945,57.531651
-5.521667,57.549431
-5.715000,57.578880
-5.810556,57.637760
-5.785278,57.695271
-5.688056,57.687481
-5.708056,57.728039
-5.805556,57.743320
-5.805556,57.848320
-5.716945,57.869431
-5.668889,57.825550
-5.661945,57.786098
-5.585279,57.781101
-5.580833,57.829990
-5.650556,57.888321
-5.611389,57.923599
-5.472778,57.848598
-5.425279,57.902489
-5.222222,57.843880
-5.338889,57.920818
-5.077500,57.828602
-5.135556,57.885269
-5.220000,57.919159
-5.186389,57.941101
-5.263056,57.971100
# Triangles
254,253,252
251,250,252
254,252,250
246,245,247
256,248,257
249,248,256
248,247,257
250,249,255
250,255,254
255,249,256
312,310,309
416,415,418
311,310,312
245,242,247
240,257,242
244,242,245
257,259,258
242,244,243
242,257,247
259,257,239
240,239,257
241,240,242
236,259,239
308,305,309
305,313,309
308,307,306
313,315,314
418,414,419
418,415,414
416,418,417
309,313,312
239,238,237
471,470,472
473,472,470
470,469,473
469,468,467
474,467,466
474,473,467
475,474,465
467,473,469
480,479,478
484,483,482
476,475,478
481,480,478
478,477,476
475,462,478
482,485,484
474,466,465
475,464,462
464,463,462
455,454,453
422,421,420
459,461,460
461,478,462
451,449,452
449,451,450
452,457,456
453,452,456
455,453,456
457,452,449
448,447,446
475,465,464
481,478,461
419,414,409
260,259,261
262,261,263
236,263,261
235,263,236
235,264,263
236,261,259
239,237,236
302,304,303
305,304,298
300,304,301
305,315,313
298,315,305
316,315,298
316,298,317
298,304,299
300,299,304
306,305,308
265,268,267
268,265,232
267,266,265
235,233,232
234,233,235
232,231,268
269,268,231
265,235,232
265,264,235
331,333,332
333,331,334
293,292,294
317,298,297
317,297,318
297,296,295
270,269,271
335,334,336
414,410,409
420,409,408
420,419,409
413,412,410
413,410,414
411,410,412
423,425,424
408,407,423
422,408,423
449,448,446
429,428,430
431,430,432
433,432,430
430,428,427
437,436,438
420,408,422
331,336,334
401,407,406
336,331,330
423,407,401
402,405,404
406,405,402
337,336,330
404,403,402
426,425,433
430,427,433
433,427,426
434,433,440
433,425,100
400,399,398
425,423,400
400,397,425
402,401,406
423,401,400
99,440,433
400,398,397
301,304,302
516,515,518
518,517,516
514,513,510
511,513,512
511,510,513
519,515,514
519,514,522
521,520,519
522,524,523
528,527,529
529,527,530
526,525,522
525,524,522
521,519,522
519,518,515
490,492,491
481,461,485
487,486,488
489,488,486
490,489,492
486,459,489
486,485,461
527,526,530
534,533,532
510,509,514
508,514,509
531,530,526
526,522,514
532,531,536
532,536,535
526,514,531
492,489,493
481,485,482
552,551,554
554,553,552
549,551,550
548,554,549
554,551,549
559,558,560
562,564,563
562,561,567
562,566,565
566,562,567
567,561,568
562,565,564
558,561,560
546,545,547
548,547,545
548,555,554
539,538,537
539,537,536
540,539,542
541,540,542
545,544,548
561,557,568
569,571,570
557,561,558
574,557,556
568,572,569
572,568,557
574,572,557
569,572,571
556,544,574
555,548,556
548,544,556
542,539,543
498,500,499
500,498,501
459,458,494
495,494,458
498,497,501
495,501,496
493,489,494
497,496,501
576,543,531
532,535,534
539,531,543
539,536,531
514,508,507
495,504,503
576,574,544
507,506,505
507,58,531
514,507,531
505,504,507
501,495,503
502,501,503
489,459,494
444,443,442
445,449,446
458,445,444
445,458,457
435,434,440
439,435,440
441,440,444
442,441,444
435,439,436
458,444,440
458,440,495
531,58,576
507,504,58
504,495,440
63,60,59
63,59,504
50,58,57
576,58,10
56,50,57
59,58,504
440,63,504
63,440,99
457,449,445
461,459,486
574,573,572
3,2,1
578,577,579
574,576,575
4,3,0
3,1,0
4,0,579
579,10,9
5,4,8
7,6,5
5,8,7
8,4,579
14,13,15
12,15,13
579,9,8
579,577,10
16,15,11
18,17,16
12,11,15
10,29,11
29,10,50
24,29,25
29,24,11
25,29,26
24,21,11
29,48,30
16,11,21
577,576,10
18,21,20
21,18,16
18,20,19
24,22,21
29,27,26
22,24,23
27,29,28
29,50,48
58,50,10
543,576,544
436,439,438
292,291,294
231,230,229
231,229,228
227,226,225
225,224,223
223,228,225
225,228,227
222,228,223
269,220,271
222,231,228
220,231,222
269,231,220
272,220,219
272,271,220
219,218,272
221,220,222
286,285,283
213,216,214
217,213,212
213,217,216
216,215,214
208,212,211
210,208,211
274,217,276
273,218,217
284,283,285
277,212,208
212,277,217
276,275,274
273,217,274
207,278,208
210,209,208
272,218,273
206,278,207
286,283,287
295,318,297
295,291,290
321,319,318
318,295,288
288,295,289
319,321,320
321,318,287
287,318,288
289,295,290
338,337,329
329,337,330
328,327,329
323,322,325
327,326,329
326,325,322
329,326,341
322,321,326
325,324,323
338,329,339
321,344,326
291,295,294
282,281,344
344,341,326
321,282,344
281,279,344
277,276,217
279,278,201
280,279,281
277,208,278
282,287,283
344,279,350
339,341,340
339,329,341
344,342,341
349,345,344
343,342,344
350,349,344
353,352,354
351,350,279
282,321,287
201,278,206
201,206,204
204,203,201
191,190,192
195,197,196
198,201,200
198,200,199
198,135,201
202,201,203
192,189,193
189,192,190
135,198,194
197,194,198
193,135,194
195,194,197
189,167,193
188,187,189
201,135,279
186,167,187
185,183,182
184,183,185
185,172,186
175,181,180
181,174,182
185,182,174
179,178,180
172,171,186
172,174,173
171,170,168
178,177,176
174,181,175
176,175,178
175,180,178
172,185,174
189,187,167
186,171,167
168,167,171
167,166,136
160,166,165
136,166,160
161,160,165
161,164,163
164,161,165
170,169,168
161,163,162
135,167,136
135,134,132
135,129,279
136,138,137
138,136,147
160,158,150
150,136,160
159,158,160
167,135,193
157,156,150
151,150,156
156,153,151
147,136,150
153,155,154
155,153,156
151,153,152
146,139,138
149,147,150
143,139,146
138,147,146
149,148,147
143,140,139
143,141,140
141,143,142
143,146,144
144,146,145
150,158,157
204,206,205
133,132,134
395,394,396
394,393,392
373,380,377
377,379,378
379,377,380
380,383,381
394,389,425
394,392,391
100,99,433
100,425,101
394,391,389
394,397,396
389,102,101
425,389,101
389,391,390
377,376,373
375,374,373
376,375,373
346,345,347
371,370,372
368,372,369
369,372,370
384,383,387
384,386,385
381,383,382
380,373,383
373,372,368
386,384,387
373,368,387
387,383,373
87,98,97
87,65,64
63,62,60
60,62,61
67,66,65
55,54,56
56,54,51
63,99,64
56,51,50
48,50,49
31,47,46
47,31,48
31,30,48
51,53,52
53,51,54
32,46,45
32,31,46
99,87,64
68,67,87
68,70,69
45,33,32
96,95,88
88,87,97
86,70,68
86,68,87
91,88,95
87,99,98
67,65,87
34,33,44
36,35,34
34,37,36
44,43,41
34,40,37
34,41,40
37,40,38
41,43,42
41,34,44
33,45,44
71,70,86
96,88,97
394,425,397
360,359,358
358,357,360
352,357,354
348,345,349
357,361,360
357,356,354
363,361,357
357,351,363
356,355,354
347,345,348
367,366,368
388,387,365
387,368,365
362,361,363
363,365,364
114,365,115
365,114,388
365,368,366
365,363,116
388,114,113
363,351,118
102,389,388
130,129,131
128,124,129
125,124,128
129,124,121
131,129,135
127,126,125
127,125,128
351,279,129
118,117,116
115,365,116
116,363,118
123,122,121
129,120,119
118,129,119
121,120,129
124,123,121
351,129,118
132,131,135
105,103,106
89,88,91
94,91,95
105,104,103
94,93,92
94,92,91
102,388,103
38,40,39
82,71,85
84,83,85
71,82,72
89,91,90
86,85,71
107,106,388
388,106,103
113,112,110
113,110,109
110,112,111
108,107,388
109,108,388
82,81,79
74,73,78
79,73,82
78,73,79
81,80,79
73,72,82
78,76,75
76,78,77
78,75,74
82,85,83
388,113,109
351,357,352
