# United Kingdom region 11
52 49
# Outer Vertices
-1.268889,59.851101
-1.378056,59.906380
-1.263056,60.106930
-1.273611,60.187481
-1.331667,60.201099
-1.350278,60.243320
-1.393611,60.243320
-1.358333,60.192490
-1.453889,60.152489
-1.526945,60.194439
-1.469722,60.215820
-1.631389,60.214432
-1.691667,60.288319
-1.628334,60.307209
-1.557778,60.286930
-1.413056,60.320820
-1.361667,60.283329
-1.345834,60.339989
-1.259167,60.350819
-1.434167,60.423321
-1.443889,60.484711
-1.610000,60.474152
-1.601944,60.492489
-1.511111,60.554150
-1.438611,60.502769
-1.386945,60.509991
-1.476389,60.541370
-1.329722,60.616940
-1.294445,60.631100
-1.317222,60.527489
-1.355454,60.407070
-1.236945,60.439159
-1.294445,60.464989
-1.211111,60.493599
-1.190556,60.466099
-1.154722,60.421101
-1.231945,60.405270
-1.095834,60.416370
-1.121667,60.384430
-1.061111,60.385818
-1.090000,60.346100
-1.170556,60.347488
-1.090833,60.310822
-1.127778,60.271381
-1.200556,60.263321
-1.180556,60.228039
-1.195000,60.175541
-1.141667,60.185822
-1.172500,60.134159
-1.202500,59.979431
-1.248333,59.993038
-1.268889,59.851101
# Triangles
9,8,10
12,11,13
11,10,14
15,14,10
13,11,14
8,6,10
7,6,8
6,5,16
18,17,16
15,10,6
18,16,5
15,6,16
21,20,22
20,23,22
20,24,23
20,25,24
25,20,19
27,26,25
29,27,25
19,30,25
19,18,30
3,5,4
50,49,2
50,2,1
44,3,45
2,46,3
44,18,5
2,49,48
3,44,5
46,48,47
48,46,2
44,43,41
43,42,41
46,45,3
36,31,30
36,18,41
31,36,34
30,29,25
29,28,27
33,32,31
18,36,30
40,38,41
38,40,39
37,36,38
33,31,34
36,35,34
41,38,36
18,44,41
51,50,1
