# United Kingdom region 7
19 16
# Outer Vertices
-6.267222,55.573040
-6.322779,55.610821
-6.245001,55.653599
-6.326112,55.718601
-6.251112,55.767208
-6.325556,55.781380
-6.462778,55.673870
-6.501390,55.673321
-6.495278,55.733601
-6.454445,55.766651
-6.450001,55.848598
-6.322500,55.888599
-6.317500,55.826099
-6.266389,55.879711
-6.119445,55.917210
-6.097778,55.796650
-6.026112,55.684990
-6.140000,55.626659
-6.267222,55.573040
# Triangles
8,7,6
8,6,9
11,10,12
5,10,9
5,12,10
5,9,6
4,3,2
2,18,17
2,17,4
15,17,16
13,12,4
15,14,13
15,4,17
15,13,4
5,4,12
2,1,18
