# United Kingdom region 5
21 18
# Outer Vertices
-2.911111,58.889431
-3.041945,58.936378
-3.188612,58.909988
-3.238889,58.967491
-3.220834,59.024712
-3.271111,58.987209
-3.290833,58.946930
-3.361389,58.992210
-3.321389,59.126381
-3.218889,59.148602
-3.011111,59.076931
-3.019167,59.042759
-3.134167,59.000820
-2.782778,58.989429
-2.809722,58.963039
-2.823889,58.928051
-2.778889,58.924160
-2.793334,58.951382
-2.708611,58.968880
-2.708333,58.917210
-2.911111,58.889431
# Triangles
6,5,7
12,3,2
1,12,2
7,5,8
4,12,9
8,5,4
10,9,12
4,9,8
3,12,4
20,14,1
14,20,15
15,20,16
18,17,16
19,16,20
18,16,19
11,10,12
12,1,13
14,13,1
