# Peru region 0
429 426
# Outer Vertices
-69.368584,-15.512160
-69.422234,-15.618060
-69.214722,-16.156389
-69.150558,-16.218611
-69.100769,-16.215549
-68.970284,-16.207500
-68.958794,-16.215500
-68.919159,-16.243050
-68.879333,-16.270741
-68.833633,-16.302500
-68.826111,-16.351391
-68.990829,-16.419720
-69.028122,-16.540871
-69.037514,-16.571390
-69.037781,-16.603060
-69.002502,-16.644730
-69.094467,-16.707230
-69.166397,-16.720560
-69.343613,-16.982500
-69.411118,-17.020559
-69.385834,-17.050840
-69.618057,-17.186670
-69.652496,-17.285839
-69.590851,-17.295280
-69.501106,-17.378889
-69.499733,-17.505280
-69.684158,-17.663620
-69.815002,-17.652229
-69.848343,-17.716669
-69.769173,-17.946951
-69.841667,-18.128620
-69.965843,-18.256109
-70.178329,-18.328890
-70.403320,-18.347990
-70.773064,-18.082781
-70.922234,-17.943340
-71.058617,-17.879169
-71.201134,-17.767229
-71.385559,-17.695560
-71.356117,-17.628059
-71.398903,-17.399170
-71.543900,-17.273621
-71.829178,-17.189449
-72.006958,-17.045561
-72.154716,-16.958059
-72.364731,-16.758341
-72.518890,-16.683620
-72.729446,-16.650841
-73.180557,-16.408340
-73.253067,-16.410561
-73.320282,-16.335011
-73.551392,-16.253059
-73.704178,-16.231400
-73.881119,-16.121120
-74.057510,-15.953060
-74.398621,-15.827500
-74.483612,-15.720840
-74.761124,-15.592780
-75.202507,-15.369450
-75.157227,-15.320280
-75.261398,-15.260560
-75.225014,-15.231110
-75.292793,-15.157780
-75.371674,-15.146950
-75.410568,-15.063340
-75.507782,-14.963610
-75.505280,-14.925840
-75.933327,-14.658060
-75.987793,-14.467500
-76.152237,-14.330560
-76.115837,-14.301390
-76.204178,-14.173890
-76.291397,-14.173620
-76.302231,-14.103060
-76.279167,-14.062780
-76.301682,-13.894450
-76.370560,-13.910560
-76.395279,-13.879450
-76.368347,-13.806950
-76.301964,-13.798340
-76.272873,-13.854850
-76.201134,-13.631950
-76.192497,-13.427500
-76.492508,-13.046110
-76.526398,-12.848610
-76.612793,-12.780560
-76.645279,-12.711110
-76.806953,-12.494170
-76.801117,-12.387780
-76.932510,-12.259450
-77.019180,-12.225840
-77.071121,-12.103060
-77.176117,-12.070840
-77.144447,-11.949450
-77.186951,-11.796670
-77.285568,-11.543610
-77.650284,-11.296390
-77.666397,-11.246110
-77.640007,-11.216390
-77.610573,-11.180000
-77.682510,-10.929730
-77.936401,-10.526390
-78.196121,-10.110000
-78.177780,-10.064730
-78.245010,-9.953337
-78.246117,-9.792503
-78.378891,-9.613613
-78.398064,-9.434170
-78.539459,-9.260557
-78.509743,-9.226948
-78.515556,-9.174725
-78.555557,-9.173891
-78.587784,-9.233059
-78.626106,-9.161114
-78.571953,-9.139448
-78.582230,-9.096945
-78.648064,-9.063335
-78.663887,-8.917503
-78.774437,-8.759169
-78.751106,-8.690836
-78.771957,-8.586391
-78.946671,-8.427780
-78.916397,-8.379725
-78.978897,-8.256947
-79.136124,-8.090559
-79.227226,-7.998890
-79.377792,-7.843890
-79.638062,-7.257502
-79.711403,-7.178057
-79.715012,-7.116668
-79.944458,-6.875557
-79.982788,-6.764446
-80.123901,-6.639168
-80.424728,-6.489168
-81.182243,-6.099168
-81.190842,-5.948335
-81.089737,-5.802223
-80.977226,-5.870279
-80.926392,-5.852223
-80.888901,-5.790557
-80.872787,-5.642502
-80.923073,-5.502501
-81.210007,-5.192780
-81.171402,-5.063890
-81.099167,-5.063334
-81.109734,-4.968334
-81.356400,-4.681946
-81.303337,-4.552223
-81.327507,-4.471112
-81.261124,-4.255280
-81.189453,-4.202501
-80.982513,-3.952501
-80.871674,-3.882501
-80.813606,-3.743611
-80.598618,-3.616667
-80.529716,-3.505556
-80.375557,-3.472223
-80.340393,-3.382274
-80.253891,-3.420834
-80.271118,-3.470834
-80.212784,-3.595834
-80.220001,-3.688334
-80.156387,-3.887778
-80.316391,-4.013057
-80.423317,-3.978333
-80.474716,-4.007224
-80.480827,-4.179168
-80.447769,-4.221946
-80.335564,-4.199444
-80.482773,-4.399723
-80.467773,-4.438890
-80.394173,-4.476946
-80.130722,-4.281270
-79.980827,-4.383890
-79.899170,-4.393334
-79.857224,-4.447500
-79.789436,-4.483056
-79.649986,-4.432778
-79.495003,-4.533056
-79.503067,-4.568611
-79.480827,-4.713335
-79.356659,-4.891112
-79.049438,-5.003335
-78.891388,-4.844168
-78.918327,-4.739166
-78.865829,-4.666389
-78.668327,-4.559167
-78.624710,-4.436667
-78.670273,-4.379168
-78.660553,-4.302223
-78.531677,-3.912778
-78.402496,-3.753612
-78.337784,-3.422778
-78.284729,-3.408056
-78.260559,-3.425556
-78.256119,-3.516944
-78.221123,-3.508612
-78.170273,-3.431389
-78.215843,-3.373889
-77.903343,-3.026945
-77.342216,-2.807500
-76.661392,-2.572778
-76.144173,-2.183889
-75.590286,-1.553334
-75.402222,-0.922778
-75.343887,-0.976111
-75.218613,-0.977222
-75.291382,-0.718333
-75.245003,-0.619722
-75.262787,-0.523056
-75.363892,-0.466667
-75.485550,-0.226667
-75.624687,-0.176809
-75.628052,-0.108333
-75.360001,-0.153333
-75.285248,-0.119124
-75.245003,-0.119722
-75.212219,-0.037500
-75.150833,-0.038889
-74.876099,-0.227222
-74.786667,-0.200556
-74.730827,-0.266389
-74.706673,-0.367778
-74.663887,-0.346667
-74.638344,-0.410278
-74.607773,-0.383611
-74.376099,-0.568056
-74.309158,-0.813334
-74.238892,-0.859167
-74.242493,-0.890000
-74.293610,-0.902222
-74.236938,-1.018889
-74.077789,-1.073611
-74.020554,-1.035278
-73.938316,-1.168889
-73.850281,-1.170834
-73.844162,-1.260556
-73.755569,-1.294167
-73.738892,-1.238611
-73.556381,-1.370834
-73.517227,-1.503889
-73.446381,-1.596389
-73.507507,-1.748333
-73.309433,-1.872222
-73.199158,-1.803056
-73.093338,-1.918056
-73.057503,-2.140834
-73.088333,-2.224445
-73.133904,-2.243333
-73.083069,-2.363334
-73.036118,-2.365278
-73.022781,-2.422223
-72.944443,-2.395556
-72.891953,-2.503056
-72.805832,-2.487778
-72.744720,-2.434444
-72.716660,-2.475000
-72.692490,-2.440556
-72.646118,-2.494167
-72.595840,-2.407778
-72.354446,-2.434445
-72.336670,-2.479722
-72.208893,-2.506390
-72.208893,-2.458334
-72.129990,-2.440556
-72.103882,-2.476389
-72.048050,-2.387223
-72.008621,-2.357223
-71.898621,-2.384445
-71.731377,-2.167500
-71.688599,-2.149723
-71.679443,-2.221667
-71.515007,-2.235834
-71.460564,-2.352500
-71.430283,-2.276945
-71.357773,-2.353055
-71.355560,-2.391389
-71.113892,-2.353056
-71.093887,-2.303056
-70.988327,-2.300278
-70.971390,-2.223611
-70.758621,-2.296111
-70.599731,-2.420834
-70.587784,-2.481112
-70.540833,-2.494723
-70.552223,-2.432500
-70.527222,-2.426389
-70.420547,-2.511111
-70.307503,-2.495555
-70.299988,-2.531667
-70.338333,-2.555556
-70.326950,-2.578334
-70.236938,-2.552222
-70.125549,-2.699445
-70.071671,-2.661111
-70.049728,-2.727500
-70.724442,-3.779722
-70.620773,-3.825904
-70.516113,-3.861112
-70.371933,-3.788334
-70.248894,-3.861112
-69.946579,-4.224228
-69.972229,-4.303056
-70.035278,-4.336112
-70.107773,-4.253890
-70.156113,-4.273335
-70.172501,-4.324723
-70.208618,-4.325279
-70.323898,-4.137223
-70.433319,-4.131667
-70.511948,-4.180834
-70.545273,-4.139445
-70.585281,-4.196112
-70.620003,-4.115834
-70.652222,-4.118611
-70.684433,-4.174168
-70.765839,-4.146945
-70.835007,-4.187778
-70.881668,-4.293334
-70.972778,-4.379445
-70.988892,-4.341390
-71.129440,-4.398890
-71.169724,-4.357779
-71.200562,-4.411390
-71.233322,-4.376112
-71.290833,-4.383612
-71.305557,-4.438334
-71.406677,-4.435000
-71.656387,-4.509168
-71.690552,-4.473890
-71.826401,-4.507779
-72.243881,-4.758890
-72.325562,-4.760835
-72.412781,-4.886390
-72.531952,-4.953056
-72.635010,-5.059167
-72.741379,-5.051389
-72.917770,-5.151945
-72.891953,-5.207501
-72.918327,-5.322500
-72.950562,-5.564167
-73.218887,-6.045834
-73.216110,-6.155279
-73.164169,-6.207779
-73.123894,-6.447778
-73.191940,-6.553612
-73.245827,-6.568057
-73.434433,-6.633055
-73.754730,-6.895000
-73.801468,-7.117239
-73.704178,-7.285001
-73.711403,-7.319168
-73.892502,-7.375001
-73.972778,-7.345835
-73.948883,-7.501667
-74.009453,-7.535001
-73.833328,-7.725556
-73.710564,-7.771390
-73.692757,-7.809167
-73.714172,-7.872500
-73.782227,-7.871112
-73.767227,-7.957223
-73.651108,-8.016113
-73.533333,-8.355556
-73.351936,-8.468334
-73.297501,-8.651114
-73.169998,-8.710279
-72.964447,-8.983334
-72.948608,-9.083891
-72.975563,-9.154724
-73.205276,-9.407225
-72.586121,-9.453613
-72.428596,-9.483057
-72.305557,-9.530003
-72.271118,-9.746668
-72.180283,-9.801392
-72.150284,-9.888891
-72.185822,-10.003890
-71.501404,-10.003610
-71.299156,-9.996389
-70.906952,-9.714724
-70.708893,-9.543333
-70.584442,-9.438057
-70.533890,-9.453890
-70.569458,-9.569723
-70.596657,-9.606112
-70.537216,-9.691113
-70.557503,-9.776114
-70.628052,-9.833612
-70.629990,-10.511670
-70.631943,-11.003060
-70.533073,-10.932220
-70.394173,-11.051110
-70.269447,-11.058610
-70.027496,-10.968060
-69.929169,-10.914450
-69.567436,-10.950470
-69.150284,-11.632220
-68.770844,-12.308610
-68.687500,-12.519450
-68.781113,-12.617780
-68.731377,-12.669720
-68.804169,-12.730280
-68.881943,-12.758890
-68.974716,-12.926390
-68.964172,-13.483330
-69.011673,-13.634170
-69.080002,-13.643610
-69.085564,-13.674450
-68.982224,-13.861670
-68.977493,-13.961670
-68.867767,-14.110000
-68.853333,-14.199170
-68.984444,-14.230280
-69.006958,-14.333610
-68.979172,-14.367500
-69.153717,-14.572340
-69.220840,-14.570280
-69.245003,-14.616390
-69.239723,-14.725280
-69.361656,-14.793610
-69.384171,-14.958890
-69.278061,-15.111110
-69.138062,-15.225280
-69.140556,-15.254730
-69.285553,-15.357220
-69.275833,-15.404170
-69.327217,-15.430560
-69.368584,-15.512160
# Triangles
103,102,101
361,105,101
97,96,98
98,96,99
108,107,109
104,103,105
106,105,107
103,101,105
105,355,107
100,363,101
88,87,86
89,88,94
86,85,84
86,84,88
370,363,100
95,99,96
89,94,93
99,95,100
90,89,91
93,92,91
89,93,91
95,94,370
107,355,110
95,370,100
129,128,127
129,127,182
125,124,127
125,127,126
124,182,127
135,134,137
138,137,134
135,137,136
131,130,129
138,134,133
181,133,132
131,182,132
131,129,182
116,115,117
110,109,107
114,111,110
111,114,113
110,115,114
111,113,112
115,110,117
122,121,120
123,122,120
118,117,119
120,119,117
117,110,120
123,120,355
120,110,355
124,123,182
88,370,94
66,68,67
65,64,66
64,63,62
66,64,62
70,68,81
73,72,71
70,69,68
71,70,81
74,73,71
80,74,71
68,66,81
54,53,51
55,54,56
390,54,50
52,51,53
50,54,51
66,56,377
61,60,59
62,61,56
56,61,57
59,58,57
61,59,57
82,66,377
62,56,66
54,390,56
78,75,79
75,78,77
80,75,74
82,81,66
80,79,75
77,76,75
356,355,360
361,355,105
355,353,123
353,352,349
354,353,355
370,88,84
84,83,82
80,71,81
361,360,355
360,359,358
365,364,363
363,362,361
365,363,370
101,363,361
351,350,352
349,352,350
349,348,353
358,357,360
186,353,348
347,341,348
356,360,357
82,370,84
183,123,353
348,341,201
181,141,140
171,144,141
133,139,138
142,141,144
147,146,145
150,148,147
144,143,142
145,170,147
171,170,145
171,145,144
169,147,170
139,133,140
180,171,141
140,133,181
184,183,185
185,183,186
123,183,182
171,176,175
171,180,176
178,177,179
348,187,186
176,179,177
180,179,176
173,171,175
353,186,183
180,141,181
182,181,132
148,150,149
150,147,169
151,150,169
167,166,169
151,169,166
169,168,167
152,166,165
151,166,152
152,165,153
156,154,161
154,153,165
156,155,154
154,164,161
154,165,164
172,171,173
189,188,187
174,173,175
157,156,159
163,162,164
161,160,156
157,159,158
161,164,162
159,156,160
187,190,189
190,187,191
195,192,191
194,192,195
196,195,191
197,196,200
187,196,191
193,192,194
198,197,199
202,201,337
200,199,197
187,200,196
187,201,200
237,240,239
203,242,236
237,239,238
236,242,237
242,203,202
241,240,242
242,240,237
242,248,243
232,231,234
233,232,234
235,234,236
236,234,231
231,203,236
203,231,206
201,187,348
205,204,203
208,207,206
222,209,208
216,209,219
205,203,206
213,212,211
213,211,214
210,214,211
214,210,216
216,215,214
210,209,216
208,206,224
224,226,225
226,224,227
230,229,228
228,227,230
227,224,206
222,208,224
216,218,217
216,219,218
223,222,224
220,219,221
221,219,222
222,219,209
230,227,206
206,231,230
242,202,249
48,50,49
41,40,21
37,36,40
37,39,38
37,40,39
40,36,35
48,47,46
390,50,420
43,42,41
45,44,43
45,43,1
46,420,48
1,43,41
34,33,32
28,34,32
28,31,30
31,28,32
29,28,30
35,28,27
28,35,34
27,22,40
22,24,23
25,22,26
21,40,22
41,21,1
26,22,27
40,35,27
421,46,45
374,377,376
374,376,375
378,390,379
390,378,377
380,379,388
82,377,370
371,374,372
371,370,377
381,380,388
374,373,372
377,374,371
389,379,390
56,390,377
392,391,390
396,394,397
396,395,394
397,394,393
393,392,404
384,381,385
385,388,387
381,384,382
385,381,388
384,383,382
386,385,387
389,388,379
392,390,404
366,365,370
21,20,19
25,24,22
2,21,19
18,17,19
19,17,2
0,427,421
1,0,421
3,2,17
425,427,426
21,2,1
427,425,421
17,12,3
14,13,17
14,16,15
13,12,17
11,10,8
12,11,3
3,11,4
5,4,6
7,11,8
4,11,6
11,7,6
10,9,8
16,14,17
425,424,422
422,421,425
408,390,420
419,418,420
422,424,423
420,418,417
407,390,408
414,417,416
408,420,417
417,410,408
393,404,397
413,417,414
404,390,407
414,416,415
405,407,406
420,46,421
408,410,409
410,417,413
411,410,413
411,413,412
405,404,407
403,402,400
403,398,397
401,400,402
399,398,400
400,398,403
403,397,404
1,421,45
346,345,344
369,368,367
369,367,366
366,370,369
341,347,342
342,346,343
339,341,340
337,341,339
337,339,338
346,344,343
337,249,202
201,341,337
336,335,334
336,253,337
334,333,332
334,332,336
336,332,253
332,258,253
332,331,330
332,330,258
253,258,254
265,262,329
329,262,330
325,265,329
330,262,258
258,262,261
251,337,253
253,252,251
256,255,254
256,258,257
258,256,254
243,245,244
248,246,243
243,246,245
250,249,251
247,246,248
242,249,248
251,249,337
259,261,260
262,264,263
265,268,266
261,259,258
268,267,266
269,268,271
273,272,271
271,270,269
273,271,268
273,268,276
276,268,265
264,262,265
329,328,327
347,346,342
327,326,325
325,296,265
323,322,324
322,321,320
322,320,317
325,322,296
318,317,320
316,315,314
322,317,296
320,319,318
325,324,322
316,296,317
307,306,305
307,305,308
303,302,304
308,304,300
301,304,302
305,304,308
313,312,311
314,313,297
311,310,309
298,311,309
313,311,298
300,309,308
304,301,300
316,314,296
296,277,276
273,276,275
297,296,314
284,283,296
277,296,283
281,283,282
274,273,275
278,277,279
281,280,279
283,279,277
283,281,279
265,296,276
299,298,300
296,293,291
296,291,284
293,296,295
291,293,292
294,293,295
298,309,300
284,287,286
284,291,287
284,286,285
289,288,290
290,288,287
291,290,287
297,313,298
329,327,325
420,50,48
