# Thailand region 1
457 454
# Outer Vertices
99.456093,20.388611
99.666367,20.311939
99.797470,20.331381
99.959137,20.455271
100.092300,20.349291
100.097198,20.256100
100.159698,20.234989
100.250000,20.379160
100.308601,20.393600
100.376099,20.344160
100.452797,20.193331
100.520500,20.144991
100.581100,20.157619
100.483299,19.858049
100.406097,19.764441
100.484398,19.544720
100.574997,19.493610
100.636597,19.550550
100.775299,19.484440
100.894699,19.619711
101.032204,19.619440
101.190002,19.568609
101.219101,19.595551
101.269402,19.579161
101.285202,19.521379
101.202797,19.390829
101.287201,19.107500
101.351898,19.051661
101.254402,18.784990
101.228600,18.729160
101.268898,18.686939
101.139999,18.527491
101.062202,18.454439
101.091599,18.376940
101.180496,18.333599
101.151604,18.257771
101.190804,18.057770
101.030296,17.836109
100.980499,17.764999
100.962502,17.667210
100.910202,17.596380
100.918900,17.568890
101.099098,17.498051
101.152199,17.461100
101.230003,17.527531
101.390503,17.692490
101.557999,17.784719
101.559097,17.814791
101.620796,17.881941
101.726898,17.909161
101.772499,18.054440
101.831596,18.053890
101.890297,18.030001
102.105499,18.210270
102.176399,18.195551
102.293297,18.052219
102.590302,17.957769
102.612701,17.918600
102.589104,17.844999
102.666603,17.802500
102.671600,17.861940
102.938599,18.003599
103.018600,17.978609
103.067200,18.024990
103.090103,18.137409
103.140800,18.165270
103.170502,18.247770
103.282501,18.298880
103.236603,18.346661
103.281601,18.407221
103.397202,18.434990
103.675797,18.351940
103.868599,18.279989
103.949997,18.330549
103.995796,18.307501
104.150002,18.060829
104.260803,17.881941
104.444397,17.673321
104.666397,17.542490
104.789398,17.414721
104.809402,17.193880
104.752998,16.887779
104.768898,16.697491
104.746101,16.531111
104.939697,16.322491
105.021599,16.236380
105.046600,16.128599
105.182999,16.058880
105.411903,16.018600
105.406898,15.992220
105.349701,15.938050
105.426903,15.775830
105.596397,15.728050
105.632500,15.678610
105.634399,15.594720
105.599998,15.433050
105.483002,15.376940
105.483002,15.341660
105.587997,15.335520
105.596397,15.274720
105.493599,15.205270
105.468903,15.125000
105.619102,14.991660
105.521400,14.790000
105.537804,14.577770
105.441902,14.432220
105.210403,14.352560
105.137199,14.239720
105.069397,14.218330
105.032997,14.247770
105.001900,14.383330
104.880501,14.422500
104.782204,14.430550
104.714996,14.437770
104.571602,14.364720
104.443298,14.372220
104.187500,14.386670
103.973602,14.364440
103.700798,14.390550
103.695801,14.440000
103.659103,14.447780
103.507797,14.396660
103.228600,14.332780
102.958000,14.203050
102.919701,14.104720
102.790001,13.934440
102.722198,13.763610
102.563301,13.681390
102.560501,13.652500
102.622704,13.606940
102.527199,13.567780
102.360199,13.571660
102.351402,13.267220
102.495796,13.011940
102.525002,12.766940
102.512199,12.665000
102.592499,12.626660
102.788597,12.424720
102.736900,12.303610
102.781898,11.999720
102.916397,11.742770
102.914200,11.633420
102.901604,11.745830
102.770500,11.908330
102.762199,12.029440
102.693001,12.090560
102.602501,12.220830
102.554100,12.198610
102.583298,12.050830
102.555000,12.052500
102.536400,12.098610
102.282997,12.198890
102.260498,12.288060
102.363602,12.336940
102.339699,12.355000
102.307701,12.315730
102.286598,12.325280
102.282997,12.388890
102.241402,12.403890
102.265297,12.298050
102.065498,12.488050
102.107498,12.535280
102.042801,12.534170
102.032501,12.510280
101.968597,12.539720
101.944702,12.526940
101.856598,12.651390
101.750298,12.706660
101.683899,12.695280
101.644699,12.645550
101.493896,12.631390
101.417801,12.586110
101.245499,12.656940
101.074997,12.674160
100.946602,12.605550
100.926102,12.657220
100.860802,12.646940
100.839104,12.701390
100.850502,12.749720
100.898598,12.769170
100.917801,12.818050
100.863297,12.923890
100.933601,13.018890
100.879700,13.090280
100.943604,13.199720
100.914101,13.305000
100.985497,13.368610
100.990501,13.493890
100.922501,13.463050
100.770798,13.488890
100.593201,13.551150
100.593002,13.606110
100.580803,13.521390
100.266098,13.490550
100.017303,13.364320
99.957474,13.277220
99.988312,13.231940
100.104698,13.043050
99.964981,12.706110
100.017502,12.183890
99.860809,11.976940
99.823593,11.891110
99.822746,11.778060
99.734154,11.686940
99.560532,11.308610
99.583313,11.188050
99.554703,11.197770
99.491928,11.115550
99.504150,10.860830
99.470810,10.876660
99.425812,10.783050
99.300537,10.626110
99.240250,10.454170
99.288857,10.398890
99.275818,10.354160
99.149139,10.365550
99.158310,10.299160
99.250809,10.220830
99.195824,10.204720
99.150253,10.110280
99.145813,9.774998
99.223038,9.543608
99.320824,9.392500
99.270538,9.368887
99.226639,9.304722
99.257751,9.225277
99.376648,9.189165
99.495247,9.210831
99.536636,9.281109
99.613312,9.268608
99.653870,9.297497
99.809418,9.310833
99.919418,9.088886
99.918869,8.972221
99.965813,8.605274
100.110298,8.409441
100.171898,8.385275
100.175797,8.503330
100.237999,8.406664
100.326599,7.983332
100.447197,7.438610
100.581902,7.216388
100.567497,7.189165
100.423897,7.266388
100.404701,7.523610
100.376900,7.564999
100.328300,7.567498
100.303001,7.529999
100.265503,7.540554
100.323898,7.646943
100.285797,7.787498
100.253899,7.789443
100.147797,7.722777
100.153000,7.615554
100.266098,7.378332
100.375298,7.314444
100.392998,7.205554
100.474701,7.124998
100.552200,7.139166
100.594398,7.212777
100.793602,6.958055
101.035500,6.843333
101.219704,6.866387
101.308899,6.872499
101.359398,6.889165
101.289703,6.937778
101.511902,6.863888
101.793602,6.469999
102.094398,6.236175
102.091599,6.110554
101.946098,5.964721
101.943802,5.861943
101.824097,5.739442
101.684998,5.770832
101.658897,5.860555
101.570000,5.916665
101.281898,5.804442
101.248901,5.699164
101.139702,5.631942
101.084099,5.714166
101.024399,5.732776
100.993599,5.806108
101.120201,5.990554
101.079102,6.160832
101.121597,6.187220
101.115501,6.248888
100.989700,6.277498
100.945801,6.238609
100.852203,6.242777
100.854103,6.325555
100.748596,6.503610
100.654999,6.448331
100.371101,6.547498
100.298897,6.701666
100.208603,6.710555
100.190002,6.687498
100.171402,6.476665
100.128601,6.417791
100.095001,6.536388
100.042503,6.517500
99.956360,6.658054
99.684418,6.879998
99.680817,6.994165
99.749687,7.129998
99.673027,7.119165
99.668297,7.167499
99.612762,7.136389
99.534973,7.241387
99.603867,7.371110
99.532471,7.291111
99.521362,7.354165
99.493027,7.368054
99.478027,7.274999
99.428307,7.295554
99.339981,7.371943
99.259407,7.656387
99.201370,7.682499
99.129700,7.763332
99.104713,7.691943
99.038040,7.703054
99.025253,7.758610
99.070251,7.917776
99.031372,7.897221
98.913040,8.050552
98.830544,8.001944
98.705261,8.271387
98.684982,8.304996
98.646088,8.274719
98.619141,8.292219
98.639420,8.363052
98.417763,8.309164
98.467758,8.217775
98.419693,8.143330
98.276642,8.223886
98.193314,8.556942
98.206360,8.586386
98.246918,8.511108
98.250809,8.534998
98.219421,8.727497
98.363586,9.020554
98.322746,9.035830
98.383873,9.084442
98.343307,9.127220
98.458038,9.555275
98.491928,9.529165
98.536926,9.573332
98.485809,9.571941
98.464981,9.624165
98.534973,9.701664
98.558868,9.744719
98.503593,9.743608
98.548309,9.806944
98.515259,9.841387
98.535538,9.875553
98.571091,9.868608
98.596077,9.972498
98.673859,10.118050
98.742554,10.346430
98.823868,10.516670
98.781921,10.666660
98.855530,10.767220
99.003311,10.828610
99.020248,10.963330
99.077469,10.948610
99.358307,11.350000
99.402763,11.388890
99.465530,11.604720
99.489960,11.629160
99.557457,11.627780
99.660797,11.820550
99.589417,11.872500
99.573303,12.136670
99.476639,12.130280
99.485786,12.259720
99.414413,12.454440
99.438858,12.571110
99.203583,12.833050
99.193573,12.969440
99.114143,13.050830
99.120796,13.175830
99.208588,13.206670
99.213654,13.335340
99.180527,13.712500
98.937180,14.102220
98.759697,14.217500
98.669693,14.299720
98.571373,14.381940
98.447739,14.605830
98.264137,14.806940
98.200256,15.215550
98.310242,15.303050
98.413589,15.260000
98.422470,15.359990
98.503593,15.387220
98.558853,15.330000
98.593582,15.416940
98.565247,15.722780
98.617462,15.970000
98.571373,16.046101
98.774406,16.123329
98.814972,16.103609
98.860237,16.170830
98.928299,16.379160
98.864967,16.476660
98.715813,16.276381
98.689682,16.284990
98.617188,16.518610
98.479424,16.729719
98.491348,16.773890
98.546631,16.807770
98.517197,16.863609
98.511093,16.941099
98.423576,17.053329
98.346077,17.045549
98.108017,17.382210
98.028847,17.464161
97.911636,17.581390
97.793854,17.684160
97.698853,17.828880
97.750259,17.977489
97.616638,18.242769
97.647751,18.273609
97.623016,18.312500
97.563583,18.327770
97.524689,18.264999
97.484970,18.294161
97.444122,18.396099
97.345810,18.544161
97.361908,18.583879
97.442459,18.497219
97.534126,18.489710
97.663300,18.566111
97.774689,18.569990
97.748863,18.859440
97.678299,18.928049
97.833862,19.096939
97.842194,19.204439
97.788300,19.276939
97.837479,19.293610
97.792191,19.395821
97.983582,19.623880
98.034973,19.643881
98.045517,19.798330
98.080811,19.808611
98.253593,19.673050
98.509697,19.712490
98.555801,19.674990
98.671631,19.748600
98.836906,19.816380
98.908859,19.748051
99.026367,19.825550
99.066933,20.086109
99.170242,20.128050
99.319138,20.066660
99.533859,20.147221
99.555801,20.199711
99.456093,20.388611
# Triangles
337,336,330
333,336,334
330,336,333
332,331,330
337,330,329
332,330,333
338,337,329
334,336,335
340,339,341
344,342,341
224,341,225
338,329,339
320,317,321
317,320,319
315,321,317
323,321,234
317,319,318
322,321,323
328,326,329
326,328,327
225,339,329
324,323,325
329,326,225
325,226,326
226,325,323
341,339,225
221,224,223
344,341,224
347,346,345
345,348,347
344,224,345
345,349,348
343,342,344
353,352,354
354,352,351
349,354,351
220,355,354
220,356,355
220,354,349
350,349,351
349,345,220
356,219,357
356,220,219
357,219,216
218,216,219
217,216,218
345,221,220
357,216,215
359,358,360
361,360,358
358,212,361
361,211,363
214,212,215
362,361,363
361,212,211
358,215,212
358,357,215
224,221,345
316,315,317
307,306,305
308,307,305
302,301,303
304,303,305
301,300,303
308,305,303
311,314,313
311,313,312
310,309,308
315,314,311
308,311,310
308,315,311
303,253,308
300,299,298
300,298,295
296,295,298
300,295,294
296,298,297
254,303,256
303,254,253
246,248,247
239,249,245
249,248,246
256,303,294
257,294,293
303,300,294
253,252,308
315,235,321
225,326,226
222,221,223
233,227,226
228,227,229
226,323,234
213,212,214
207,363,209
207,209,208
363,210,209
210,363,211
236,235,239
234,321,235
239,235,252
251,250,239
238,236,239
250,249,239
239,252,251
237,236,238
231,230,232
230,229,232
233,232,229
233,229,227
234,233,226
315,252,235
315,308,252
364,363,207
390,389,391
391,389,388
392,391,394
387,391,388
394,391,387
419,418,417
416,419,417
413,412,414
419,416,415
415,414,432
414,449,432
393,392,394
394,383,395
396,400,397
397,399,398
395,400,396
394,387,385
386,385,387
411,410,409
403,409,406
408,407,409
449,412,40
407,406,409
409,403,411
384,394,385
412,449,414
423,426,425
423,425,424
421,420,419
426,423,430
422,432,431
430,423,422
427,429,428
429,427,426
431,430,422
434,433,435
429,426,430
432,422,421
435,433,432
435,432,446
432,421,419
438,437,436
446,436,435
439,438,440
436,444,438
432,419,415
440,438,441
443,442,441
441,444,443
444,446,445
441,438,444
432,449,446
436,446,444
446,449,447
403,406,405
204,365,364
204,366,365
366,368,367
371,373,372
364,206,204
364,207,206
379,378,380
380,378,377
375,374,373
375,377,376
380,377,195
377,375,198
373,198,375
204,368,366
203,368,204
203,202,369
204,206,205
369,201,370
201,369,202
203,369,368
370,201,200
198,196,377
200,371,370
199,371,200
373,371,199
198,373,199
197,196,198
196,195,377
380,195,381
384,383,394
397,400,399
401,395,191
401,400,395
402,401,43
191,395,383
447,449,448
40,412,411
449,15,450
453,450,15
453,451,450
453,452,451
411,403,40
382,193,383
403,405,404
453,15,454
41,403,402
381,195,382
5,454,14
6,5,14
2,455,454
6,9,7
382,194,193
195,194,382
1,455,2
2,4,3
1,0,455
5,4,2
7,9,8
454,5,2
191,383,193
245,249,246
291,290,292
287,289,288
289,286,290
286,289,287
260,290,261
257,256,294
293,260,257
256,255,254
258,260,259
260,258,257
290,260,293
290,286,261
281,279,282
277,276,279
283,282,284
282,279,276
279,278,277
275,284,282
285,261,286
285,284,275
261,285,262
263,262,285
264,263,266
263,285,266
276,275,282
280,279,281
244,239,245
243,241,240
241,243,242
240,239,244
240,244,243
191,190,189
191,43,401
179,178,177
191,189,187
175,177,176
191,193,192
173,179,175
175,179,177
173,175,174
171,170,172
179,173,180
173,172,182
184,172,170
181,180,182
182,184,183
182,172,184
132,187,186
180,173,182
186,185,184
168,186,184
188,187,189
168,184,170
43,191,187
265,264,266
274,273,272
275,274,270
271,270,274
275,270,267
271,274,272
268,270,269
266,285,267
268,267,270
152,151,153
159,158,160
267,285,275
144,143,139
141,140,142
143,140,139
143,142,140
144,139,138
151,150,147
148,147,150
147,153,151
153,147,146
138,146,145
145,144,138
150,149,148
156,155,154
138,136,146
164,163,162
135,161,158
161,160,158
156,154,157
158,157,135
167,132,186
167,186,168
162,166,164
166,162,161
166,132,167
133,132,166
133,166,161
165,164,166
187,132,131
157,154,135
134,161,135
135,153,136
161,134,133
136,153,146
138,137,136
130,128,131
128,130,129
128,127,131
131,127,125
126,125,127
124,123,125
125,123,131
131,123,187
154,153,135
168,170,169
43,187,123
40,403,41
40,39,38
43,42,41
45,44,46
44,59,46
43,41,402
37,36,35
38,37,33
47,46,48
49,48,46
49,46,58
59,44,43
38,32,449
58,57,56
58,56,55
60,59,61
62,61,59
59,83,62
49,58,55
49,51,50
49,52,51
52,49,55
65,64,63
63,71,65
53,52,55
62,76,63
46,59,58
43,122,59
16,15,32
17,16,18
32,29,16
15,449,32
25,20,18
16,29,18
33,32,38
20,19,18
6,10,9
14,13,6
6,13,10
12,11,13
13,11,10
14,454,15
34,33,35
30,29,31
55,54,53
18,29,28
24,21,25
18,28,26
23,22,21
26,25,18
21,20,25
27,26,28
23,21,24
32,31,29
37,35,33
38,449,40
119,117,116
116,115,113
114,113,115
109,107,110
119,83,120
120,59,121
101,113,112
116,86,119
112,111,101
117,119,118
116,113,86
110,103,111
83,59,120
107,106,110
106,103,110
105,104,103
111,103,101
105,103,106
101,103,102
97,86,113
97,101,100
113,101,97
99,98,97
97,100,99
96,86,97
107,109,108
94,96,95
66,65,67
75,72,63
72,75,74
72,71,63
77,62,81
77,80,78
63,76,75
76,62,77
81,62,83
68,67,69
69,67,70
71,70,67
67,65,71
74,73,72
90,89,88
90,88,87
94,93,92
92,91,94
94,91,96
90,87,91
82,81,83
79,78,80
80,77,81
87,86,91
85,84,86
86,84,83
91,86,96
119,86,83
59,122,121
123,122,43
293,292,290
