# Philippines region 21
40 37
# Outer Vertices
121.971397,10.413890
121.910202,10.443610
121.975304,10.646390
121.957703,10.726390
121.921898,10.758890
122.039398,11.119720
122.048599,11.470550
122.084099,11.493330
122.098900,11.700000
122.030502,11.738330
121.850800,11.756940
121.956398,11.938610
122.055801,11.851660
122.377800,11.739440
122.492203,11.566670
122.559097,11.572220
122.577797,11.509440
122.642799,11.535280
122.725800,11.599160
122.830803,11.608610
122.892502,11.477780
122.878304,11.431660
122.920799,11.451940
123.148598,11.600830
123.137497,11.511390
123.133904,11.343330
123.095299,11.236660
123.128601,11.174440
123.068901,11.176110
123.028000,11.176940
122.967499,11.040000
122.947197,11.044720
122.736900,10.952500
122.763603,10.913610
122.747498,10.797220
122.608299,10.773890
122.583603,10.690830
122.212799,10.635550
122.034698,10.478610
121.971397,10.413890
# Triangles
4,3,5
1,0,38
38,37,2
3,37,5
7,6,5
3,2,37
16,5,32
38,2,1
12,9,8
10,12,11
12,10,9
14,16,15
13,7,14
13,8,7
8,13,12
7,5,14
5,16,14
5,37,35
32,5,35
35,33,32
33,35,34
21,16,32
31,30,29
28,27,26
29,28,26
32,31,21
21,31,29
21,20,18
21,18,17
18,20,19
16,21,17
26,25,22
24,22,25
23,22,24
22,21,29
26,22,29
35,37,36
