# Philippines region 9
25 22
# Outer Vertices
124.065300,11.716110
123.923302,11.863050
123.726402,11.926940
123.530800,12.212500
123.181396,11.915280
123.144096,11.936390
123.191704,12.035830
123.249199,12.120550
123.288902,12.207220
123.217796,12.231940
123.289703,12.421110
123.251602,12.470000
123.244102,12.608060
123.332497,12.568050
123.349403,12.485000
123.336601,12.436110
123.377998,12.509160
123.467201,12.513890
123.575302,12.410830
123.635002,12.377220
123.789101,12.227220
123.826401,12.235550
123.968597,12.106110
124.080299,11.735000
124.065300,11.716110
# Triangles
5,4,6
6,4,7
3,8,7
9,8,10
13,12,11
15,11,10
11,14,13
14,11,15
10,8,15
15,8,3
2,20,3
3,7,4
22,2,1
1,23,22
23,1,24
20,2,22
15,17,16
18,17,15
19,18,3
21,20,22
20,19,3
18,15,3
