# Philippines region 1
30 27
# Outer Vertices
123.053299,9.046108
122.936096,9.076109
122.863602,9.327219
122.690498,9.374441
122.382202,9.710276
122.455002,9.976385
122.666397,9.973331
122.824997,10.057220
122.865799,10.371110
122.798302,10.528890
122.866898,10.558050
122.925797,10.635550
122.951599,10.870000
123.154701,10.980550
123.341599,10.955270
123.457199,10.932770
123.525299,10.874440
123.473900,10.541390
123.373001,10.452220
123.324997,10.238890
123.179100,9.938330
123.160004,9.637775
123.118599,9.653608
123.107803,9.625830
123.158897,9.599720
123.148598,9.562220
123.312798,9.333054
123.308601,9.283331
123.206398,9.098330
123.053299,9.046108
# Triangles
4,3,6
6,3,23
4,6,5
1,29,2
2,23,3
25,23,2
2,29,28
7,6,22
8,10,9
10,8,11
13,12,11
8,7,19
8,18,11
6,23,22
23,25,24
26,25,2
27,26,2
28,27,2
22,21,20
18,8,19
14,13,11
18,14,11
7,20,19
16,14,17
15,14,16
17,14,18
20,7,22
