# Philippines region 10
86 83
# Outer Vertices
119.332703,11.036390
119.329102,11.100830
119.378899,11.037220
119.422203,11.037220
119.380501,11.180550
119.479103,11.423050
119.515503,11.326940
119.555496,11.331940
119.563301,11.257780
119.499397,11.129160
119.565002,11.017220
119.510201,11.014720
119.490501,10.899440
119.513901,10.826940
119.578598,10.838890
119.601097,10.815830
119.588600,10.664720
119.632500,10.650830
119.700500,10.537220
119.693001,10.493610
119.568298,10.367220
119.448898,10.370830
119.305496,10.282500
119.204102,10.050830
118.915497,9.972219
118.868896,9.978052
118.754204,9.926386
118.756599,9.816664
118.774101,9.733053
118.741096,9.726664
118.720299,9.778330
118.694397,9.716942
118.761101,9.683052
118.486900,9.298609
118.431900,9.281664
118.329399,9.177498
118.129204,9.149998
117.985001,8.869164
117.797203,8.742775
117.716103,8.678053
117.558601,8.669441
117.499397,8.500275
117.359398,8.474163
117.200302,8.325275
117.174400,8.368887
117.345802,8.713886
117.620003,9.000553
117.657997,9.076385
117.745201,9.070553
117.835800,9.203886
117.975502,9.280552
118.014999,9.246943
118.319099,9.578331
118.440002,9.720831
118.559998,9.826942
118.657799,9.970274
118.683296,10.022500
118.739403,10.071390
118.794403,10.024440
118.827797,10.101390
118.798599,10.166110
118.953003,10.267500
119.017998,10.341660
118.986603,10.350830
118.983299,10.408610
119.007500,10.440280
119.070503,10.419720
119.091599,10.484440
119.126404,10.383330
119.245499,10.478890
119.261398,10.508610
119.342201,10.710550
119.310303,10.769720
119.270798,10.766670
119.212196,10.945270
119.290001,10.899440
119.327797,10.816940
119.445801,10.724160
119.459396,10.728330
119.415298,10.871110
119.333603,10.896390
119.356400,10.940000
119.306900,10.964160
119.303001,11.009440
119.369698,11.003330
119.332703,11.036390
# Triangles
44,43,42
45,42,41
44,42,45
40,45,41
45,40,46
46,48,47
38,48,46
38,46,39
40,39,46
37,48,38
48,37,49
49,36,51
37,36,49
51,36,35
51,50,49
51,35,52
52,33,53
33,52,34
35,34,52
31,33,32
54,53,31
31,53,33
27,30,28
28,30,29
54,31,30
55,30,27
54,30,55
57,56,58
26,56,55
58,56,26
27,26,55
26,25,58
59,25,24
25,59,58
59,24,61
61,60,59
64,66,65
66,64,62
62,64,63
62,61,23
61,24,23
67,66,68
66,62,68
22,69,68
70,69,21
22,68,23
62,23,68
73,72,76
73,76,75
72,71,76
22,21,69
16,21,20
18,16,19
20,19,16
18,17,16
70,77,71
78,77,16
13,16,15
16,13,78
13,15,14
21,16,77
77,76,71
77,70,21
13,79,78
75,74,73
81,80,79
82,81,84
1,85,2
3,2,84
2,85,84
83,82,84
84,81,12
84,12,3
79,13,12
11,10,9
3,12,11
4,6,5
9,3,11
9,8,4
4,3,9
6,8,7
6,4,8
12,81,79
