# Philippines region 4
19 16
# Outer Vertices
123.865501,9.631386
123.785797,9.847219
124.028297,9.967775
124.146400,10.144720
124.319702,10.156940
124.346603,10.091660
124.374702,10.147220
124.459396,10.062770
124.528603,10.055550
124.561699,9.982220
124.545799,9.924442
124.578598,9.912777
124.523903,9.842497
124.601097,9.804163
124.583298,9.736387
124.418900,9.710831
124.365501,9.626942
124.064697,9.583887
123.865501,9.631386
# Triangles
2,1,18
2,18,17
2,17,16
3,2,5
5,4,3
7,6,5
5,2,15
15,2,16
12,7,5
12,15,14
14,13,12
8,7,9
11,10,12
10,9,7
7,12,10
12,5,15
