# Philippines region 14
20 17
# Outer Vertices
120.301903,11.980550
120.165001,12.029170
120.116600,11.992770
120.053902,12.019440
120.016403,11.986110
119.949402,12.080830
119.886101,12.206110
119.861603,12.167780
119.874397,12.276390
119.888000,12.333610
119.931396,12.321390
119.935799,12.272780
120.002800,12.261940
120.094704,12.167770
120.192497,12.115000
120.245796,12.170830
120.334999,12.089160
120.307701,12.017770
120.339996,12.006670
120.301903,11.980550
# Triangles
7,6,8
6,5,12
13,12,5
9,8,10
11,10,8
11,8,6
6,12,11
5,4,3
1,3,2
0,18,17
17,1,0
13,1,14
1,13,3
14,16,15
14,1,17
17,16,14
3,13,5
