# Philippines region 22
237 234
# Outer Vertices
120.006599,16.190550
120.098900,16.146660
120.102798,16.071659
120.156601,16.036110
120.334099,16.068331
120.426903,16.172489
120.314400,16.504160
120.301399,16.599440
120.341904,16.750549
120.336403,16.829161
120.449097,16.968611
120.433296,17.166389
120.427200,17.296659
120.440002,17.473049
120.346603,17.555830
120.356102,17.679720
120.440002,17.732491
120.409103,17.785549
120.451103,17.872499
120.475304,17.964720
120.485298,18.056110
120.570801,18.278610
120.600800,18.330830
120.569099,18.484440
120.625801,18.546391
120.733597,18.525829
120.790802,18.561939
120.778900,18.605270
120.845299,18.647499
120.916901,18.565269
121.009697,18.596380
121.085297,18.619440
121.175301,18.617220
121.617798,18.360550
121.636101,18.188881
121.680000,18.118330
121.639999,18.361940
121.949699,18.268881
122.100304,18.362499
122.158600,18.509991
122.236099,18.517220
122.304703,18.404720
122.332703,18.269720
122.189102,18.120270
122.189102,18.057220
122.168602,17.870270
122.173302,17.593880
122.268898,17.356939
122.377502,17.354160
122.423897,17.278610
122.432999,17.132219
122.493301,17.121111
122.533302,17.099440
122.480301,16.933880
122.348900,16.646940
122.187500,16.293051
122.229401,16.281111
122.017799,16.043880
122.002998,16.055830
122.095299,16.165279
122.137199,16.257219
122.093300,16.242769
121.828903,16.088051
121.569397,15.907770
121.548302,15.837770
121.575798,15.755550
121.637497,15.749720
121.566704,15.596940
121.472504,15.413330
121.398300,15.377780
121.376404,15.315000
121.430000,15.208610
121.487999,15.171940
121.588898,14.870550
121.733002,14.688060
121.621597,14.660550
121.610001,14.620270
121.737503,14.293050
121.733902,14.170830
121.769997,14.123610
121.925003,14.001940
122.235802,13.898050
122.244102,13.940830
122.191902,13.956670
122.191704,13.995270
122.302498,13.958610
122.321899,14.017500
122.191704,14.100280
122.186401,14.159170
122.271599,14.244720
122.267799,14.127220
122.346603,14.114720
122.385201,14.277780
122.501602,14.330830
122.605499,14.313330
122.691704,14.281940
122.672997,14.336390
122.791100,14.307220
123.042503,14.101390
123.049400,14.005550
123.093903,13.972500
123.049400,13.779440
123.127502,13.716110
123.304398,13.776940
123.327202,13.813610
123.290802,13.905550
123.269699,13.954170
123.230797,13.998330
123.266403,14.073610
123.339104,14.066390
123.368896,14.017770
123.417801,13.982220
123.432198,13.924720
123.467201,13.960000
123.673897,13.879160
123.716904,13.922220
123.821602,13.826380
123.969101,13.753050
123.971603,13.707220
123.874702,13.734440
123.820503,13.689440
123.601402,13.723610
123.572197,13.710000
123.531898,13.575550
123.697701,13.448060
123.820000,13.251110
123.760498,13.188890
123.760803,13.065280
123.800499,13.048330
123.870201,13.137220
123.995796,13.095270
124.082199,13.008050
124.123596,13.070550
124.179703,13.072220
124.194099,13.020830
124.123596,12.905830
124.158600,12.810000
124.086098,12.543610
124.013000,12.537500
123.941399,12.594440
123.860497,12.692780
123.860497,12.866940
123.987198,12.871390
124.024101,12.878050
124.047203,12.922780
124.028603,12.963050
123.894699,12.972780
123.812500,12.865550
123.720001,12.870280
123.690498,12.866940
123.686897,12.916110
123.653603,12.869440
123.389397,13.036390
123.322197,13.008610
123.291100,13.108050
123.329697,13.194440
123.138298,13.467220
122.850304,13.613890
122.801102,13.646110
122.864998,13.686110
122.778000,13.770550
122.748596,13.776660
122.751602,13.794720
122.473297,13.930560
122.427696,13.941940
122.524101,13.740830
122.488899,13.725280
122.502800,13.646110
122.650299,13.446390
122.702499,13.231940
122.607498,13.163890
122.507797,13.241390
122.497200,13.388330
122.333603,13.581110
122.208298,13.601940
122.102203,13.780280
121.983597,13.805000
121.931602,13.848890
121.762497,13.961670
121.701897,13.959170
121.704102,13.920550
121.503899,13.850560
121.443604,13.790000
121.445000,13.698890
121.439400,13.661660
121.217499,13.625830
121.040001,13.630550
121.046898,13.755000
120.998299,13.782220
120.884102,13.725000
120.927696,13.765830
120.916100,13.871110
120.763901,13.929440
120.716599,13.925280
120.698898,13.895000
120.724701,13.847500
120.659698,13.861940
120.676697,13.782220
120.638000,13.795280
120.608597,14.175000
120.605797,14.225830
120.653603,14.281110
120.767998,14.329440
120.902199,14.471390
120.917503,14.453610
120.980003,14.483890
120.991096,14.549160
120.839401,14.759720
120.652496,14.768610
120.551697,14.826940
120.612198,14.501940
120.584099,14.440000
120.483299,14.408610
120.383598,14.496940
120.347702,14.629440
120.270203,14.669440
120.253899,14.731660
120.265297,14.795550
120.234200,14.872770
120.161598,14.740280
120.086098,14.785280
120.012497,15.263880
119.902496,15.468610
119.962799,15.510270
119.906403,15.620550
119.935303,15.676110
119.891098,15.808890
119.913300,15.838050
119.862999,15.958610
119.812500,15.951660
119.775299,15.916660
119.761902,16.006941
119.784401,16.313890
119.824097,16.364990
119.928902,16.385000
119.904999,16.243891
120.006599,16.190550
# Triangles
198,197,196
193,199,196
198,196,199
199,201,200
202,201,199
192,199,193
202,199,192
202,192,191
193,196,194
202,204,203
195,194,196
217,216,214
221,220,218
218,217,209
218,220,219
221,218,209
216,215,214
212,210,213
210,212,211
213,210,214
214,209,217
214,210,209
208,207,209
4,221,209
70,209,207
202,191,204
187,186,185
183,182,185
191,188,187
189,188,190
187,181,191
182,187,185
181,187,182
185,184,183
177,176,80
180,179,181
179,178,79
177,80,178
79,178,80
181,205,191
179,78,181
191,205,204
207,73,71
207,206,73
209,70,4
207,71,70
4,70,69
206,205,76
205,77,76
77,205,78
181,78,205
71,73,72
75,74,73
76,75,73
73,206,76
179,79,78
188,191,190
67,69,68
231,230,229
229,228,231
235,231,228
3,227,225
225,227,226
223,225,224
4,225,223
2,236,228
4,3,225
2,227,3
69,5,4
2,228,227
221,223,222
1,236,2
233,232,235
235,232,231
236,235,228
234,233,235
7,6,8
9,8,10
10,8,5
8,6,5
15,14,16
35,12,46
223,221,4
13,12,35
11,46,12
5,64,63
35,16,13
16,18,17
18,16,19
34,20,19
19,16,35
63,10,5
13,16,14
65,64,67
66,65,67
35,37,36
19,35,34
47,10,62
11,10,46
37,35,44
10,63,62
64,5,69
20,34,21
29,25,22
23,22,25
25,24,23
27,26,28
26,25,29
22,21,29
29,34,30
29,21,34
32,34,33
32,31,30
34,32,30
29,28,26
64,69,67
176,175,80
171,170,169
171,169,172
167,173,172
167,172,168
168,172,169
152,151,150
155,154,152
152,126,155
123,155,124
154,153,152
155,123,156
103,156,123
174,173,81
173,167,166
175,174,81
81,173,166
162,161,160
158,157,159
157,156,102
157,102,159
122,103,123
102,101,159
121,112,122
102,156,103
103,122,104
159,101,160
101,99,160
150,127,152
142,141,140
147,150,148
128,150,147
146,128,147
142,140,139
139,136,142
139,138,137
136,139,137
142,136,143
145,144,131
135,144,143
143,136,135
131,144,135
146,145,130
127,150,128
128,146,129
124,126,125
155,126,124
152,127,126
132,131,134
134,133,132
131,135,134
116,120,119
117,119,118
129,146,130
145,131,130
121,120,116
149,148,150
117,116,119
82,84,83
62,61,54
59,57,56
90,88,87
81,85,82
85,81,164
82,85,84
89,88,90
86,91,90
91,86,164
87,86,90
85,164,86
47,46,10
55,60,56
35,46,45
41,39,38
43,37,44
45,44,35
38,37,43
61,55,54
55,61,60
47,62,54
47,49,48
54,50,47
38,43,42
39,41,40
41,38,42
60,59,56
57,59,58
166,164,81
165,164,166
95,163,162
163,94,91
99,162,160
108,107,106
101,100,99
99,98,162
112,105,104
114,116,115
112,121,114
104,122,112
112,111,105
113,112,114
106,105,110
116,114,121
111,110,105
92,91,93
53,50,54
49,47,50
51,50,53
53,52,51
109,108,106
110,109,106
95,97,96
97,95,98
93,91,94
163,95,94
162,98,95
163,91,164
175,81,80
