# Philippines region 20
38 35
# Outer Vertices
120.314697,13.460280
120.415298,13.525000
120.763000,13.461940
120.916901,13.510830
120.981903,13.468890
121.218300,13.407500
121.324699,13.316110
121.435799,13.230830
121.447502,13.144440
121.535797,13.137500
121.560501,13.088050
121.489700,13.013050
121.482498,12.757500
121.537804,12.698050
121.556900,12.599440
121.437798,12.505830
121.417801,12.397500
121.384399,12.354170
121.395203,12.283890
121.343002,12.321390
121.246597,12.208610
121.114403,12.251940
121.111603,12.345550
121.076599,12.333050
120.932999,12.501110
120.941399,12.573610
120.880501,12.680550
120.801903,12.721940
120.787201,12.776110
120.787201,12.889440
120.757500,13.019720
120.644096,13.193050
120.527199,13.223330
120.461601,13.415550
120.428596,13.421110
120.382202,13.373890
120.311897,13.419440
120.314697,13.460280
# Triangles
32,31,2
30,4,31
25,24,22
28,26,29
26,28,27
29,8,30
5,4,30
26,11,29
37,36,34
34,1,37
34,36,35
33,2,1
2,4,3
2,33,32
1,34,33
31,4,2
26,25,12
21,20,22
15,25,22
20,19,22
19,18,17
17,16,15
17,15,19
19,15,22
25,15,12
29,11,8
30,8,6
30,6,5
7,6,8
12,11,26
13,12,15
11,10,9
11,9,8
15,14,13
24,23,22
