# Philippines region 19
17 14
# Outer Vertices
124.208000,13.515280
124.132500,13.577220
124.050301,13.598890
124.026100,13.664160
124.103302,13.723890
124.130203,14.048890
124.214996,14.093330
124.288902,13.945000
124.349403,13.933330
124.416901,13.849720
124.392998,13.773050
124.413597,13.665000
124.351402,13.647780
124.346100,13.586940
124.293602,13.593890
124.233002,13.578050
124.208000,13.515280
# Triangles
4,2,1
16,15,1
4,1,15
4,3,2
7,6,5
7,5,4
4,15,14
14,13,12
12,11,10
10,4,12
8,7,10
10,9,8
4,10,7
12,4,14
