# Philippines region 2
20 17
# Outer Vertices
123.307198,9.413054
123.319099,9.609163
123.404999,10.038610
123.583603,10.302500
123.644997,10.404160
123.711601,10.549160
123.932198,10.968890
123.932503,11.093050
124.027802,11.277500
124.071602,11.253890
123.994102,11.086940
124.045799,11.009720
124.021599,10.458050
123.970299,10.330550
123.717499,10.168610
123.673897,10.078890
123.645798,10.083330
123.449402,9.533886
123.354698,9.416664
123.307198,9.413054
# Triangles
1,19,18
18,17,1
1,17,2
3,2,16
4,3,14
16,14,3
16,2,17
15,14,16
4,13,5
13,4,14
5,12,6
12,5,13
6,12,11
7,10,8
7,6,10
10,9,8
6,11,10
