# Philippines region 7
56 53
# Outer Vertices
125.730301,11.018610
125.665298,11.133610
125.576897,11.105830
125.571899,11.145280
125.521400,11.141390
125.509697,11.077770
125.446602,11.102780
125.374702,11.098890
125.279404,11.133050
125.238899,11.079720
125.183296,11.191940
125.158600,11.270000
124.982498,11.280830
124.973602,11.442220
124.828598,11.494160
124.856598,11.539440
124.989998,11.611110
125.019096,11.719720
125.042503,11.747220
125.008904,11.775550
124.895203,11.746940
124.809402,11.907500
124.736900,11.929440
124.695000,11.960000
124.707497,12.012220
124.454697,12.130000
124.336899,12.323330
124.264900,12.531830
124.271103,12.575280
124.621399,12.509160
124.867798,12.530830
124.890297,12.559720
125.083000,12.580280
125.231598,12.525000
125.317497,12.389160
125.293602,12.300830
125.322701,12.295550
125.333603,12.267780
125.442497,12.268890
125.511597,12.179720
125.446899,12.128890
125.449097,12.102220
125.523903,12.058050
125.431099,11.927780
125.480301,11.792220
125.440002,11.741110
125.481903,11.714720
125.474403,11.560280
125.595802,11.389440
125.636101,11.324440
125.533897,11.196110
125.609703,11.186110
125.598000,11.229160
125.690002,11.149440
125.763000,11.034440
125.730301,11.018610
# Triangles
16,13,11
14,13,15
16,15,13
13,12,11
10,9,8
10,8,11
11,47,16
18,17,16
18,16,47
35,19,37
19,18,43
20,19,21
24,23,22
25,24,29
28,27,29
26,29,27
29,26,25
24,30,29
21,35,24
35,21,19
24,35,30
31,30,32
32,30,35
35,33,32
35,34,33
21,24,22
50,11,8
6,5,4
7,6,50
4,50,6
50,4,3
3,2,1
50,3,51
50,48,11
53,1,55
1,51,3
53,55,54
52,51,53
51,1,53
48,50,49
41,37,43
43,37,19
44,43,45
37,41,40
38,37,40
35,37,36
40,39,38
43,18,45
47,11,48
43,42,41
45,47,46
47,45,18
50,8,7
