# Philippines region 8
44 41
# Outer Vertices
125.007500,10.028050
124.759697,10.151660
124.789398,10.327220
124.726601,10.396110
124.779999,10.634440
124.798897,10.723890
124.689102,10.930270
124.598297,11.009720
124.542198,10.985000
124.535797,10.889160
124.490196,10.862500
124.378899,10.926660
124.406601,11.008050
124.339401,11.379440
124.287804,11.524170
124.316399,11.566940
124.473297,11.388330
124.475800,11.453050
124.530502,11.435830
124.552498,11.340000
124.638901,11.293330
124.781601,11.356390
124.884399,11.438610
124.968903,11.390070
124.972504,11.256940
125.032501,11.205830
125.015800,11.138270
125.043602,10.995550
125.010201,10.750550
125.093903,10.703890
125.191399,10.447220
125.206902,10.397780
125.270500,10.332220
125.260498,10.263610
125.213303,10.246660
125.144402,10.277500
125.131104,10.241940
125.138000,10.169720
125.086601,10.212500
125.009102,10.379720
124.980301,10.379160
125.016602,10.107770
125.031601,10.043610
125.007500,10.028050
# Triangles
10,9,8
11,10,12
12,10,8
2,1,41
40,4,3
28,5,4
40,3,2
24,20,6
16,13,19
13,15,14
15,13,16
13,12,19
19,7,20
18,16,19
7,6,20
18,17,16
20,24,21
19,12,7
12,8,7
6,5,27
43,42,41
40,2,41
28,4,40
37,36,38
34,32,35
32,34,33
39,38,35
36,35,38
31,35,32
27,5,28
40,29,28
21,23,22
21,24,23
6,26,24
40,39,29
39,30,29
30,39,31
6,27,26
26,25,24
39,35,31
1,43,41
