# Philippines region 6
187 184
# Outer Vertices
122.276398,7.997776
122.583000,8.080830
122.666100,8.158331
122.688904,8.119442
122.754997,8.111664
122.922997,8.150831
122.996902,8.222775
122.938004,8.309719
123.027802,8.491386
123.304703,8.523052
123.426903,8.662775
123.383904,8.702774
123.435501,8.716387
123.559700,8.596107
123.592796,8.643053
123.686897,8.643608
123.818001,8.476942
123.864403,8.156664
123.663002,8.024441
123.660202,7.982498
123.961899,8.171108
124.173599,8.188053
124.238297,8.238331
124.305801,8.526941
124.463898,8.624441
124.681602,8.476385
124.750000,8.513885
124.737999,8.695274
124.777496,8.718609
124.779404,8.978609
124.881599,9.016386
124.971603,8.955275
125.072998,8.828331
125.119102,8.830275
125.183601,8.886942
125.184700,9.059998
125.216400,9.088053
125.290001,8.988607
125.529404,9.001663
125.537498,9.088053
125.391098,9.649719
125.443604,9.823887
125.564102,9.767775
125.611397,9.630554
125.797997,9.556942
125.956902,9.439997
125.898300,9.423330
125.920799,9.385830
125.990799,9.401941
125.992500,9.306664
126.064697,9.234720
126.175797,9.306942
126.212196,9.299997
126.167999,9.096941
126.205498,9.080555
126.221603,9.013609
126.311401,8.942219
126.324402,8.820553
126.186096,8.694441
126.094704,8.624720
126.123299,8.579720
126.153297,8.526386
126.365501,8.539442
126.393898,8.458885
126.342499,8.471107
126.382500,8.424442
126.338898,8.369164
126.383904,8.287220
126.309402,8.211386
126.464104,8.234442
126.456902,8.088608
126.362503,7.905000
126.375000,7.868888
126.550301,7.723054
126.598000,7.480555
126.544403,7.407776
126.592499,7.256943
126.475502,7.091109
126.451599,6.987499
126.325500,6.996388
126.282204,6.915832
126.345802,6.853054
126.346397,6.797221
126.297997,6.806665
126.262497,6.925554
126.196602,6.944721
126.177200,6.894999
126.258598,6.750832
126.204399,6.400276
126.197998,6.277498
126.087997,6.566943
126.076599,6.843610
125.988297,6.905832
125.901398,7.104999
125.855499,7.349722
125.811096,7.361943
125.652199,7.236665
125.658897,7.116943
125.604401,7.043610
125.542801,7.044167
125.486900,6.974443
125.413300,6.819165
125.377998,6.727499
125.389397,6.599165
125.444099,6.578054
125.515800,6.552776
125.658302,6.314443
125.710503,6.108610
125.628601,5.869165
125.484200,5.691666
125.409103,5.565833
125.319099,5.565554
125.287498,5.580554
125.305496,5.633054
125.212502,5.764165
125.170502,5.794443
125.234703,5.906943
125.285500,5.975555
125.270500,6.084443
125.233299,6.094998
125.154701,6.101387
125.087196,5.872776
124.962997,5.851387
124.665298,5.960554
124.185799,6.210554
124.020203,6.518611
124.053001,6.621111
124.034103,6.768610
123.991600,6.773610
123.945297,6.817777
124.039703,7.108610
124.214401,7.249999
124.202499,7.353610
124.256897,7.347776
124.250801,7.408054
124.134399,7.451665
124.104401,7.533888
123.919403,7.687498
123.741402,7.722499
123.690002,7.811943
123.539703,7.848054
123.431900,7.811943
123.450798,7.749999
123.481102,7.732777
123.473900,7.653609
123.334702,7.557776
123.456596,7.377221
123.403000,7.356387
123.290802,7.499999
123.233597,7.535831
123.176399,7.462776
123.105797,7.531387
123.132202,7.573055
123.194099,7.584721
123.117996,7.728332
123.028000,7.561666
123.021896,7.539443
122.963303,7.476665
122.910797,7.538054
122.859200,7.498610
122.878601,7.466109
122.814102,7.436666
122.807503,7.524999
122.810303,7.578609
122.791603,7.694721
122.822701,7.711110
122.786102,7.766387
122.568001,7.745276
122.433601,7.580832
122.505501,7.584166
122.461899,7.536110
122.346100,7.442498
122.344704,7.401387
122.394402,7.389998
122.331902,7.308887
122.307198,7.335554
122.199402,7.013054
122.154404,6.905276
122.043602,6.912221
121.947197,6.959998
121.896599,7.106666
121.973602,7.248055
122.058296,7.290277
122.049103,7.443609
122.131104,7.638054
122.119698,7.796388
122.276398,7.997776
# Triangles
180,179,176
180,176,181
182,181,176
178,176,179
175,182,176
174,172,175
172,174,173
182,175,183
176,178,177
171,175,172
171,184,183
183,175,171
169,168,170
170,168,171
162,159,163
184,171,168
161,160,159
158,157,156
165,163,158
159,158,163
161,159,162
155,158,156
128,127,129
129,127,130
127,131,130
126,124,123
124,126,125
102,127,126
132,131,133
101,133,131
25,134,96
102,131,127
152,151,150
152,150,149
153,152,149
165,158,155
148,145,149
146,145,148
136,135,134
153,149,145
134,21,136
146,148,147
100,134,133
168,185,184
168,0,185
168,167,0
1,0,167
163,165,164
155,154,165
5,166,154
154,166,165
142,141,154
1,167,166
154,153,142
141,6,154
166,3,1
3,166,4
1,3,2
4,166,5
6,9,8
18,9,6
6,8,7
11,10,12
12,10,13
10,9,13
5,154,6
141,18,6
142,144,143
142,153,145
140,19,18
139,19,140
18,141,140
9,18,13
139,138,137
19,139,20
20,137,21
136,21,137
20,139,137
145,144,142
18,17,16
16,13,18
23,22,25
13,15,14
15,13,16
25,24,23
22,134,25
28,27,26
29,28,31
28,26,32
134,22,21
25,96,26
126,123,102
115,114,116
120,122,121
114,109,116
113,112,111
113,111,110
116,109,117
109,113,110
109,114,113
117,109,108
104,119,118
103,119,104
103,102,123
103,120,119
123,120,103
118,117,107
105,104,118
99,98,97
99,96,134
134,100,99
118,106,105
101,131,102
108,107,117
100,133,101
107,106,118
86,91,87
87,91,90
91,86,92
88,87,90
89,88,90
83,82,81
83,80,84
80,83,81
93,92,85
92,86,85
94,93,79
96,99,97
93,85,79
79,84,80
75,79,77
77,79,78
79,75,94
84,79,85
75,77,76
26,96,95
26,33,32
30,29,31
33,38,34
32,31,28
59,38,33
37,35,34
61,33,95
34,38,37
37,36,35
38,53,50
59,33,60
33,26,95
39,44,43
44,39,46
39,43,40
40,42,41
42,40,43
48,47,49
49,47,39
50,49,39
46,45,44
47,46,39
39,38,50
38,59,53
68,61,95
95,71,68
71,70,68
67,66,68
64,66,65
68,66,61
75,74,73
68,70,69
72,75,73
94,72,71
60,33,61
55,59,58
51,53,52
55,54,53
51,50,53
59,55,53
57,55,58
62,64,63
56,55,57
61,64,62
61,66,64
95,94,71
94,75,72
123,122,120
