# Cyprus region 0
38 35
# Outer Vertices
33.031101,34.563320
32.941380,34.563599
32.909988,34.652210
32.729431,34.645260
32.491940,34.702209
32.404148,34.750820
32.390541,34.838039
32.323040,34.893040
32.269161,35.074429
32.304710,35.084148
32.369160,35.039711
32.428051,35.045269
32.618599,35.182491
32.721931,35.180820
32.830540,35.142208
32.901932,35.174160
32.940269,35.302761
32.919708,35.390541
33.346931,35.333321
33.631649,35.350269
34.021931,35.461102
34.356659,35.610538
34.581661,35.671650
34.513050,35.619160
34.186378,35.443050
33.903881,35.229160
33.902489,35.161652
34.083321,34.959431
33.969440,34.984711
33.855259,34.938881
33.810261,34.966930
33.685261,34.968040
33.646099,34.935551
33.608601,34.823318
33.280270,34.714710
33.066662,34.682209
33.009708,34.637489
33.031101,34.563320
# Triangles
6,11,7
7,10,8
11,10,7
6,5,4
1,36,2
36,1,37
3,13,4
4,11,6
3,2,14
2,35,14
10,9,8
11,13,12
35,15,14
17,16,18
16,15,18
13,11,4
3,14,13
35,2,36
15,34,18
32,34,33
28,30,29
31,30,26
18,34,32
19,32,31
26,19,31
19,18,32
19,26,25
19,25,20
28,27,26
30,28,26
20,24,21
24,20,25
21,23,22
23,21,24
34,15,35
