# Honduras region 0
178 175
# Outer Vertices
-88.313889,15.671380
-88.213058,15.723050
-88.161118,15.683890
-88.119743,15.687500
-87.968903,15.799160
-87.927231,15.818050
-87.954178,15.862220
-87.692780,15.916940
-87.628616,15.882770
-87.535004,15.810280
-87.470840,15.783050
-87.355560,15.850280
-87.076683,15.787500
-86.912231,15.755550
-86.634453,15.791390
-86.353348,15.771670
-86.134743,15.893050
-85.988617,15.898890
-85.916397,15.946390
-85.903900,15.991660
-86.015007,16.016661
-85.926964,16.020269
-85.703339,15.973050
-85.670563,15.944170
-85.420013,15.891390
-85.119743,15.921940
-85.023064,15.986110
-84.946671,15.986940
-84.695282,15.892500
-84.610001,15.870550
-84.628616,15.819170
-84.601959,15.776110
-84.415009,15.817500
-84.513901,15.854720
-84.243912,15.804930
-84.057793,15.647780
-83.879730,15.481940
-83.984734,15.521660
-84.099731,15.549170
-84.205292,15.530550
-84.179169,15.479440
-84.146667,15.531660
-84.089737,15.459440
-84.120010,15.414440
-84.077507,15.351390
-84.028900,15.333890
-83.993057,15.301660
-83.932510,15.308050
-83.957779,15.291110
-83.920837,15.240830
-83.828903,15.258610
-83.888062,15.316390
-84.026672,15.391110
-84.002228,15.414160
-83.886124,15.358890
-83.764717,15.223050
-83.721947,15.200000
-83.623611,15.290830
-83.531113,15.281670
-83.541397,15.199440
-83.589737,15.233610
-83.624184,15.195280
-83.583344,15.160000
-83.482513,15.206110
-83.506668,15.279720
-83.721680,15.366110
-83.706680,15.397500
-83.471680,15.287500
-83.353897,15.221670
-83.310287,15.098890
-83.195007,15.018330
-83.130867,14.993290
-83.176941,14.989720
-83.390839,15.024720
-83.417503,14.991110
-83.506958,15.012780
-83.531113,14.949720
-83.718887,14.868330
-83.843887,14.785000
-83.921387,14.799440
-83.932503,14.752500
-84.118057,14.784160
-84.103333,14.728880
-84.196663,14.716380
-84.237213,14.763330
-84.267776,14.744720
-84.275284,14.665000
-84.325562,14.673610
-84.449158,14.627780
-84.682220,14.685550
-84.818619,14.827780
-85.025833,14.700550
-85.032784,14.573610
-85.086670,14.543330
-85.115280,14.566670
-85.175827,14.445000
-85.155838,14.340270
-85.179169,14.315280
-85.315002,14.281110
-85.388062,14.205550
-85.468338,14.108050
-85.524170,14.055280
-85.732773,13.957780
-85.736656,13.828610
-85.800827,13.839160
-85.853882,13.914160
-85.909157,13.906940
-86.022507,14.003050
-86.015839,14.065830
-86.088333,14.044440
-86.175827,13.970830
-86.313049,13.770830
-86.354172,13.758050
-86.530563,13.792500
-86.761124,13.752780
-86.763474,13.710840
-86.732773,13.522500
-86.732773,13.376660
-86.696663,13.356660
-86.696381,13.294720
-86.743057,13.260830
-86.827789,13.296670
-86.909729,13.241110
-86.952499,13.041670
-87.063606,13.000280
-87.300140,12.987410
-87.268890,13.025550
-87.325562,13.033890
-87.357224,13.071940
-87.303619,13.096660
-87.419167,13.107780
-87.476959,13.258050
-87.513062,13.273610
-87.412231,13.358890
-87.379997,13.372770
-87.398354,13.412500
-87.470840,13.400550
-87.529167,13.347220
-87.622787,13.407780
-87.616386,13.451670
-87.641953,13.460550
-87.677231,13.366390
-87.740013,13.355270
-87.814499,13.407470
-87.714447,13.470550
-87.783333,13.526390
-87.695267,13.818050
-87.750473,13.864060
-87.878601,13.901940
-87.900284,13.898050
-88.006958,13.869440
-88.040833,13.930550
-88.059998,13.963890
-88.196663,13.987770
-88.353058,13.868330
-88.489166,13.865550
-88.504730,13.981380
-88.661438,14.014130
-88.721390,14.097500
-88.767227,14.137780
-88.809433,14.093050
-88.831390,14.114160
-88.908623,14.207220
-88.954727,14.188330
-89.037216,14.334720
-89.126099,14.325550
-89.354874,14.427690
-89.299438,14.515000
-89.154449,14.582500
-89.144447,14.648610
-89.224716,14.868050
-89.154167,14.981380
-89.181381,15.003330
-89.150833,15.073610
-89.008904,15.125270
-88.668327,15.350000
-88.327789,15.635280
-88.313889,15.671380
# Triangles
144,142,141
143,142,144
140,144,141
131,133,132
139,137,136
139,138,137
146,139,135
131,130,129
140,139,146
156,155,154
151,150,149
152,151,149
144,140,145
145,140,146
10,152,148
149,148,152
146,114,147
147,10,148
139,136,135
126,125,124
128,127,129
129,127,126
134,131,129
126,124,129
124,123,122
124,122,129
117,121,120
117,120,119
129,122,134
116,122,121
131,134,133
135,115,114
116,115,135
135,114,146
134,122,135
116,121,117
135,122,116
110,113,112
114,113,13
118,117,119
147,114,13
111,110,112
163,162,164
167,166,165
168,165,164
162,159,164
158,157,156
160,159,161
153,159,158
161,159,162
159,169,164
153,175,159
168,167,165
169,171,170
172,171,173
171,174,173
174,171,169
169,159,174
169,168,164
2,0,176
174,159,175
175,3,176
158,156,153
2,1,0
176,3,2
175,152,3
9,3,10
152,10,3
153,152,175
110,109,13
13,109,14
15,109,108
16,15,17
147,12,10
107,106,108
12,147,13
156,154,153
15,14,109
8,5,9
5,7,6
7,5,8
5,4,9
9,4,3
12,11,10
94,15,108
110,13,113
104,103,102
105,102,108
102,105,104
108,102,101
99,108,100
108,101,100
95,98,97
95,97,96
98,108,99
108,98,94
94,92,91
92,94,93
15,94,17
95,94,98
87,86,85
88,87,85
90,89,85
85,89,88
90,85,84
91,90,24
17,94,91
83,82,81
83,81,84
81,80,79
81,44,84
79,78,77
77,49,79
76,62,77
81,79,49
62,56,77
57,56,61
61,56,62
62,75,63
62,76,75
72,70,73
73,75,74
73,70,69
63,69,68
69,63,73
73,63,75
71,70,72
67,63,68
90,84,40
55,77,56
32,31,39
30,29,28
32,34,33
31,30,25
39,31,90
43,40,84
42,41,40
39,35,34
39,38,35
42,40,43
39,34,32
39,90,40
22,18,23
21,19,22
21,20,19
22,19,18
18,17,23
25,24,90
25,30,28
25,28,27
26,25,27
23,17,91
90,31,25
23,91,24
50,49,55
46,48,47
48,46,49
46,44,81
57,61,60
60,59,58
58,57,60
66,64,67
63,67,64
49,77,55
64,66,65
45,44,46
38,37,35
50,54,51
50,55,54
37,36,35
54,52,51
54,53,52
43,84,44
49,46,81
106,105,108
