# Kenya region 0
157 154
# Outer Vertices
34.069351,-1.055810
34.029709,-1.036945
34.020538,-1.001389
33.920330,-1.001492
33.918591,-0.452778
33.976089,-0.134167
33.907200,0.103055
33.999470,0.230419
34.004230,0.236989
34.107769,0.356944
34.159981,0.603055
34.260818,0.641111
34.291100,0.686389
34.410809,0.821944
34.527439,1.113417
34.577480,1.092499
34.605820,1.158888
34.819710,1.231388
34.829708,1.288888
34.792210,1.393611
34.999989,1.671944
34.999432,1.876666
35.026089,1.919722
34.979149,1.994722
34.994991,2.091110
34.944698,2.213055
34.882198,2.413054
34.940540,2.450555
34.935810,2.506944
34.839149,2.603888
34.749710,2.855833
34.662201,2.861110
34.590820,2.939443
34.559151,3.111110
34.454151,3.181943
34.404980,3.406666
34.455540,3.524166
34.463322,3.671388
34.354988,3.738610
34.299431,3.706666
34.263599,3.786388
34.176090,3.775555
34.163311,3.827221
34.210541,3.840555
34.214149,3.887499
34.099430,3.879999
34.129711,3.954443
34.054699,4.185554
33.997601,4.221760
34.376591,4.599154
34.387489,4.609998
35.051929,4.613609
35.509071,4.616665
35.610249,4.617341
35.699009,4.617935
35.716648,4.618053
35.940319,4.622081
35.951260,4.520975
36.045818,4.446665
36.197239,4.446665
36.647480,4.446665
36.973309,4.396666
37.998039,3.728610
38.121090,3.611666
38.448040,3.599443
38.528870,3.653888
38.913601,3.513888
39.055538,3.527221
39.196930,3.478611
39.498039,3.455277
39.504990,3.418055
39.560261,3.406666
39.782761,3.678332
39.866650,3.869443
40.388599,4.098887
40.783428,4.287619
41.129150,3.962777
41.319149,3.944443
41.771370,3.986110
41.836929,3.947777
41.913639,3.998662
41.913639,3.990465
41.336929,3.167499
40.986309,2.832590
41.029709,-0.906389
41.555260,-1.592222
41.557720,-1.674361
41.434158,-1.828056
41.280270,-1.970278
41.216099,-1.925000
41.181660,-1.994445
41.141930,-1.987500
41.069988,-2.014722
40.999149,-2.040278
40.977489,-1.999722
41.008881,-1.901945
40.968880,-1.938056
40.974430,-2.058611
40.931099,-2.072779
40.904148,-1.994722
40.850819,-1.978611
40.923038,-2.222778
40.983051,-2.252501
40.957489,-2.306390
40.948601,-2.287222
40.885269,-2.225834
40.770550,-2.293056
40.822208,-2.366112
40.810261,-2.404167
40.616650,-2.556667
40.527760,-2.525279
40.258881,-2.645001
40.188320,-2.733334
40.164440,-2.893611
40.185261,-2.963056
40.108051,-3.292500
39.974152,-3.375834
39.987770,-3.319723
39.964989,-3.402501
39.861099,-3.623333
39.810261,-3.594167
39.781380,-3.609168
39.870541,-3.641945
39.848881,-3.756390
39.758881,-3.950556
39.683319,-3.924723
39.741940,-3.982779
39.682770,-4.053890
39.653881,-3.972500
39.639149,-4.001945
39.622490,-4.037501
39.557770,-4.035557
39.566380,-4.080834
39.611370,-4.060835
39.671650,-4.092224
39.451099,-4.581945
39.433601,-4.546946
39.398319,-4.637223
39.325821,-4.640001
39.300819,-4.597222
39.205620,-4.673122
39.119980,-4.610001
37.783360,-3.651428
37.733601,-3.526112
37.617199,-3.507501
37.599991,-3.450278
37.613041,-3.397500
37.719978,-3.311945
37.675259,-3.051389
37.630260,-3.016944
36.295269,-2.279287
36.045189,-2.139952
36.013390,-2.122233
35.671371,-1.931667
34.987759,-1.550556
34.305260,-1.168056
34.069351,-1.055810
# Triangles
5,4,155
6,5,7
4,3,2
156,155,2
2,1,156
155,4,2
5,8,7
9,5,154
9,8,5
11,10,9
13,12,11
11,9,13
13,15,14
15,13,17
13,9,154
15,17,16
5,155,154
146,145,143
17,151,150
145,144,143
143,142,147
148,112,149
150,84,63
121,148,147
147,146,143
63,20,150
18,17,20
154,17,13
22,24,23
18,20,19
154,153,17
151,17,152
21,20,22
17,150,20
63,22,20
152,17,153
24,22,63
149,84,150
40,39,38
51,49,37
36,35,33
37,36,30
33,35,34
33,30,36
38,37,49
46,45,44
47,46,44
48,47,49
43,40,44
43,42,41
38,44,40
38,49,44
44,49,47
49,51,50
41,40,43
33,32,30
30,29,28
58,37,30
30,28,58
25,24,27
25,27,26
62,61,28
24,62,27
24,63,62
62,28,27
61,60,28
53,52,58
54,57,55
57,54,53
37,52,51
59,58,28
57,56,55
59,28,60
58,57,53
58,52,37
30,32,31
147,142,121
141,139,132
139,141,140
138,137,139
136,134,132
134,136,135
132,134,133
132,139,136
136,139,137
141,132,131
131,129,128
129,131,130
131,128,125
126,125,128
121,125,123
123,125,124
125,121,131
126,128,127
121,142,131
117,148,121
120,119,118
122,121,123
121,118,117
117,116,115
114,113,117
114,117,115
112,148,117
112,117,113
111,84,149
110,109,106
106,109,108
111,110,100
100,110,106
108,107,106
104,103,102
101,104,102
120,118,121
111,149,112
105,101,100
100,84,111
84,71,70
84,66,63
70,68,84
98,97,99
99,97,96
96,95,100
99,96,100
105,104,101
71,83,72
66,68,67
84,68,66
66,65,64
66,64,63
74,73,72
83,74,72
76,75,74
68,70,69
100,106,105
93,92,94
92,95,94
95,92,91
95,91,89
95,84,100
85,89,87
87,89,88
89,85,95
90,89,91
85,87,86
83,71,84
76,82,77
82,76,83
77,82,79
83,76,74
79,78,77
82,81,79
80,79,81
84,95,85
142,141,131
