# Faroe Islands region 1
20 17
# Outer Vertices
-6.657778,62.055820
-6.703889,62.079430
-6.698611,62.129429
-6.758056,62.178600
-6.728889,62.136379
-6.728889,62.103870
-6.753056,62.092770
-6.951964,62.213902
-7.081944,62.315819
-6.980834,62.330269
-6.887501,62.316662
-6.906667,62.279148
-6.807501,62.290272
-6.598333,62.190269
-6.722778,62.181099
-6.567500,62.135269
-6.664722,62.144428
-6.592223,62.106930
-6.654167,62.099709
-6.657778,62.055820
# Triangles
7,3,11
3,7,6
3,6,4
4,6,5
8,7,9
12,11,3
11,10,9
7,11,9
3,14,12
2,1,18
2,18,16
19,18,1
16,18,17
2,14,3
16,15,14
14,2,16
14,13,12
