# Sudan region 0
822 819
# Outer Vertices
35.509071,4.616665
35.051929,4.613609
34.387489,4.609998
34.376591,4.599154
33.997601,4.221760
33.516930,3.752222
33.183868,3.766110
33.016651,3.888610
32.716648,3.755277
32.404430,3.743610
32.195259,3.611944
32.193310,3.511388
32.093601,3.532499
32.063869,3.590277
31.950270,3.594721
31.930550,3.691943
31.794720,3.823333
31.701929,3.713055
31.661940,3.705554
31.540831,3.653610
31.288050,3.794722
31.176661,3.795277
30.954710,3.671110
30.868521,3.492140
30.855270,3.572499
30.763050,3.682777
30.614719,3.606944
30.558880,3.613888
30.581940,3.697221
30.544439,3.870554
30.205271,3.962499
30.140270,4.108887
30.065269,4.128054
30.026661,4.205276
29.945271,4.243887
29.956659,4.302220
29.899719,4.346665
29.836660,4.346387
29.793329,4.384998
29.814720,4.560276
29.674709,4.627220
29.479990,4.676943
29.321659,4.386665
29.254440,4.387499
29.252220,4.351110
29.204990,4.343610
29.062771,4.461109
28.882771,4.479720
28.768600,4.556387
28.650829,4.423609
28.505831,4.373054
28.442490,4.287776
28.369160,4.282776
28.335831,4.351110
28.200821,4.347498
28.166380,4.387776
28.064159,4.431109
28.032770,4.560554
27.929710,4.551109
27.786110,4.606942
27.782221,4.760277
27.703880,4.793610
27.702770,4.833610
27.648880,4.901942
27.578051,4.894999
27.455860,5.017143
27.458050,5.083610
27.295549,5.235831
27.237770,5.438887
27.281940,5.548887
27.142771,5.771943
26.829439,5.904998
26.808611,5.979999
26.612209,6.014443
26.514160,6.109720
26.437490,6.077776
26.450821,6.116109
26.523609,6.173609
26.523609,6.221109
26.301380,6.392498
26.306101,6.449442
26.384991,6.589165
26.396660,6.655276
26.094440,6.850276
26.048330,6.998331
25.374161,7.339442
25.331100,7.425276
25.206940,7.497498
25.189989,7.592776
25.296101,7.649999
25.286381,7.783332
25.225550,7.872775
25.148880,7.893054
25.053881,7.921109
24.969990,8.023331
24.855080,8.169741
24.804440,8.192776
24.534990,8.208052
24.459990,8.271385
24.350830,8.249163
24.177219,8.316107
24.140270,8.375828
24.165819,8.477774
24.269159,8.583052
24.253330,8.691107
24.230820,8.697218
23.517771,8.714165
23.504160,8.801386
23.581659,8.906107
23.583050,8.988607
23.565269,9.005276
23.528610,8.957497
23.485270,8.968885
23.448601,9.024998
23.492769,9.174164
23.652210,9.279997
23.626101,9.546108
23.694710,9.671663
23.669161,9.866940
23.303881,10.459160
23.009439,10.698610
22.881161,10.923910
22.975269,11.215830
22.930820,11.415830
22.791100,11.401660
22.625549,11.534440
22.552771,11.665550
22.625549,12.083610
22.476660,12.034160
22.497770,12.186940
22.383881,12.465270
22.466930,12.621660
22.223320,12.747220
22.125271,12.650000
21.970831,12.639720
21.900551,12.676660
21.828251,12.803890
21.972490,13.087500
22.079990,13.153330
22.228880,13.276390
22.295271,13.377780
22.217211,13.584720
22.153601,13.634440
22.138599,13.728050
22.084440,13.779160
22.233879,13.965830
22.476940,14.100830
22.552490,14.120830
22.566940,14.164160
22.555269,14.231940
22.456659,14.252220
22.440269,14.282220
22.441940,14.489440
22.381380,14.523050
22.384159,14.554160
22.416100,14.600270
22.702490,14.691390
22.668880,14.854160
22.753330,14.976940
22.868320,15.094440
22.935829,15.116110
22.984711,15.231110
22.995270,15.385830
22.919439,15.509720
22.937771,15.562500
23.118320,15.710550
23.381380,15.685270
23.479160,15.726110
23.685270,15.756110
23.999710,15.699440
23.999439,18.966379
23.999559,19.497761
24.000830,20.001940
24.372770,19.995819
25.000830,19.999161
25.002220,20.644159
25.003550,22.001301
25.631100,21.999161
26.276100,21.998329
26.914440,21.996660
27.551941,21.997770
28.178329,22.002489
29.000200,22.001301
29.690830,21.998051
30.384991,22.000271
31.080271,21.998600
31.277491,21.999161
31.389160,22.206659
31.441099,22.232210
31.485550,22.216379
31.515829,22.170549
31.453880,21.998329
32.144428,22.003330
32.831100,22.000830
33.183491,22.001301
33.850819,21.999439
34.100590,21.998020
34.171650,22.196659
34.713871,22.288879
34.969151,22.848600
35.226929,22.770830
35.624592,23.128000
35.723598,22.925550
35.754711,22.920830
35.824429,22.786390
36.034161,22.681940
36.224709,22.638330
36.465549,22.318331
36.566509,22.285000
36.889709,22.048611
36.893318,22.003050
36.890610,22.001020
36.841099,21.963881
36.878880,21.934719
36.889431,21.646111
37.003040,21.426661
37.229431,21.171101
37.310261,21.051109
37.297211,21.009720
37.228600,21.021111
37.192490,21.097771
37.271931,21.051661
37.222759,21.138330
37.152489,21.149719
37.156651,21.205830
37.115261,21.218880
37.091648,21.173611
37.120819,21.136660
37.082211,21.046101
37.137489,20.968050
37.232208,20.469999
37.176929,20.438610
37.195820,20.128880
37.336380,19.151939
37.516380,18.724440
37.768040,18.695271
37.759991,18.625549
37.954430,18.537769
38.130821,18.363331
38.089989,18.303600
38.162491,18.253880
38.234829,18.237480
38.294159,18.291941
38.217209,18.213881
38.409988,18.206671
38.426929,18.163330
38.498878,18.133329
38.514709,18.068050
38.538879,18.075550
38.538052,18.121111
38.621319,18.008900
38.574535,17.969283
38.573719,17.971046
38.556942,17.956667
38.531113,17.934166
38.505833,17.913334
38.481388,17.891666
38.458785,17.871268
38.458599,17.871111
38.458466,17.870805
38.449169,17.851112
38.442223,17.834167
38.435280,17.817501
38.434465,17.815589
38.426182,17.796534
38.420280,17.783888
38.413553,17.767479
38.392477,17.718993
38.391392,17.716667
38.390159,17.713660
38.368038,17.662769
38.368025,17.662761
38.363609,17.660278
38.362543,17.659295
38.301943,17.620973
38.299442,17.620001
38.294167,17.618055
38.290001,17.615557
38.285557,17.612778
38.280277,17.610279
38.276665,17.606945
38.273609,17.603056
38.273609,17.603055
38.273602,17.603050
38.273598,17.602975
38.272778,17.596945
38.272499,17.590000
38.272932,17.588267
38.271099,17.547770
38.241664,17.527500
38.241622,17.527502
38.197011,17.546626
38.195278,17.550833
38.192501,17.554998
38.190002,17.559166
38.185833,17.562222
38.180557,17.561666
38.174168,17.561110
38.169724,17.558332
38.169719,17.558326
38.169708,17.558331
38.169607,17.558169
38.166946,17.554443
38.163055,17.551111
38.158890,17.548611
38.151669,17.548889
38.145836,17.550278
38.139446,17.549999
38.133614,17.548611
38.131386,17.543888
38.132774,17.538610
38.133892,17.533054
38.135834,17.528055
38.137779,17.523333
38.138336,17.517221
38.138058,17.510279
38.137651,17.507302
38.122765,17.483608
38.122751,17.483602
38.096684,17.487764
38.096664,17.487778
38.096647,17.487804
38.093878,17.524872
38.094444,17.526667
38.095833,17.532223
38.096943,17.538332
38.095554,17.543888
38.092220,17.547222
38.087219,17.549444
38.080833,17.550278
38.075275,17.551943
38.068890,17.552776
38.061665,17.553055
38.055832,17.551943
38.050831,17.549999
38.045834,17.548056
38.045823,17.548050
38.045818,17.548050
38.045805,17.548040
38.041389,17.545555
38.036945,17.542778
38.032501,17.540277
38.028057,17.537777
38.023888,17.535000
38.020000,17.531666
38.015835,17.529167
38.011391,17.526667
38.006943,17.523890
38.002499,17.521389
37.998333,17.518888
37.994446,17.516945
37.990276,17.514166
37.985832,17.511667
37.981388,17.509167
37.976944,17.506390
37.972778,17.503889
37.968334,17.501389
37.964722,17.498056
37.961666,17.493889
37.958611,17.490000
37.955555,17.486111
37.952499,17.481945
37.949722,17.478056
37.946667,17.473890
37.943611,17.470001
37.940002,17.466667
37.937243,17.463154
37.917214,17.447494
37.917203,17.447490
37.869747,17.444992
37.869720,17.445000
37.869680,17.445019
37.849715,17.464699
37.849167,17.466112
37.846943,17.470835
37.844444,17.475000
37.840832,17.478611
37.836666,17.481390
37.831112,17.483055
37.824444,17.482500
37.822716,17.482155
37.818890,17.481390
37.813610,17.479445
37.808609,17.477501
37.805000,17.475555
37.800556,17.473057
37.795555,17.471111
37.791111,17.468611
37.787498,17.465279
37.784443,17.461111
37.782223,17.456390
37.780556,17.451113
37.780547,17.451048
37.766941,17.428418
37.763332,17.426388
37.759724,17.423056
37.759445,17.416111
37.759417,17.415905
37.735823,17.376664
37.735795,17.376652
37.722791,17.373169
37.719444,17.372499
37.717186,17.371668
37.709695,17.369661
37.708611,17.369444
37.702778,17.368055
37.696388,17.367500
37.690556,17.366388
37.684723,17.365278
37.679169,17.364166
37.672501,17.363611
37.666111,17.363056
37.660278,17.361944
37.653889,17.361389
37.648056,17.360279
37.641670,17.359722
37.635834,17.358612
37.629444,17.358055
37.623055,17.357500
37.617222,17.356390
37.611664,17.355278
37.605831,17.353889
37.599998,17.352777
37.594166,17.351667
37.589165,17.349722
37.583332,17.348612
37.578331,17.346668
37.573334,17.344723
37.568890,17.341946
37.563889,17.340279
37.559444,17.337502
37.555000,17.335001
37.550831,17.332500
37.546387,17.329723
37.541389,17.327778
37.536110,17.326113
37.529720,17.326946
37.522778,17.326946
37.518345,17.326101
37.516945,17.325834
37.512501,17.323334
37.508888,17.320002
37.506668,17.315277
37.506669,17.315275
37.506649,17.315269
37.516651,17.187210
37.516492,17.186951
37.513611,17.182499
37.513329,17.181823
37.507365,17.172151
37.506111,17.170555
37.503887,17.166666
37.500832,17.161943
37.498055,17.157778
37.494999,17.153055
37.494379,17.151091
37.424161,17.037222
37.421112,17.037222
37.419167,17.037222
37.411945,17.037500
37.405556,17.038332
37.400002,17.039722
37.393612,17.040833
37.387779,17.042221
37.381386,17.043055
37.376389,17.045277
37.370831,17.046944
37.365276,17.048332
37.359444,17.049999
37.354443,17.051943
37.349720,17.054167
37.344723,17.056389
37.338886,17.058054
37.332500,17.058887
37.326942,17.060278
37.320553,17.061110
37.313332,17.061388
37.306942,17.061110
37.301945,17.059166
37.296944,17.057222
37.292500,17.054443
37.288887,17.051111
37.285278,17.047777
37.281387,17.044722
37.277779,17.041388
37.274166,17.038055
37.270554,17.034721
37.266666,17.031389
37.262501,17.028889
37.257221,17.026945
37.252224,17.025000
37.245834,17.024445
37.238613,17.024721
37.232224,17.025555
37.225834,17.026388
37.220280,17.027777
37.215279,17.030001
37.209724,17.031666
37.203335,17.032499
37.196667,17.031944
37.190277,17.031389
37.185280,17.029722
37.180836,17.026945
37.176666,17.024445
37.171391,17.022499
37.167225,17.020000
37.163595,17.017731
37.145588,17.016384
37.145557,17.016388
37.145489,17.016418
37.122321,17.034345
37.121944,17.034721
37.118332,17.038332
37.114998,17.041945
37.112221,17.044722
37.108608,17.048056
37.104443,17.051111
37.098888,17.052500
37.092499,17.053333
37.090647,17.053404
37.049238,17.058007
37.049168,17.058054
37.045555,17.061388
37.042221,17.064999
37.039444,17.069168
37.035831,17.072779
37.031113,17.075001
37.026112,17.077223
36.995834,17.073891
36.993610,17.069168
36.991390,17.064444
36.991389,17.064438
36.991371,17.064440
36.991385,17.064408
36.990555,17.058332
36.991669,17.052776
36.993610,17.048056
36.997223,17.044443
37.000000,17.040277
37.003334,17.036667
37.003950,17.035742
37.018040,17.003599
36.996397,16.961476
36.993057,16.958612
36.990276,16.954445
36.988613,16.949165
36.986961,16.943109
36.986931,16.943050
36.986977,16.942932
36.988335,16.937500
36.989620,16.936107
37.010680,16.881735
37.009167,16.876945
37.008888,16.870001
37.011112,16.865000
37.014446,16.861668
37.018612,16.858889
37.020109,16.857391
37.022758,16.850550
37.022722,16.850479
37.019722,16.846390
37.016666,16.842501
37.013889,16.838333
37.010834,16.834446
37.008610,16.829723
37.006943,16.824167
37.006221,16.818866
36.922082,16.657661
36.919724,16.654444
36.916668,16.650555
36.914448,16.645834
36.912224,16.641111
36.910573,16.635611
36.910542,16.635550
36.905693,16.561678
36.904724,16.558611
36.903057,16.553055
36.901669,16.547777
36.900002,16.542221
36.898335,16.536943
36.897503,16.530832
36.896667,16.524721
36.896389,16.517778
36.896946,16.511667
36.898056,16.506111
36.899445,16.500555
36.901374,16.495874
36.901371,16.495831
36.901484,16.495694
36.904167,16.491667
36.906113,16.486668
36.908890,16.482500
36.912224,16.479168
36.915001,16.475000
36.918613,16.470556
36.921947,16.467222
36.925278,16.463612
36.928059,16.459446
36.931667,16.456112
36.935001,16.452501
36.938614,16.448889
36.941891,16.446702
36.953630,16.432470
36.955002,16.430000
36.955093,16.429779
36.956708,16.413344
36.956669,16.413055
36.955833,16.406666
36.954723,16.400555
36.953335,16.395277
36.952499,16.389166
36.950832,16.383612
36.949169,16.378334
36.948334,16.372223
36.948055,16.365278
36.947781,16.358334
36.949169,16.353056
36.950279,16.347500
36.952499,16.342501
36.954445,16.337778
36.957222,16.333612
36.959167,16.328611
36.961945,16.324446
36.963890,16.319723
36.965836,16.314999
36.966556,16.313143
36.971371,16.264160
36.951663,16.246716
36.948612,16.245001
36.944447,16.242222
36.940002,16.239723
36.935558,16.236944
36.931389,16.234446
36.927780,16.231112
36.923889,16.227777
36.920280,16.224445
36.918056,16.219723
36.915840,16.215007
36.915821,16.214991
36.915599,16.214407
36.914169,16.210835
36.908890,16.197498
36.903914,16.183704
36.894681,16.159442
36.889446,16.146667
36.883335,16.129723
36.882686,16.127923
36.759738,15.804861
36.752499,15.798889
36.734165,15.783611
36.716110,15.768333
36.697781,15.753056
36.694725,15.744167
36.690834,15.727221
36.685833,15.710278
36.681114,15.693334
36.676392,15.676389
36.671669,15.659166
36.667500,15.642222
36.662781,15.625278
36.658058,15.608334
36.653336,15.591389
36.648613,15.574445
36.644447,15.557500
36.639725,15.540278
36.638073,15.534354
36.635002,15.523334
36.630276,15.506389
36.626110,15.489445
36.628887,15.484445
36.634148,15.474856
36.621077,15.440511
36.610554,15.437222
36.605000,15.421390
36.598888,15.404444
36.593330,15.387500
36.588055,15.370556
36.582500,15.353612
36.576389,15.336666
36.570831,15.319722
36.565556,15.302778
36.559166,15.285833
36.553886,15.268888
36.548332,15.251945
36.542880,15.235038
36.542759,15.234720
36.449992,15.155882
36.443333,15.150556
36.445000,15.137500
36.446667,15.120278
36.448334,15.103056
36.450001,15.085833
36.452225,15.068611
36.453888,15.051667
36.455555,15.034445
36.457222,15.017222
36.460556,14.982778
36.462780,14.965555
36.464447,14.948611
36.466110,14.931389
36.467777,14.914166
36.469444,14.896944
36.471111,14.879723
36.473335,14.862500
36.475002,14.845555
36.476665,14.828333
36.478333,14.811111
36.480000,14.793889
36.481667,14.776667
36.483891,14.759444
36.485558,14.742500
36.487221,14.725277
36.488888,14.708055
36.490555,14.690833
36.492222,14.673612
36.494446,14.656388
36.496113,14.639444
36.496899,14.631330
36.497780,14.622222
36.499443,14.605000
36.501110,14.587777
36.502777,14.570556
36.505001,14.553333
36.506668,14.536112
36.508335,14.519166
36.509998,14.501945
36.511665,14.484722
36.513332,14.467500
36.514217,14.460659
36.515556,14.450277
36.517223,14.433056
36.518890,14.415833
36.520554,14.398611
36.522221,14.381667
36.523609,14.364445
36.527500,14.347222
36.531113,14.330000
36.534164,14.312778
36.538055,14.295279
36.541668,14.278055
36.544243,14.263543
36.544374,14.263775
36.544708,14.260830
36.446369,13.956940
36.486931,13.839440
36.397480,13.567780
36.248600,13.368050
36.155258,13.024440
36.141602,12.706860
36.069149,12.724440
35.699421,12.665830
35.438030,12.250560
35.432491,12.200550
35.386101,12.170000
35.339710,12.024720
35.096931,11.826940
35.058590,11.740000
35.087490,11.535830
34.963871,11.256940
34.980541,11.222220
35.005550,11.174440
34.933319,10.956660
34.975262,10.864440
34.773319,10.686940
34.766380,10.753050
34.594429,10.887780
34.439701,10.784440
34.286098,10.554160
34.348869,10.245000
34.336369,10.182220
34.231369,10.030280
34.085819,9.553051
34.134991,8.955275
34.111931,8.565273
33.974701,8.438885
33.823040,8.414164
33.774971,8.365889
33.701649,8.380550
33.639980,8.464163
33.204430,8.433886
33.164700,8.391388
33.184711,8.128883
33.104988,8.093052
32.989429,7.925553
33.013599,7.846943
33.059711,7.789998
33.169979,7.796387
33.337490,7.712499
33.441368,7.745831
33.498322,7.722220
33.655540,7.683053
34.026932,7.386665
34.029430,7.239164
34.185539,7.164721
34.206650,7.049165
34.476089,6.911387
34.507488,6.800276
34.687481,6.694998
34.759991,6.609721
34.870541,6.237498
34.981369,6.061109
34.975540,5.949719
35.105820,5.692776
35.103870,5.632498
35.289989,5.507776
35.271099,5.435554
35.319439,5.360554
35.361099,5.352221
35.458038,5.432498
35.533329,5.425276
35.604988,5.373054
35.689701,5.389998
35.836929,5.313053
35.795269,5.237498
35.830818,5.153887
35.773869,5.075276
35.774429,4.798609
35.940319,4.622081
35.716648,4.618053
35.699009,4.617935
35.610249,4.617341
35.509071,4.616665
# Triangles
66,65,63
69,66,63
68,67,69
69,67,66
63,65,64
60,59,58
48,63,60
62,61,60
63,62,60
63,48,69
70,69,41
76,75,74
78,80,79
78,81,80
78,82,81
72,71,70
70,82,72
77,74,73
77,72,78
72,77,73
77,76,74
82,78,72
783,82,70
57,60,58
53,52,51
55,54,53
50,53,51
57,53,50
33,32,31
34,33,35
36,35,39
43,45,44
35,31,39
36,38,37
57,56,55
49,48,50
55,53,57
48,57,50
48,47,46
48,41,69
41,43,42
45,43,46
46,41,48
46,43,41
84,82,780
783,70,41
38,36,39
48,60,57
35,33,31
40,783,41
110,113,112
114,113,110
120,119,122
108,106,105
108,107,106
110,109,115
115,114,110
109,108,105
110,112,111
129,128,127
130,129,131
134,133,132
129,127,131
122,121,120
126,125,123
131,127,169
123,127,126
125,124,123
122,119,123
169,127,123
169,123,119
89,88,87
94,93,92
95,94,91
94,92,91
84,83,82
85,84,89
91,90,84
86,85,89
87,86,89
89,84,90
780,91,84
95,91,118
101,100,102
102,100,99
105,117,115
104,118,117
117,116,115
115,109,105
98,97,96
105,104,117
98,96,103
98,103,99
103,96,104
95,104,96
103,102,99
104,95,118
119,118,169
91,767,118
40,39,784
24,23,22
27,26,28
25,24,22
29,25,22
28,26,25
10,13,12
10,12,11
13,15,14
10,15,13
29,22,21
20,39,21
25,29,28
31,30,29
29,21,39
16,39,20
19,18,20
18,17,16
16,9,7
9,16,15
8,7,9
15,10,9
785,39,16
18,16,20
7,785,16
5,4,7
4,3,7
803,2,1
3,794,7
2,794,3
816,0,820
816,820,819
816,819,818
0,816,815
817,816,818
1,0,807
815,807,0
805,803,1
806,1,807
804,803,805
2,803,801
805,1,806
813,810,815
813,812,811
808,807,809
811,810,813
810,809,807
807,815,810
813,815,814
6,5,7
801,803,802
785,787,786
787,785,792
783,40,784
783,782,780
784,39,785
792,794,793
787,792,790
787,789,788
789,787,790
791,790,792
785,7,792
794,792,7
778,777,775
779,778,771
780,779,767
777,776,775
781,780,782
775,774,773
773,772,778
771,778,772
767,779,770
779,771,770
770,768,767
775,773,778
767,91,780
780,82,783
796,795,794
797,796,798
768,770,769
799,801,800
796,794,2
763,762,764
799,798,796
799,796,2
761,764,762
758,765,761
761,765,764
759,761,760
756,758,757
759,758,761
758,756,765
756,755,766
755,754,753
753,752,751
750,755,751
751,755,753
169,766,755
756,766,765
169,767,766
801,799,2
767,169,118
39,31,29
750,687,755
137,136,132
138,137,132
144,143,145
136,135,134
131,139,132
131,140,139
141,145,143
146,145,141
141,143,142
141,140,147
139,138,132
132,136,134
152,151,149
149,151,150
152,154,153
154,152,155
152,156,155
147,146,141
147,169,148
152,149,156
156,158,157
158,156,160
149,148,156
160,156,169
147,140,131
749,748,747
148,169,156
147,131,169
746,745,743
743,745,744
750,708,707
746,750,747
706,705,750
705,702,750
701,750,702
704,703,702
702,705,704
750,707,706
750,743,712
700,750,701
691,693,692
694,693,691
690,750,691
750,746,743
687,750,690
159,158,160
699,698,696
699,696,750
695,694,691
697,696,698
750,695,691
696,695,750
750,700,699
749,747,750
162,161,166
163,162,164
162,165,164
165,162,166
161,168,166
166,168,167
168,161,169
171,174,173
170,174,171
171,173,172
170,169,174
160,169,161
178,175,179
177,176,175
178,177,175
175,174,179
174,180,179
182,174,169
182,181,174
181,180,174
183,182,169
183,169,184
184,687,185
184,169,687
191,187,186
191,186,687
193,532,194
192,573,193
687,192,191
187,191,190
687,689,688
195,194,532
528,196,195
198,228,214
196,198,197
651,192,687
186,185,687
687,169,755
187,189,188
187,190,189
198,200,199
200,198,205
205,207,206
205,204,200
202,201,200
204,203,202
202,200,204
205,198,207
198,214,207
686,678,687
689,687,690
725,724,743
743,726,725
723,743,724
721,723,722
721,743,723
721,720,743
727,743,730
728,730,729
726,743,727
728,727,730
743,731,730
732,731,743
711,750,712
711,708,750
708,710,709
710,708,711
713,712,743
718,714,743
743,719,718
715,714,716
717,716,714
714,718,717
743,720,719
714,713,743
743,736,735
735,734,743
743,733,732
743,734,733
736,743,737
740,742,741
743,740,739
738,743,739
684,683,686
737,743,738
743,742,740
682,681,686
686,683,682
678,686,679
679,686,680
687,678,677
675,687,676
687,677,676
687,673,667
672,671,670
667,673,672
674,687,675
673,687,674
680,686,681
684,686,685
672,669,668
669,672,670
665,687,666
665,664,687
667,666,687
664,663,662
662,687,664
660,659,687
659,657,687
661,660,687
658,657,659
662,661,687
687,652,651
656,655,687
654,652,655
655,652,687
652,654,653
657,656,687
646,651,650
207,212,208
649,646,650
649,648,646
646,648,647
573,192,651
573,651,579
208,212,209
667,672,668
585,646,645
583,646,584
582,651,583
585,644,643
644,585,645
581,651,582
587,590,588
588,590,589
584,646,585
587,586,585
587,585,641
585,643,642
214,213,212
580,651,581
209,211,210
209,212,211
573,578,576
573,579,578
579,651,580
577,576,578
212,207,214
231,198,196
575,573,576
575,574,573
642,641,585
646,583,651
640,639,638
640,638,587
638,637,636
636,590,638
587,638,590
634,617,635
615,635,617
632,618,633
631,621,632
633,618,634
635,590,636
595,597,596
597,595,594
591,593,592
613,594,593
591,613,593
612,597,594
601,600,606
625,630,629
591,615,614
598,597,599
609,600,599
599,597,612
615,590,635
621,631,630
591,590,615
632,621,619
625,628,627
619,618,632
616,615,617
617,634,618
625,624,630
630,624,623
620,619,621
623,622,621
623,621,630
626,625,627
599,612,611
614,613,591
611,610,609
609,599,611
608,600,609
607,606,600
601,606,602
603,602,604
605,604,602
602,606,605
600,608,607
612,594,613
629,628,625
573,572,571
532,193,573
547,571,570
547,570,569
534,573,571
569,567,547
567,566,549
550,549,552
547,549,548
549,547,567
567,569,568
534,571,547
547,545,535
547,535,534
534,533,532
534,532,573
535,545,544
547,546,545
544,536,535
531,530,532
529,528,532
530,529,532
536,543,538
544,543,536
528,233,196
532,528,195
553,565,564
549,565,553
563,562,554
554,562,555
563,554,564
554,553,564
555,561,560
557,560,559
555,560,556
557,556,560
558,557,559
561,555,562
540,542,541
549,553,552
550,552,551
542,540,538
537,536,538
539,538,540
538,543,542
527,526,444
525,524,519
526,525,517
549,566,565
528,527,441
640,587,641
509,508,507
509,507,506
509,505,510
506,505,509
504,510,505
495,494,496
502,510,504
494,493,496
502,504,503
501,511,502
512,501,513
513,501,514
516,515,500
516,444,517
501,515,514
501,500,515
483,497,496
502,511,510
498,516,499
499,516,500
511,501,512
479,516,498
497,480,498
496,493,484
489,492,491
489,491,490
489,488,487
492,489,486
486,489,487
461,459,458
459,461,460
461,458,455
457,455,458
486,485,492
485,484,493
483,482,481
483,496,484
469,468,467
497,481,480
481,497,483
455,463,462
455,462,461
465,455,466
465,464,463
465,463,455
470,469,467
470,467,466
455,457,456
492,485,493
519,522,520
498,480,479
516,479,478
521,520,522
518,525,519
516,478,477
471,470,455
472,471,455
444,516,477
474,473,472
472,454,474
444,526,517
444,477,476
444,476,475
524,522,519
525,518,517
475,474,454
454,444,475
472,455,454
444,453,452
450,452,451
450,444,452
443,442,444
444,450,447
444,442,441
453,444,454
444,441,527
470,466,455
449,448,447
446,444,447
444,446,445
441,234,528
447,450,449
439,438,427
431,437,436
435,434,436
432,436,434
438,437,429
441,440,234
432,431,436
433,432,434
429,428,427
429,437,430
430,437,431
439,426,234
427,426,439
424,423,425
423,422,388
420,422,421
425,423,388
429,427,438
234,426,425
522,524,523
234,440,439
389,419,418
388,420,419
417,416,415
417,415,418
415,389,418
413,412,411
414,413,415
410,409,408
395,411,410
413,395,415
411,395,413
407,395,408
406,395,407
395,406,404
405,404,406
403,395,404
401,400,397
403,401,395
399,398,397
397,395,401
397,400,399
401,403,402
410,408,395
395,397,396
394,393,392
395,394,390
391,390,394
392,391,394
395,390,389
371,370,369
373,371,369
369,368,373
367,366,368
366,374,368
395,389,415
387,386,236
387,425,388
384,383,386
385,384,386
236,386,239
372,371,373
366,365,374
368,374,373
374,365,375
363,375,365
364,363,365
362,375,363
389,388,419
387,234,425
198,231,228
232,231,196
230,229,231
228,231,229
237,236,239
239,383,382
234,236,235
387,236,234
381,380,239
382,381,239
233,528,234
386,383,239
228,227,226
215,226,225
226,215,228
215,225,224
215,214,228
218,221,219
221,218,217
221,217,222
219,221,220
222,216,223
216,224,223
216,222,217
224,216,215
196,233,232
376,357,377
361,375,362
375,361,360
378,377,356
376,375,360
360,359,376
358,357,376
358,376,359
356,355,354
353,378,354
354,378,356
357,356,377
378,353,350
352,351,350
378,350,343
378,342,339
348,350,349
343,350,348
350,353,352
346,345,343
346,343,348
344,343,345
379,378,239
378,343,342
348,347,346
341,339,342
380,379,239
420,388,422
311,324,323
311,325,324
321,316,322
321,318,316
321,319,318
312,323,322
325,310,309
325,309,326
321,320,319
317,316,318
327,326,308
339,338,337
339,337,239
335,334,337
336,335,337
337,334,240
308,328,327
329,328,330
333,332,243
331,330,297
243,332,331
330,328,297
334,333,240
309,308,326
339,239,378
313,312,314
312,311,323
322,315,314
310,325,311
316,315,322
314,312,322
291,290,292
288,290,289
290,287,292
306,305,301
300,307,306
302,301,305
302,305,303
304,303,305
300,306,301
293,292,287
300,298,297
300,299,298
300,297,307
293,286,294
297,328,307
288,287,290
307,328,308
279,331,297
295,280,296
286,293,287
294,286,285
295,285,283
285,295,294
284,283,285
283,282,281
283,281,280
279,297,280
278,277,279
279,243,331
283,280,295
276,279,277
240,243,241
240,333,243
241,243,242
239,238,237
239,337,240
275,269,276
274,269,275
273,269,274
272,271,269
272,269,273
266,279,276
279,266,243
271,270,269
280,297,296
267,266,276
267,276,268
264,263,243
265,243,266
243,265,264
262,261,243
261,260,243
259,258,243
258,257,245
243,258,245
243,263,262
243,260,259
256,255,247
247,255,254
247,245,257
243,245,244
246,245,247
257,256,247
252,247,253
249,248,250
252,250,248
250,252,251
247,252,248
247,254,253
268,276,269
339,341,340
