# South Africa region 0
353 351
# Outer Vertices
29.370529,-22.191380
29.450821,-22.163340
29.767490,-22.136110
30.133051,-22.300560
30.231100,-22.292231
30.294991,-22.343340
30.866940,-22.296120
31.155830,-22.321671
31.297630,-22.416140
31.561661,-23.186670
31.550831,-23.476669
31.683599,-23.613621
31.769711,-23.856390
31.876381,-23.927500
31.885830,-24.171120
32.016102,-24.459450
32.018589,-25.035000
31.988319,-25.518061
32.019981,-25.650280
31.919439,-25.814171
31.967739,-25.958179
31.878050,-25.995560
31.421659,-25.728340
31.320551,-25.755280
31.128330,-25.913891
31.063881,-26.091391
30.802219,-26.462219
30.803600,-26.702499
30.818880,-26.810560
30.899441,-26.771950
30.983049,-27.029449
31.161659,-27.203051
31.517490,-27.313061
31.983601,-27.316669
31.958599,-27.112780
32.006939,-26.808620
32.134220,-26.840570
32.333050,-26.860279
32.893089,-26.846439
32.826382,-27.143339
32.643318,-27.635559
32.545269,-28.184170
32.460541,-28.313061
32.424160,-28.440840
32.371658,-28.556120
32.086651,-28.798340
31.992491,-28.794170
31.995831,-28.820280
32.032490,-28.823339
32.068878,-28.817780
31.996660,-28.878340
31.842489,-28.940559
31.767490,-28.927780
31.589720,-29.129730
31.245831,-29.491671
31.042770,-29.830280
31.055550,-29.868900
31.012489,-29.868059
31.002769,-29.903620
31.066259,-29.882099
30.861111,-30.089729
30.602770,-30.530279
30.307501,-30.943060
29.979160,-31.318609
29.765829,-31.444450
29.624720,-31.584169
29.402491,-31.688620
29.397221,-31.731951
29.053881,-32.101398
28.779160,-32.341961
28.537769,-32.574181
28.121660,-32.817509
28.091660,-32.886681
27.910549,-33.015560
27.466660,-33.295570
26.996380,-33.569180
26.448050,-33.774448
26.210270,-33.740292
25.956100,-33.711948
25.719990,-33.770000
25.628599,-33.851398
25.617491,-33.942219
25.705400,-34.026588
25.620001,-34.047791
25.236660,-33.973621
25.060551,-33.962509
24.920271,-34.002789
24.836941,-34.154461
24.833050,-34.205830
24.553600,-34.172779
23.925550,-34.029171
23.539160,-33.991951
23.372770,-34.044460
23.365829,-34.092781
23.406111,-34.111389
23.060829,-34.082512
23.038879,-34.042229
23.041660,-34.090000
22.812771,-34.048061
22.783331,-34.011120
22.806660,-33.996399
22.728609,-33.982792
22.769991,-34.035561
22.565830,-33.995831
22.471100,-34.056950
22.295271,-34.053902
22.138880,-34.100559
22.111660,-34.160839
22.149160,-34.177509
21.945551,-34.228352
21.892490,-34.341961
21.722219,-34.397511
21.528330,-34.352509
21.287220,-34.433338
21.062771,-34.363892
20.889441,-34.370289
20.850269,-34.412510
20.864719,-34.454182
20.838881,-34.465290
20.662220,-34.440842
20.460270,-34.482220
20.387489,-34.559460
20.173330,-34.680000
20.054991,-34.752499
20.052219,-34.807789
19.965000,-34.814999
19.857780,-34.752499
19.761379,-34.759731
19.322220,-34.593342
19.357500,-34.500278
19.281940,-34.409729
19.191380,-34.423889
19.083330,-34.360840
19.123880,-34.343060
19.131660,-34.297501
19.083330,-34.346390
19.038879,-34.343899
18.843880,-34.385571
18.803881,-34.355572
18.845270,-34.244999
18.815269,-34.184170
18.855270,-34.156109
18.813330,-34.096951
18.759991,-34.078899
18.601940,-34.073620
18.488050,-34.097790
18.440269,-34.146671
18.471939,-34.256680
18.490299,-34.348518
18.309719,-34.149170
18.372770,-33.920849
18.482500,-33.894730
18.487221,-33.847778
18.294720,-33.466129
18.148050,-33.356121
18.115549,-33.258339
17.967220,-33.134731
17.966110,-33.098068
18.013330,-33.116402
18.119720,-33.204441
18.127769,-33.177231
18.037220,-33.101952
18.037769,-33.037220
17.996941,-33.002510
17.957769,-33.005291
17.913879,-33.048061
17.893049,-33.031120
17.845270,-32.820290
17.900280,-32.793072
17.902491,-32.733349
17.974159,-32.699459
18.064989,-32.781120
18.131941,-32.778061
18.292219,-32.624458
18.333611,-32.491119
18.341660,-32.241402
18.214720,-31.727230
18.083879,-31.559450
17.853331,-31.253059
17.565269,-30.835831
17.314989,-30.402781
17.165550,-30.016951
16.999439,-29.515011
16.883610,-29.301670
16.815269,-29.085011
16.753611,-29.041950
16.725550,-28.980280
16.603880,-28.866671
16.568331,-28.723900
16.469721,-28.630280
16.483021,-28.580339
16.678049,-28.460560
16.727770,-28.496111
16.803329,-28.364450
16.778879,-28.324730
16.773609,-28.259451
16.824440,-28.261120
16.807220,-28.218330
16.851660,-28.212219
16.838610,-28.168610
16.882771,-28.176950
16.881660,-28.139721
16.917490,-28.063890
17.094990,-28.036390
17.194160,-28.121389
17.184160,-28.202499
17.221661,-28.244720
17.261379,-28.236940
17.348881,-28.236670
17.399160,-28.347780
17.388050,-28.423050
17.321939,-28.467779
17.359989,-28.516399
17.409439,-28.716391
17.595270,-28.693340
17.604441,-28.756950
17.655550,-28.775841
17.708599,-28.751671
18.183599,-28.908890
18.639990,-28.846951
18.957769,-28.868059
19.009439,-28.932220
19.129440,-28.960831
19.294991,-28.893610
19.239161,-28.798889
19.274160,-28.731951
19.466379,-28.699720
19.569441,-28.526390
19.997250,-28.426359
19.998600,-27.471951
20.000271,-26.119450
20.001410,-24.763630
20.174990,-24.892229
20.389990,-25.036949
20.555550,-25.379999
20.673321,-25.459160
20.631941,-25.518890
20.687771,-25.578890
20.679710,-25.679449
20.756660,-25.781950
20.860821,-26.133610
20.693331,-26.386120
20.611380,-26.449169
20.636940,-26.812780
20.692341,-26.894680
20.897209,-26.794729
21.144159,-26.866671
21.348600,-26.827499
21.523609,-26.853340
21.693050,-26.853050
21.778610,-26.770840
21.759991,-26.691950
21.791380,-26.671671
21.898880,-26.668329
22.067209,-26.614731
22.179440,-26.427780
22.461941,-26.215000
22.712770,-25.999161
22.722490,-25.937229
22.769159,-25.823059
22.730270,-25.788891
22.818880,-25.668060
22.813049,-25.563890
22.926380,-25.383890
23.104710,-25.300280
23.458321,-25.278339
23.496380,-25.333891
23.734440,-25.462219
23.844160,-25.574169
24.007219,-25.622511
24.000271,-25.658890
24.150270,-25.621670
24.266109,-25.696671
24.393330,-25.762779
24.446100,-25.735559
24.504440,-25.763060
24.807770,-25.830839
25.036940,-25.728609
25.152210,-25.762220
25.386379,-25.746389
25.587090,-25.621040
25.832211,-25.028061
25.865950,-24.738661
26.359989,-24.618891
26.402880,-24.630440
26.464710,-24.580561
26.554991,-24.436939
26.845270,-24.264450
26.959431,-23.753620
26.999161,-23.648609
27.032490,-23.654720
27.067209,-23.660830
27.102770,-23.576670
27.395821,-23.390841
27.520550,-23.383610
27.572769,-23.289450
27.601379,-23.220280
27.736931,-23.230000
27.786110,-23.165279
27.817490,-23.109171
27.928329,-23.058060
27.938601,-22.955561
28.024441,-22.924450
28.052219,-22.881390
28.042770,-22.841110
28.149160,-22.780001
28.184160,-22.684731
28.439711,-22.573620
28.634439,-22.563339
28.917770,-22.458340
28.965820,-22.386391
28.960550,-22.313339
29.087490,-22.224171
29.370529,-22.191380
27.014721,-29.641729
27.349991,-29.481951
27.456659,-29.291109
27.731380,-28.941111
27.879990,-28.912500
27.929991,-28.853340
27.980551,-28.883060
28.146379,-28.723049
28.651100,-28.569450
28.700411,-28.613670
28.976101,-28.887220
29.073879,-28.966669
29.333050,-29.092501
29.455549,-29.353340
29.418051,-29.433331
29.357220,-29.450560
29.293329,-29.504999
29.312210,-29.576111
29.166929,-29.672501
29.124710,-29.832230
29.157490,-29.851669
29.161100,-29.921120
28.785271,-30.103609
28.544720,-30.114450
28.241659,-30.263060
28.217489,-30.301121
28.257500,-30.326670
28.144711,-30.454170
28.159990,-30.498329
28.091940,-30.603340
28.097771,-30.658890
27.738041,-30.597780
27.690830,-30.548611
27.564131,-30.403410
27.459709,-30.311951
27.380989,-30.316010
27.395269,-30.128330
27.328051,-30.139450
27.014721,-29.641729
# Triangles
150,149,146
145,150,146
147,146,149
152,151,144
150,145,151
149,148,147
155,159,156
160,159,155
153,152,142
160,155,154
153,160,154
137,136,139
139,136,141
137,139,138
144,143,152
145,144,151
141,140,139
134,142,141
143,142,152
153,142,173
134,174,142
166,165,164
166,164,167
167,164,168
168,170,169
171,170,168
171,168,163
164,163,168
157,156,158
163,172,171
160,162,161
172,162,160
163,162,172
156,159,158
222,178,177
173,160,153
115,175,174
172,160,173
106,176,175
142,174,173
176,222,177
141,136,134
127,126,129
125,124,123
125,123,126
126,123,122
133,132,131
130,134,131
127,129,128
129,126,122
130,129,120
120,129,122
121,120,122
116,119,118
116,118,117
119,115,174
120,119,174
116,115,119
112,111,109
113,112,114
175,114,106
130,120,134
106,114,112
109,106,112
134,133,131
175,115,114
109,111,110
135,134,136
108,107,109
107,106,109
105,104,103
106,105,228
106,223,176
120,174,134
96,98,97
95,94,93
92,95,93
102,101,103
91,100,96
99,98,100
92,96,95
101,100,91
98,96,100
103,101,228
96,92,91
228,105,103
101,91,228
213,184,183
218,182,181
218,181,180
213,183,182
189,188,190
187,186,192
186,185,184
188,187,192
192,190,188
213,186,184
218,216,182
218,179,221
218,221,219
222,221,179
178,222,179
219,221,220
213,215,214
213,182,215
213,192,186
218,217,216
216,215,182
180,179,218
192,191,190
194,193,196
205,198,196
192,211,193
195,194,196
205,200,198
201,200,202
200,199,198
196,198,197
196,193,205
207,206,211
205,193,206
210,209,211
193,211,206
207,211,209
200,203,202
200,205,203
203,205,204
208,207,209
192,213,211
213,212,211
225,224,223
226,223,228
227,226,228
226,225,223
230,229,243
244,229,228
230,243,242
244,243,229
228,246,244
242,241,230
176,223,222
246,245,244
248,247,246
248,246,228
228,249,248
251,250,252
252,250,253
254,253,250
255,254,256
250,249,254
249,228,91
106,228,223
236,230,238
238,230,239
230,241,239
240,239,241
236,238,237
231,230,232
233,232,234
234,236,235
232,230,234
230,236,234
256,254,273
259,258,257
260,259,261
261,259,267
262,261,263
263,261,264
264,266,265
266,264,261
266,261,267
273,257,256
314,254,249
257,268,259
86,90,89
86,89,87
88,87,89
314,91,90
85,90,86
90,85,314
84,81,80
85,84,79
83,81,84
80,79,84
81,83,82
77,76,75
78,77,75
349,79,78
74,349,75
73,345,74
73,71,345
72,71,73
75,349,78
314,85,79
344,71,70
348,349,347
346,347,349
345,346,349
349,74,345
351,314,349
314,315,316
314,316,279
351,349,350
279,316,317
349,314,79
343,344,342
341,342,340
336,340,342
336,342,344
319,320,321
318,319,317
338,339,340
319,321,317
337,338,340
345,71,344
317,321,280
69,344,70
254,314,276
68,66,344
68,344,69
68,67,66
336,344,66
340,336,337
333,334,332
331,332,334
61,331,335
331,334,335
335,336,64
64,336,66
335,64,63
61,335,62
335,63,62
328,331,61
60,58,57
58,60,59
61,60,328
56,55,57
60,57,327
65,64,66
327,57,55
330,331,329
60,327,328
329,331,328
327,54,326
54,327,55
30,323,324
323,28,322
326,30,324
53,326,54
326,324,325
326,53,31
46,52,51
47,50,48
50,47,51
48,50,49
46,51,47
46,45,44
43,42,46
43,46,44
52,46,32
52,31,53
46,42,32
321,322,284
274,273,275
276,275,273
277,276,278
276,273,254
267,259,268
268,257,270
269,268,270
271,270,272
270,273,272
257,273,270
279,278,276
281,280,284
282,281,283
317,280,279
284,283,281
285,284,322
287,286,285
288,287,291
285,322,287
26,294,287
314,279,276
290,289,288
291,293,292
293,291,294
290,288,291
295,294,297
296,295,297
298,297,300
299,298,300
294,26,297
291,287,294
301,300,302
303,302,305
304,303,305
300,308,302
305,307,306
307,305,308
308,305,302
308,24,309
24,308,300
300,297,24
321,284,280
29,28,30
28,323,30
31,52,32
28,27,322
24,297,26
26,25,24
24,23,10
10,309,24
322,26,287
37,34,33
33,40,37
41,40,33
32,42,33
39,37,40
21,20,19
37,36,34
38,37,39
35,34,36
31,30,326
22,21,19
309,313,310
3,309,5
8,6,9
5,9,6
3,5,4
313,309,3
7,6,8
312,310,313
313,3,1
1,3,2
310,312,311
22,17,16
22,19,17
16,15,23
19,18,17
15,14,23
11,10,12
9,5,10
12,14,13
10,23,12
14,12,23
5,309,10
22,16,23
26,322,27
41,33,42
91,314,249
