# India region 3
1250 1247
# Outer Vertices
77.831413,35.480751
77.940247,35.501659
77.972473,35.574162
78.136917,35.543320
78.201920,35.639149
78.569977,35.791370
78.700531,35.881931
78.809402,35.925819
78.934402,35.892490
79.343307,35.986099
79.432739,35.963322
79.457199,35.928871
79.440247,35.878868
79.473862,35.854988
79.586906,35.867760
79.665802,35.801651
79.634407,35.759159
79.693573,35.650822
79.866913,35.568321
79.919128,35.617489
79.964142,35.595821
80.021912,35.437481
80.070534,35.406090
80.136093,35.445820
80.201637,35.558880
80.238022,35.557758
80.297737,35.503319
80.349411,35.522758
80.387192,35.506378
80.386642,35.425259
80.283859,35.325260
80.292191,35.193600
80.190804,35.086929
80.201637,34.893879
80.088303,34.736099
80.045242,34.658871
79.887482,34.662762
79.843857,34.574429
79.761642,34.552761
79.722748,34.519711
79.760529,34.468590
79.754150,34.442760
79.683578,34.411652
79.545517,34.432758
79.531647,34.410542
79.572197,34.199421
79.511642,34.190262
79.522202,34.113880
79.413300,34.016930
79.027191,34.015541
78.908859,33.970261
78.907471,33.936649
79.019417,33.754429
79.031357,33.626091
78.918030,33.633598
78.910797,33.608040
78.937408,33.408649
78.992188,33.318600
79.079422,33.287209
79.103577,33.219711
79.364693,33.189701
79.406357,33.161659
79.354141,32.983318
79.418297,32.905819
79.461090,32.858879
79.463593,32.803040
79.527161,32.749920
79.516373,32.676941
79.374130,32.546940
79.306923,32.494431
79.253593,32.515549
79.147476,32.484711
79.099136,32.376369
78.923859,32.366100
78.780258,32.478870
78.772202,32.622761
78.743027,32.639431
78.595520,32.570541
78.420517,32.566101
78.395813,32.543880
78.483307,32.300541
78.474983,32.236099
78.544693,32.209431
78.680527,32.035271
78.769417,31.958879
78.693298,31.785271
78.742462,31.684990
78.841080,31.615829
78.781647,31.555269
78.726357,31.531670
78.724983,31.480820
78.782753,31.457500
78.764687,31.315830
78.818314,31.286659
78.893860,31.298889
78.941910,31.359989
78.998581,31.325550
79.018593,31.411381
79.086906,31.439159
79.217468,31.340830
79.240250,31.244160
79.590263,30.941380
79.748863,30.989710
79.909698,30.916660
80.084137,30.791941
80.235519,30.747490
80.256363,30.729710
80.187469,30.675819
80.227753,30.621941
80.203583,30.564989
80.321907,30.564720
80.538857,30.464439
80.601357,30.476379
81.027397,30.204700
80.936363,30.181379
80.904137,30.216930
80.858582,30.174709
80.875519,30.143049
80.479973,29.796659
80.420242,29.789160
80.374130,29.744160
80.409973,29.606380
80.241348,29.439989
80.275803,29.322491
80.306923,29.310551
80.287750,29.205549
80.239960,29.214710
80.259140,29.149441
80.149696,29.112490
80.124680,28.984159
80.062180,28.936380
80.055801,28.836109
80.313019,28.697210
80.357742,28.629440
80.440247,28.628880
80.508591,28.566940
80.505539,28.658331
80.569977,28.684719
80.831093,28.505270
80.910522,28.457220
81.188858,28.369160
81.319977,28.129999
81.388313,28.174440
81.470253,28.123600
81.476067,28.083330
81.880249,27.857220
81.999687,27.922211
82.170807,27.857220
82.424133,27.679440
82.701080,27.711109
82.764420,27.505270
83.176361,27.448879
83.275803,27.343330
83.330544,27.337490
83.389969,27.396660
83.386368,27.472771
83.607742,27.469160
83.858307,27.352221
83.878304,27.368610
83.832748,27.427490
83.923683,27.452971
84.040253,27.444710
84.098862,27.516109
84.192459,27.476379
84.297737,27.388330
84.594971,27.341940
84.679138,27.235270
84.681084,27.140829
84.644127,27.056660
84.750259,27.007500
84.933296,26.967489
85.036362,26.850550
85.167191,26.870831
85.194412,26.854441
85.186630,26.794991
85.211639,26.766939
85.334412,26.735821
85.623291,26.866940
85.726067,26.801661
85.728577,26.673050
85.807190,26.602489
85.855530,26.570271
86.029419,26.663050
86.206627,26.585550
86.325813,26.614161
86.725800,26.421379
86.948517,26.532650
86.994423,26.528879
87.053848,26.587219
87.133591,26.413330
87.328033,26.347771
87.390533,26.414709
87.476913,26.435551
87.593033,26.379440
87.921913,26.448601
88.003311,26.367210
88.089417,26.431110
88.192734,26.731380
88.149139,26.920271
87.996918,27.102489
88.013031,27.212210
88.066650,27.436939
88.045807,27.485270
88.195801,27.841379
88.142357,27.868090
88.120506,27.904720
88.136093,27.949160
88.534126,28.029160
88.611633,28.113050
88.827187,28.016380
88.881348,27.842489
88.779694,27.489990
88.783310,27.438049
88.917877,27.321039
88.901367,27.282221
88.806351,27.253050
88.750549,27.147270
88.843307,27.108601
88.867737,27.080549
88.873016,26.954990
88.921631,26.987770
89.110237,26.829161
89.220810,26.814720
89.360786,26.859989
89.636093,26.771111
89.618301,26.726940
89.841919,26.701380
89.989960,26.735830
90.143044,26.753330
90.344131,26.894159
90.392197,26.903601
90.682457,26.774170
91.307457,26.778049
91.371353,26.800831
91.418854,26.873329
91.492188,26.874720
91.542191,26.804440
91.712479,26.799999
91.835800,26.863331
91.916924,26.854160
91.915253,26.893881
91.997192,26.851940
92.069977,26.861940
92.112183,26.920271
92.083313,27.022770
92.015533,27.080830
92.015259,27.168051
92.114410,27.285830
92.007751,27.471939
91.775253,27.416100
91.765533,27.456940
91.631348,27.536381
91.598022,27.624990
91.600800,27.666660
91.659554,27.765110
91.970520,27.728050
92.253860,27.815830
92.256638,27.871380
92.279137,27.863331
92.306084,27.798330
92.335251,27.798050
92.358307,27.844440
92.379410,27.804710
92.699402,27.955549
92.729141,28.036381
92.662193,28.063049
92.680252,28.117769
92.802460,28.201660
92.823868,28.178049
93.118027,28.371941
93.169418,28.448879
93.225517,28.628330
93.558006,28.683599
93.738022,28.696939
94.049133,28.864441
94.034409,28.969990
94.133591,28.967770
94.285248,29.144159
94.596077,29.284990
94.631866,29.327530
94.733582,29.280550
94.800522,29.167490
94.947189,29.158609
95.223587,29.100550
95.345253,29.044720
95.439133,29.041380
95.479424,29.076099
95.496078,29.140829
95.543030,29.134720
95.579147,29.244431
96.063858,29.465549
96.166924,29.369711
96.231079,29.257500
96.289413,29.241381
96.362473,29.290550
96.395248,29.255270
96.353027,29.183050
96.122742,29.083050
96.182190,28.995270
96.148590,28.943331
96.172737,28.899719
96.250259,28.940830
96.343857,29.032499
96.504700,29.069990
96.533859,28.896379
96.611633,28.801109
96.616364,28.757771
96.496628,28.692221
96.434692,28.593889
96.345253,28.556940
96.368301,28.485830
96.264687,28.415270
96.401917,28.351101
96.590530,28.467211
96.740799,28.426380
96.779137,28.375549
96.998863,28.332220
97.105797,28.381390
97.233582,28.317770
97.298309,28.240271
97.349548,28.222670
97.316071,28.089161
97.394127,28.018610
97.367737,27.896660
97.317200,27.878330
97.299133,27.916660
97.249397,27.907490
96.895523,27.564989
96.957199,27.384159
97.158859,27.138611
97.144417,27.092489
96.991913,27.134720
96.888313,27.178049
96.861359,27.210270
96.884140,27.254721
96.763603,27.355829
96.609970,27.366940
96.524139,27.294161
96.194122,27.270830
96.035797,27.192490
95.919128,27.035549
95.773857,26.972210
95.717743,26.891380
95.658020,26.895281
95.610786,26.821381
95.519417,26.823050
95.449692,26.715549
95.271088,26.644720
95.253593,26.679440
95.148323,26.620001
95.068314,26.348600
95.081650,26.228050
95.177460,26.070829
95.134979,26.001940
95.020714,25.928280
95.039139,25.751110
94.878571,25.591101
94.634979,25.409719
94.577469,25.245270
94.588867,25.189989
94.728577,25.136379
94.735519,25.030279
94.597748,24.725269
94.538567,24.708891
94.508591,24.611380
94.389137,24.480000
94.359131,24.371660
94.279968,24.228609
94.153580,23.859720
94.128304,23.843611
94.036636,23.917770
93.635803,24.016939
93.529137,23.964161
93.477188,23.967489
93.405807,24.076389
93.364143,24.091110
93.336639,24.073601
93.328033,23.981661
93.384407,23.921379
93.397751,23.783051
93.404419,23.475550
93.350250,23.073330
93.293579,23.008881
93.238861,23.008890
93.206627,23.057220
93.147202,23.053881
93.124969,23.014441
93.144127,22.901100
93.098587,22.789440
93.119957,22.527220
93.182739,22.427771
93.191071,22.248329
93.142471,22.236931
93.163452,22.191540
93.058006,22.210270
93.040527,22.158880
93.006088,22.003880
92.984703,21.991381
92.950256,22.029160
92.901077,21.953600
92.812737,22.096380
92.718582,22.159710
92.697456,22.152220
92.682190,22.031380
92.601303,21.982170
92.562469,22.138050
92.604424,22.151661
92.514687,22.721939
92.468582,22.761669
92.459702,22.853319
92.394417,22.917770
92.348587,23.223610
92.383591,23.284719
92.311897,23.526381
92.288857,23.696110
92.252197,23.722490
92.227188,23.659710
92.206917,23.654440
92.174408,23.736280
92.030533,23.645269
92.004967,23.678329
91.945801,23.722771
91.967468,23.512770
91.952469,23.479990
91.844971,23.410271
91.767197,23.256660
91.795242,23.194990
91.809967,23.074440
91.613586,22.943050
91.546631,23.003050
91.500259,23.147490
91.426071,23.261940
91.392754,23.263330
91.377457,23.206940
91.403580,23.074440
91.339973,23.104990
91.282204,23.373329
91.159126,23.653049
91.273857,23.974440
91.361076,23.995270
91.376068,24.033880
91.370796,24.097771
91.404694,24.110550
91.482193,24.090549
91.631638,24.113050
91.657204,24.224159
91.714691,24.148880
91.755249,24.158331
91.757751,24.239161
91.789139,24.228050
91.846359,24.181379
91.899979,24.156940
91.932457,24.275551
91.917740,24.326660
91.946617,24.349440
91.997742,24.326111
91.974693,24.378880
92.098022,24.378880
92.135246,24.414160
92.248581,24.742491
92.248016,24.896379
92.281647,24.907221
92.389420,24.857771
92.496613,24.889931
92.402191,25.033331
92.093582,25.177490
92.003036,25.181931
91.475800,25.139429
91.257751,25.207769
90.821640,25.149719
90.776077,25.176100
90.412483,25.148880
90.327759,25.184990
89.837753,25.296101
89.814407,25.373880
89.863297,25.647490
89.820251,25.737490
89.826553,25.767401
89.853439,25.894751
89.863297,25.941380
89.861649,25.943859
89.853638,25.955959
89.673576,26.228331
89.629959,26.223330
89.589142,26.153601
89.636368,26.070829
89.553017,25.962210
89.512756,26.003599
89.432739,25.998329
89.149406,26.141939
89.074692,26.384991
88.953857,26.446110
88.918030,26.367769
88.994690,26.335550
89.055237,26.242491
89.007980,26.230169
88.927750,26.279440
88.883591,26.278330
88.849411,26.231661
88.763603,26.299999
88.699402,26.269440
88.671631,26.289440
88.741348,26.323601
88.694122,26.391939
88.429138,26.555000
88.419418,26.596380
88.401077,26.625271
88.334702,26.486660
88.353577,26.451660
88.378021,26.489429
88.494690,26.450001
88.522476,26.355829
88.457474,26.369160
88.373863,26.303049
88.179688,26.143330
88.183296,26.033890
88.131073,25.989161
88.105240,25.869160
88.158310,25.778330
88.257477,25.815001
88.287483,25.794161
88.521088,25.531940
88.701080,25.468050
88.772476,25.516390
88.841080,25.454161
88.821640,25.401661
88.882462,25.326380
89.005814,25.305269
89.006363,25.278049
88.944687,25.196939
88.558853,25.183050
88.450813,25.187771
88.438019,25.023050
88.332199,24.867491
88.215263,24.948879
88.135246,24.918320
88.163300,24.881941
88.043297,24.684160
88.074783,24.640520
88.125519,24.508610
88.554688,24.309441
88.691071,24.316660
88.737473,24.250830
88.743851,24.187490
88.708313,24.171379
88.707748,24.108049
88.727188,24.053600
88.733032,23.915831
88.614143,23.872490
88.598022,23.847210
88.568039,23.641109
88.789963,23.460270
88.711357,23.308611
88.733856,23.243330
88.847198,23.242769
88.986633,23.195829
88.868851,23.082769
88.864693,22.960831
88.973297,22.833330
88.942497,22.634090
88.951080,22.555830
88.997742,22.465549
89.007202,22.276381
89.096359,22.148609
89.064438,22.117109
89.059837,22.098761
89.064148,21.941669
89.036636,21.918329
88.994980,21.904720
88.911926,21.978050
88.914978,21.933611
89.016373,21.865829
89.090263,21.633329
89.063583,21.609440
88.987473,21.607491
88.876083,21.674999
88.867477,21.753880
88.856087,21.755831
88.855530,21.632771
88.828033,21.615829
88.775818,21.648890
88.794983,21.591660
88.772476,21.553049
88.706093,21.571939
88.695534,21.776939
88.763313,22.011379
88.709137,22.071939
88.757202,22.128050
88.683296,22.077770
88.727478,22.015829
88.677750,21.931110
88.625809,21.955271
88.637756,22.096661
88.684418,22.190830
88.661087,22.200550
88.633034,22.141661
88.625526,22.036940
88.571640,21.874720
88.566650,21.763611
88.608582,21.780550
88.628860,21.743050
88.597473,21.660830
88.541924,21.529160
88.498032,21.520550
88.483032,21.556940
88.537483,21.813890
88.496094,21.950270
88.496094,21.802219
88.465530,21.794161
88.473312,21.661381
88.441360,21.605551
88.384140,21.596380
88.378593,21.681110
88.336639,21.609171
88.305817,21.607491
88.298309,21.766109
88.256638,21.791660
88.303864,21.561661
88.254150,21.548611
88.204147,21.606110
88.205811,21.801390
88.154984,21.874720
88.144974,21.970551
88.208588,22.047220
88.215263,22.094721
88.169983,22.183331
88.080261,22.208611
88.079514,22.235229
88.033577,22.218889
87.987473,22.259159
87.944702,22.386379
87.904419,22.419170
87.936653,22.317209
87.999977,22.204990
88.141922,22.172220
88.175537,22.116381
88.157204,22.081110
88.044693,22.015829
88.044418,21.969440
87.960533,21.828609
87.689697,21.650829
87.112198,21.508329
86.945251,21.358330
86.833313,21.184441
86.836639,21.099440
86.912483,20.923050
86.961906,20.781111
86.878311,20.773880
86.891373,20.759439
86.985527,20.752781
86.998032,20.710550
86.940811,20.696390
87.026093,20.674440
86.886917,20.593050
86.726357,20.452221
86.723038,20.367491
86.771927,20.401110
86.796921,20.378330
86.483582,20.172489
86.477478,20.096939
86.402206,19.996941
86.179703,20.085831
86.316650,19.980270
86.390533,19.965269
86.263870,19.907221
85.968307,19.822220
85.446091,19.661381
85.424423,19.699711
85.572197,19.741659
85.563309,19.877220
85.452187,19.901100
85.248871,19.763880
85.099983,19.521940
85.132477,19.473330
85.205544,19.516939
85.191933,19.576380
85.387192,19.685270
85.410248,19.654440
85.380249,19.611111
85.310806,19.610270
85.316093,19.566380
85.440536,19.626659
85.014137,19.334160
84.786087,19.114441
84.732483,19.144440
84.727203,19.092489
84.538589,18.770269
84.241638,18.496111
84.278587,18.496380
84.124268,18.333321
84.106369,18.292219
83.775818,18.142771
83.530807,17.947491
83.403313,17.789709
83.294983,17.686939
83.236923,17.711660
83.296921,17.665550
83.262756,17.641380
83.236649,17.596380
82.772202,17.369720
82.364433,17.100830
82.269417,16.960270
82.258591,16.876940
82.344208,16.837151
82.363586,16.921101
82.311653,16.604441
82.202477,16.512211
81.726639,16.310829
81.538857,16.373051
81.523323,16.347771
81.405807,16.383329
81.249420,16.318600
81.175262,16.081100
80.997757,15.835280
81.019974,15.784440
81.001373,15.776660
80.897751,15.863330
80.912201,15.932220
80.889137,16.023331
80.897476,15.911110
80.809143,15.716110
80.807480,15.840550
80.765808,15.883050
80.554138,15.876940
80.289703,15.709720
80.090813,15.309160
80.048859,15.048890
80.091637,14.815830
80.182213,14.596390
80.146957,14.561840
80.198303,14.564720
80.137192,14.256390
80.106087,14.257220
80.043030,14.191390
80.128860,14.236660
80.129150,14.133050
80.247482,13.808890
80.230797,13.660830
80.315811,13.453890
80.245247,13.583050
80.143311,13.723330
80.148323,13.645280
80.125526,13.617500
80.092484,13.690280
80.049423,13.617770
80.084427,13.548330
80.298027,13.427500
80.349701,13.334170
80.305252,13.134440
80.263031,12.867770
80.165253,12.513330
80.006088,12.230270
79.863861,12.023890
79.762192,11.638610
79.784698,11.425550
79.819427,11.428610
79.816650,11.367220
79.766647,11.383890
79.696091,11.318610
79.695824,11.298610
79.770248,11.361390
79.831093,11.345000
79.844971,10.831390
79.858307,10.305270
79.786926,10.267220
79.763603,10.258330
79.603027,10.294440
79.383034,10.314440
79.267197,10.224720
79.236076,10.151940
79.277763,10.031110
79.035248,9.744164
78.909973,9.468052
78.980797,9.359163
79.097748,9.287497
79.229980,9.282497
79.306923,9.316109
79.345261,9.309443
79.336357,9.254997
79.430252,9.181664
79.440811,9.148331
79.319427,9.236664
78.964706,9.273052
78.662201,9.176664
78.656372,9.147776
78.537201,9.128885
78.383873,9.081663
78.192467,8.904163
78.163589,8.754164
78.198029,8.759996
78.111481,8.655239
78.142761,8.572220
78.114433,8.462219
77.869980,8.254997
77.587196,8.134720
77.540817,8.069719
77.303040,8.123331
76.967484,8.396664
76.815536,8.588886
76.551651,8.894442
76.569427,8.922497
76.577187,8.946663
76.662750,8.974720
76.639420,9.003885
76.526917,8.938887
76.454697,9.122498
76.481918,9.166386
76.416092,9.234163
76.307747,9.496943
76.295700,9.658085
76.238312,9.952774
76.252472,9.964720
76.292213,9.913885
76.263313,9.873886
76.314423,9.874720
76.336906,9.719164
76.340530,9.816942
76.366364,9.698887
76.394974,9.675276
76.350250,9.539997
76.384979,9.506386
76.469971,9.495275
76.499153,9.528608
76.411926,9.561941
76.415657,9.666084
76.384140,9.860275
76.325531,9.934719
76.243874,10.078610
76.223587,10.010830
76.179703,10.174160
76.234154,10.199440
76.229980,10.233050
76.206650,10.203050
75.976357,10.640830
75.884979,10.919720
75.699142,11.398330
75.610527,11.476390
75.528587,11.700280
75.352478,11.858060
75.301933,11.936940
75.380249,11.938610
75.333588,11.946660
75.283859,11.982500
75.296371,12.010550
75.192467,12.007780
75.153870,12.142500
74.942749,12.563050
74.842758,12.845550
74.810257,12.864720
74.713867,13.311670
74.663857,13.631940
74.703873,13.655550
74.692200,13.693050
74.654984,13.665280
74.617203,13.836660
74.510803,13.986940
74.429703,14.256940
74.508759,14.243430
74.409416,14.294440
74.353317,14.525270
74.400818,14.462770
74.363312,14.549720
74.333588,14.515550
74.304138,14.517770
74.294983,14.560550
74.264687,14.622220
74.270813,14.682770
74.223312,14.737780
74.194138,14.714440
74.088593,14.803610
74.203583,14.867500
74.113037,14.846110
74.079147,14.891940
74.032204,14.982770
73.914703,15.082780
73.960823,15.154720
73.880539,15.359720
73.806923,15.375830
73.793030,15.407220
73.939148,15.389720
73.789978,15.459720
73.864700,15.514160
73.771637,15.487500
73.736076,15.581390
73.716370,15.619720
73.633591,15.823890
73.524696,15.951380
73.461639,16.075550
73.450531,16.160549
73.447746,16.108879
73.398590,16.276381
73.301651,16.522499
73.323593,16.550831
73.308594,16.603050
73.376373,16.601101
73.277206,16.838051
73.229424,17.222771
73.127762,17.566099
73.199142,17.586380
73.131363,17.605829
73.061371,17.875549
72.951103,18.216110
72.938026,18.279440
73.056641,18.221380
73.061920,18.181391
73.069138,18.246111
72.967194,18.301661
72.889420,18.434160
72.913040,18.529720
72.945251,18.524830
72.968307,18.491940
73.014977,18.471661
72.908577,18.563049
72.850540,18.743050
72.928589,18.821939
72.971649,18.774160
72.992752,18.729441
73.011093,18.817209
72.920258,18.857491
72.901917,18.911659
73.034416,18.994160
72.968582,19.084999
72.810532,18.893881
72.769974,18.943050
72.806641,19.000271
72.810532,19.145550
72.824982,19.255550
72.766373,19.233601
72.786636,19.312771
72.973862,19.288601
73.016083,19.205830
73.046539,19.217039
72.985527,19.296379
72.785812,19.335270
72.743591,19.476101
72.878311,19.532490
72.785538,19.527769
72.766083,19.567490
72.730797,19.573050
72.688309,19.721100
72.731644,19.705549
72.729980,19.786940
72.675262,19.746111
72.648033,19.841110
72.753593,20.294991
72.856369,20.472219
72.885529,20.620831
72.942467,20.768600
72.889137,20.795549
72.893044,20.873051
72.834427,20.834160
72.891083,20.978880
72.779694,21.001940
72.777763,21.040831
72.845543,21.033331
72.853027,21.067770
72.803589,21.128599
72.751083,21.111380
72.715530,21.158880
72.673859,21.148331
72.667480,21.091940
72.611649,21.108879
72.728317,21.206100
72.607483,21.258051
72.593872,21.323879
72.564972,21.366940
72.576637,21.388330
72.751923,21.455271
72.715263,21.474991
72.612762,21.422220
72.619713,21.483601
72.818588,21.635000
72.904419,21.644991
73.105797,21.750549
72.541641,21.663879
72.524406,21.683880
72.567467,21.848049
72.719421,21.982771
72.540527,21.908331
72.523857,21.929159
72.521362,22.090830
72.575531,22.195271
72.625259,22.208879
72.696091,22.176941
72.824142,22.241100
72.895813,22.211380
72.923027,22.228609
72.907471,22.278610
72.753036,22.233330
72.660248,22.270269
72.398857,22.245001
72.382202,22.272221
72.403313,22.329720
72.379700,22.363050
72.302750,22.252769
72.260803,22.301109
72.151917,22.273050
72.184982,22.247770
72.238312,22.283331
72.239967,22.234989
72.304703,22.225269
72.324982,22.146379
72.288857,22.044161
72.125526,21.972771
72.058594,21.949440
72.043587,21.928329
72.155807,21.924721
72.161926,21.835270
72.084976,21.864719
72.093033,21.828609
71.995529,21.852489
71.997192,21.786940
72.172470,21.785830
72.304428,21.630831
72.242477,21.465269
72.103317,21.304440
72.110527,21.201941
72.079697,21.183880
71.928528,21.126560
71.573593,20.953329
71.181923,20.779989
70.840813,20.698879
70.332474,20.924440
70.010246,21.194441
69.691933,21.552771
69.360527,21.847219
69.303040,21.893330
68.962753,22.247780
68.944427,22.328329
69.013870,22.450550
69.078583,22.473610
69.049973,22.430550
69.070534,22.396940
69.166092,22.409439
69.207199,22.401661
69.171082,22.302771
69.211868,22.274940
69.393593,22.324440
69.525528,22.381390
69.516922,22.450550
69.548859,22.442490
69.555817,22.372219
69.614967,22.353609
69.735527,22.473890
69.801651,22.412769
69.920807,22.501659
70.174423,22.553329
70.213593,22.621380
70.323303,22.816669
70.511368,22.985270
70.523857,23.060829
70.475250,23.127501
70.404694,23.076111
70.389420,22.935270
70.281921,22.953609
70.223312,22.954170
70.156372,22.948879
70.129150,22.988609
70.129967,22.923050
69.792763,22.832769
69.704422,22.742769
69.275818,22.827221
69.127197,22.885830
68.649406,23.156111
68.590813,23.249161
68.539139,23.278330
68.603317,23.333611
68.510246,23.371670
68.538040,23.418051
68.460823,23.408331
68.445534,23.469440
68.449417,23.504990
68.424423,23.486940
68.405807,23.504709
68.408310,23.612770
68.466919,23.653049
68.539139,23.684160
68.675888,23.779961
68.730530,23.820271
68.447479,23.726940
68.321373,23.580830
68.168297,23.593611
68.139977,23.616100
68.222473,23.674160
68.195534,23.715830
68.196091,23.773340
68.290527,23.944441
68.330544,23.914709
68.361908,23.973881
68.747192,23.969990
68.745239,24.316380
68.757751,24.323601
68.824692,24.332781
68.838028,24.270269
68.870506,24.241940
68.886642,24.289440
68.926910,24.325550
68.994423,24.257771
69.080261,24.297220
69.189407,24.258051
69.228638,24.269939
69.422203,24.288330
69.598587,24.281389
69.696472,24.194380
70.027763,24.172770
70.071091,24.197210
70.120911,24.308531
70.381073,24.367769
70.545517,24.431940
70.593307,24.422211
70.579697,24.287220
70.644127,24.243601
70.784973,24.238319
70.885803,24.274441
70.862747,24.310270
70.941643,24.369160
71.098587,24.408890
71.105797,24.433331
71.006088,24.458050
70.976913,24.596390
70.999687,24.644440
71.087128,24.686331
71.060516,24.722210
70.868584,25.172489
70.791351,25.238050
70.674408,25.416941
70.679688,25.511101
70.662750,25.701929
70.618301,25.714991
70.379143,25.675550
70.272202,25.712770
70.182457,25.834721
70.086090,25.993330
70.173859,26.244440
70.189407,26.510830
70.168297,26.556391
70.084976,26.594721
69.800797,26.594160
69.508873,26.750271
69.484970,26.811661
69.496628,26.875549
69.583313,27.178329
69.656631,27.238880
70.037483,27.600000
70.083939,27.736130
70.128021,27.828880
70.375793,28.023331
70.514420,28.039160
70.598587,27.989990
70.737747,27.731380
70.794418,27.709721
70.894417,27.712210
71.239693,27.848600
71.626907,27.876101
71.896927,27.961941
71.918030,28.117491
71.992188,28.215830
72.206627,28.402491
72.292191,28.679991
72.389687,28.784990
72.948303,29.035830
73.269699,29.561661
73.397476,29.942770
73.588577,30.020281
73.798859,30.070551
73.971909,30.194990
73.934402,30.314159
73.856079,30.364719
73.906631,30.398609
74.216637,30.701099
74.568588,31.064159
74.628853,31.025270
74.663017,31.058880
74.672470,31.099159
74.537483,31.142220
74.530807,31.194441
74.639137,31.481661
74.588440,31.598030
74.516083,31.724720
74.538017,31.816660
74.620239,31.871941
74.784698,31.943890
74.814133,32.019711
74.962753,32.031929
75.037483,32.098881
75.108017,32.070831
75.327759,32.172489
75.382187,32.275551
75.357529,32.305038
75.037483,32.480270
74.744423,32.465000
74.687469,32.501099
74.653580,32.593319
74.713303,32.838871
74.666924,32.836109
74.646362,32.780540
74.598587,32.758881
74.359703,32.775822
74.332977,32.815250
74.363861,32.869431
74.334137,33.000549
74.038300,33.164429
74.011917,33.210541
74.024139,33.276371
74.125793,33.343319
74.182457,33.510540
74.162483,33.553879
74.014687,33.638882
73.984970,33.687771
73.994690,33.755550
74.055801,33.834431
74.169968,33.848320
74.257477,33.901089
74.294693,33.964432
74.244423,34.019150
73.955811,34.021099
73.907753,34.089981
73.926361,34.132198
74.014137,34.175541
74.021088,34.208321
73.968307,34.306091
73.854691,34.315819
73.806084,34.353321
73.799133,34.398602
73.946083,34.593601
73.957748,34.661369
74.247467,34.754711
74.389137,34.781929
74.679413,34.696369
75.200531,34.624149
75.399979,34.553040
75.805527,34.507210
75.937469,34.608040
76.046631,34.629429
76.160522,34.585270
76.229141,34.609428
76.293579,34.700260
76.470253,34.769981
76.738571,34.738590
76.801361,34.672211
76.869957,34.658871
76.916924,34.681370
76.964142,34.940540
77.023857,34.982479
77.065247,35.039989
77.041122,35.093929
77.238098,35.217319
77.527634,35.312248
77.755463,35.404812
77.831413,35.480751
# Triangles
940,939,938
940,938,937
935,941,940
942,941,943
940,937,935
930,926,925
924,921,925
935,934,933
928,927,926
929,928,926
936,935,937
931,945,935
924,923,922
941,935,944
1022,1021,1020
1046,1022,1020
1019,1011,1020
960,959,961
961,959,962
1011,1019,1018
947,946,945
943,941,944
951,950,949
953,952,954
951,955,954
956,955,972
954,952,951
935,945,944
958,957,956
900,904,901
898,904,900
905,904,898
901,903,902
906,905,911
901,904,903
911,907,906
898,900,899
892,891,890
890,889,888
892,890,894
894,890,888
898,896,894
896,898,897
894,893,892
895,894,896
905,898,724
931,723,947
724,920,905
915,914,913
910,909,908
907,910,908
951,949,947
932,935,933
918,920,919
948,947,949
924,922,921
951,947,973
912,916,913
913,916,915
911,905,917
911,917,916
905,920,917
920,918,917
911,916,912
925,921,930
926,930,929
931,930,921
931,947,945
921,920,931
931,935,932
931,920,724
907,911,910
947,723,973
898,894,724
955,951,973
1024,1046,1044
1010,1020,1011
1015,1018,1017
1046,1023,1022
1025,1037,1026
1010,1008,1005
1005,1008,1006
1024,1042,1025
1010,1005,996
1024,1023,1046
996,1005,1004
1018,1015,1011
1014,1012,1011
1009,1008,1010
1015,1017,1016
1007,1006,1008
997,1003,1002
1004,1003,996
1012,1014,1013
1011,1015,1014
997,1002,999
1028,1027,1032
1033,1032,1035
1035,1032,1027
1036,1035,1027
1026,1036,1027
1028,1032,1031
1029,1031,1030
1031,1029,1028
1035,1034,1033
1037,1042,1041
1036,1026,1037
1024,1044,1042
998,997,999
1020,1010,1046
1042,1037,1025
1010,996,1049
1039,1038,1040
1041,1040,1038
1038,1037,1041
1043,1042,1044
1003,997,996
964,966,965
976,975,974
977,979,978
964,967,966
964,963,962
967,964,962
958,956,962
962,956,967
970,968,971
968,970,969
971,968,967
971,967,972
974,973,977
972,967,956
973,972,955
976,974,977
999,1001,1000
995,994,993
992,991,990
993,992,989
995,993,996
1002,1001,999
982,981,983
983,977,985
983,981,980
977,973,985
980,977,983
984,983,985
987,986,973
987,989,988
989,987,993
973,986,985
989,992,990
979,977,980
993,987,1117
131,987,133
959,958,962
996,993,1116
894,888,885
821,806,822
806,821,807
805,803,806
807,821,820
809,808,819
820,819,808
809,819,818
808,807,820
802,800,799
787,802,798
802,799,798
798,797,790
806,803,822
802,801,800
803,802,822
805,804,803
787,822,802
822,786,825
824,823,822
829,828,827
811,810,812
829,827,830
834,833,831
831,830,825
832,831,833
768,834,831
827,826,830
816,815,817
817,815,809
809,818,817
813,812,810
813,815,814
826,825,830
824,822,825
815,813,809
809,813,810
769,831,825
794,797,796
797,794,790
794,793,790
790,793,792
791,790,792
789,788,790
788,787,790
787,798,790
786,822,787
772,786,785
784,783,785
772,785,783
774,781,775
781,774,782
781,779,778
775,781,776
780,779,781
776,781,778
783,782,772
786,771,825
773,772,782
776,778,777
773,782,774
768,831,769
769,771,770
768,767,759
758,834,768
771,769,825
766,765,764
763,762,766
763,766,764
762,759,767
758,768,759
761,760,759
759,762,761
834,758,753
767,766,762
771,786,772
794,796,795
864,863,862
860,859,858
865,861,866
861,865,864
861,864,862
866,861,870
861,860,725
851,850,849
851,849,847
852,851,733
853,852,854
857,855,854
855,857,856
857,854,852
858,857,860
852,726,857
725,860,857
878,876,879
876,878,877
882,881,883
886,885,888
884,883,881
884,881,885
885,881,894
894,881,724
870,869,867
870,867,866
871,870,872
869,868,867
872,870,873
875,873,870
875,879,876
873,875,874
875,870,879
881,880,879
870,725,879
724,881,879
861,725,870
839,838,840
840,838,837
841,840,843
846,845,843
843,842,841
844,843,845
846,843,840
846,840,847
837,836,835
756,754,757
754,756,755
753,758,754
834,753,835
757,754,758
835,752,837
752,835,753
752,751,744
752,744,837
744,840,837
750,745,751
847,840,851
851,840,744
744,733,851
751,745,744
743,733,744
726,852,733
726,733,727
733,729,727
732,729,733
725,857,726
733,743,735
847,849,848
735,734,733
743,740,735
740,743,741
737,740,739
735,740,736
731,729,732
730,729,731
729,728,727
742,741,743
725,724,879
745,750,749
888,887,886
973,133,987
1073,1072,1071
1071,1070,1068
1073,1071,1074
1082,1081,1083
1080,1083,1081
1083,1080,1079
1071,1075,1074
1065,1064,1066
1066,1063,1062
1063,1066,1064
1077,1068,1066
1068,1070,1069
1068,1076,1071
1076,1075,1071
1068,1067,1066
1077,1076,1068
1066,1062,1078
1084,1083,1085
1078,1077,1066
1085,1079,1087
1083,1079,1085
1089,1088,1078
1087,1086,1085
1088,1087,1079
1090,1089,1093
1088,1079,1078
1078,1099,1089
1093,1091,1090
1098,1097,1099
1097,1094,1089
1103,1099,1078
1095,1094,1097
1089,1099,1097
1091,1093,1092
1097,1096,1095
1093,1089,1094
1099,1103,1100
1103,1078,1062
1061,1060,1059
1061,1059,1103
1057,1103,1059
1058,1057,1059
1104,1057,1051
1055,1057,1056
1104,1103,1057
1046,1010,1047
1054,1053,1052
1047,1049,1048
1052,1051,1057
1055,1054,1052
1049,996,1050
1104,1051,1105
1052,1057,1055
1049,1047,1010
1045,1044,1046
1113,1051,1050
1103,1102,1101
1105,1111,1110
1105,1051,1111
1107,1105,1110
1110,1108,1107
1108,1110,1109
1106,1105,1107
1101,1100,1103
1113,1116,1115
1116,1113,1050
1113,1115,1114
1112,1051,1113
1120,1119,1121
1117,1121,1119
987,1160,1154
1117,1119,1118
1121,1117,987
1051,1112,1111
1116,993,1117
1103,1062,1061
1131,1133,1132
1128,1133,1131
1140,1139,1138
1140,1137,1141
1137,1140,1138
1136,1142,1137
1136,1135,1143
1126,1125,1124
1127,1123,1154
1124,1123,1126
1126,1123,1127
1133,1128,1134
1131,1130,1129
1128,1127,1134
1128,1131,1129
1135,1134,1151
1122,1121,1123
1151,1134,1127
1150,1149,1135
1135,1149,1143
1143,1142,1136
1143,1149,1144
1141,1137,1142
1144,1149,1145
1146,1148,1147
1146,1145,1149
1148,1146,1149
1152,1151,1153
1151,1127,1153
1155,1154,1156
1151,1150,1135
1156,1154,1157
1157,1159,1158
1159,1157,1160
1154,1160,1157
1121,1154,1123
1127,1154,1153
1154,1121,987
1162,1161,1163
1164,1163,1161
1160,1164,1161
1168,1167,1166
1169,1168,1166
1169,1166,1165
1160,1165,1164
1199,1198,1197
1199,1197,1196
1193,1205,1200
1203,1201,1204
1203,1202,1201
1205,1204,1200
1206,1205,1212
1201,1200,1204
1205,1193,1213
1169,1165,1171
1217,1216,1215
1218,1217,1215
1223,1222,1221
1223,1220,1224
1226,1225,1224
1223,1221,1220
1224,1220,1226
1209,1207,1210
1207,1209,1208
1211,1210,1207
1211,1207,1206
1206,1212,1211
1219,1218,1214
1226,1214,1227
1218,1215,1214
1213,1228,1214
1214,1226,1219
1219,1226,1220
1212,1205,1213
1194,1200,1199
1160,131,1165
1050,996,1116
1173,1175,1174
1171,1170,1169
1176,1175,1173
1179,1178,1180
1180,1177,1181
1181,1177,1176
1177,1180,1178
1185,1183,1176
1186,1173,1172
89,88,86
85,90,89
1185,1176,1173
92,1186,1172
85,89,86
1182,1181,1183
85,81,90
1181,1176,1183
84,83,85
81,85,83
92,90,1186
1172,1171,92
1192,1191,1190
1185,1184,1183
1192,1190,1189
1196,1195,1194
1193,1192,1189
1213,1193,1230
1200,1194,1193
1193,1189,1231
1187,1186,81
1186,1185,1173
1187,81,79
81,1186,90
79,81,80
79,1240,1187
1187,1234,1188
78,77,76
78,1241,79
1189,1188,1231
83,82,81
76,56,78
1194,1199,1196
93,100,94
100,93,101
102,101,103
93,130,101
96,95,94
96,94,100
98,96,99
100,99,96
93,92,130
130,122,101
122,109,101
128,130,129
109,104,101
101,104,103
105,107,106
104,109,107
107,105,104
109,108,107
122,130,128
130,92,131
92,1171,131
86,88,87
98,97,96
75,73,71
73,75,74
71,73,72
62,71,70
70,68,65
68,70,69
67,65,68
62,70,63
65,64,63
66,65,67
70,65,63
71,62,75
76,75,59
92,91,90
1171,1165,131
75,62,59
57,56,76
1232,1234,1233
1234,1232,1231
1235,1234,1240
1213,1229,1228
1240,1239,1235
1235,1239,1237
1231,1188,1234
1231,1230,1193
55,54,51
52,54,53
1240,1234,1187
78,55,1241
54,52,51
79,1241,1240
1241,50,1247
51,50,1241
55,51,1241
3,50,49
56,55,78
1213,1230,1229
1237,1236,1235
1239,1238,1237
1244,1247,1246
1244,1243,1241
1244,1246,1245
1241,1247,1244
1241,1243,1242
1249,1248,1
1,3,2
3,1,1248
1248,1247,50
4,3,5
6,8,7
8,6,5
3,43,5
50,3,1248
43,8,5
44,3,49
1227,1214,1228
59,58,57
60,59,62
62,61,60
46,49,48
44,46,45
47,46,48
44,49,46
43,3,44
39,42,41
43,42,39
40,39,41
43,38,17
36,35,34
37,36,38
38,43,39
17,38,36
17,8,43
14,13,16
16,13,17
17,36,18
8,13,12
14,16,15
10,9,12
12,11,10
12,9,8
17,13,8
22,21,32
34,33,32
32,31,22
32,21,36
18,21,20
23,22,30
18,20,19
24,26,25
23,26,24
18,36,21
34,32,36
76,59,57
131,1160,987
736,740,737
745,748,746
748,747,746
711,973,723
724,723,931
748,745,749
713,715,714
716,715,713
722,718,723
718,722,719
719,722,721
717,716,713
720,719,721
712,718,717
717,713,712
723,718,711
712,711,718
708,707,702
710,709,708
702,701,708
702,707,706
705,702,706
703,702,705
701,710,708
711,710,700
700,710,701
703,705,704
699,698,695
145,973,699
697,696,695
697,695,698
694,693,695
695,693,692
699,973,700
711,700,973
699,695,145
145,692,691
690,689,691
691,689,687
688,687,689
686,685,684
686,684,687
687,684,691
684,145,691
682,672,684
674,682,680
673,672,682
674,673,682
682,684,683
679,676,675
679,675,680
681,680,682
679,678,676
675,674,680
671,684,672
667,666,668
153,671,670
669,665,661
661,665,664
669,661,670
668,665,669
643,670,661
668,666,665
676,678,677
664,662,661
662,664,663
659,661,660
659,658,661
658,655,654
657,656,655
657,655,658
654,661,658
644,661,654
692,145,695
671,150,684
647,653,648
647,644,654
651,649,648
651,648,653
653,652,651
644,643,661
645,644,647
647,646,645
175,643,642
647,654,653
650,649,651
633,640,639
623,621,616
641,640,631
621,620,616
638,637,639
181,642,641
634,637,636
628,627,629
632,640,633
629,627,630
632,631,640
539,538,537
631,550,539
631,539,537
631,537,641
630,627,625
633,639,637
634,633,637
636,635,634
622,621,623
552,550,631
536,535,537
625,594,630
625,627,626
537,181,641
620,619,616
643,175,670
611,610,612
606,616,615
617,619,618
614,613,612
614,612,615
615,612,608
610,609,612
606,623,616
604,601,598
602,601,604
602,604,603
605,604,598
606,615,608
598,600,599
601,600,598
609,608,612
606,608,607
557,631,630
623,606,624
624,606,595
598,597,605
597,606,605
539,550,549
534,533,532
534,532,531
535,534,518
539,549,540
624,595,625
588,591,589
592,591,588
590,589,591
588,593,592
595,606,596
549,548,540
630,594,559
594,625,595
593,560,594
588,587,593
606,597,596
545,540,548
616,619,617
537,535,190
583,582,581
583,581,580
584,580,577
577,576,570
578,577,580
580,579,578
585,584,570
583,580,584
574,571,576
574,572,571
572,574,573
571,570,576
567,566,569
567,569,568
569,566,565
575,574,576
585,570,569
593,561,560
585,587,586
587,585,569
562,593,587
594,560,559
554,553,556
553,631,557
554,556,555
557,556,553
559,557,630
559,558,557
564,563,562
564,562,587
587,565,564
436,435,433
433,435,434
593,562,561
569,565,587
436,433,432
631,553,552
404,403,405
394,401,400
406,402,401
406,405,403
406,401,407
403,402,406
389,407,401
400,399,398
398,397,396
396,395,398
395,394,400
389,401,394
389,394,390
392,391,390
392,394,393
392,390,394
400,398,395
407,389,388
428,427,429
426,429,427
431,430,425
426,425,430
426,430,429
432,431,436
411,410,412
408,407,409
386,388,387
409,388,386
407,388,409
409,386,412
383,382,384
384,382,381
385,384,380
386,385,412
410,409,412
380,384,381
424,431,425
437,436,439
545,548,546
439,438,437
547,546,548
436,424,439
544,540,545
444,439,421
421,439,424
424,422,421
422,424,423
418,451,421
439,443,440
441,440,442
443,439,444
446,444,421
440,443,442
421,447,446
431,424,436
446,445,444
544,542,541
542,544,543
468,470,469
541,540,544
448,447,449
451,450,447
452,451,455
447,450,449
453,452,454
457,456,455
452,455,454
455,451,457
421,451,447
472,471,470
551,550,552
414,413,379
418,457,451
420,419,418
458,415,414
416,415,418
417,416,418
457,418,415
413,412,380
379,377,414
370,369,368
370,368,367
378,377,379
374,373,372
371,374,372
370,367,371
379,413,380
412,385,380
377,376,414
457,415,458
459,463,462
458,463,459
463,458,376
459,462,461
414,376,458
461,460,459
463,358,464
242,465,464
463,376,375
375,374,365
367,366,365
365,374,371
371,367,365
358,375,365
364,363,365
363,361,359
361,363,362
365,363,359
358,463,375
466,465,241
421,420,418
360,359,361
577,570,584
466,237,467
190,189,185
192,190,193
190,192,191
190,517,193
187,189,188
183,181,185
190,185,537
189,186,185
189,187,186
535,518,517
516,195,193
518,520,519
520,518,521
190,535,517
193,195,194
195,514,196
195,516,514
197,196,507
515,514,516
196,514,513
193,517,516
185,181,537
172,171,174
174,171,175
642,176,175
670,175,171
172,174,173
169,168,171
170,169,171
176,179,177
171,168,153
185,184,183
181,183,182
179,178,177
198,197,506
200,199,198
180,179,176
181,180,176
176,642,181
530,521,531
530,522,521
525,523,522
525,522,530
502,501,500
499,502,500
523,525,524
508,196,513
528,527,526
528,526,529
530,526,525
498,497,499
493,496,495
493,495,494
499,497,492
529,526,530
492,497,496
509,508,512
512,508,513
511,510,512
509,512,510
505,504,503
219,506,505
507,506,197
505,503,219
507,196,508
492,491,503
502,499,492
491,490,221
496,493,492
491,219,503
218,217,219
219,221,220
221,219,491
216,506,219
221,490,222
502,492,503
198,506,216
518,531,521
153,670,171
219,217,216
132,131,133
133,135,134
126,128,127
126,124,123
124,126,125
126,123,122
142,141,144
144,143,142
145,144,141
973,145,141
135,137,136
137,135,138
139,138,135
139,135,141
141,140,139
141,135,133
973,141,133
109,120,119
122,121,120
22,31,30
30,26,23
26,30,29
27,29,28
29,27,26
110,109,119
122,120,109
118,117,116
119,118,111
111,118,116
111,116,112
115,114,113
112,116,115
115,113,112
119,111,110
126,122,128
671,153,152
153,157,154
158,157,164
168,157,153
159,158,160
157,156,154
163,161,164
164,161,158
158,161,160
168,164,157
152,151,150
167,166,165
201,200,216
198,216,200
215,212,216
215,213,212
212,201,216
213,215,214
165,164,168
168,167,165
212,211,201
156,155,154
161,163,162
146,145,147
150,149,148
145,148,147
150,148,145
207,203,211
203,202,201
204,203,206
210,207,211
205,204,206
207,209,208
206,203,207
210,209,207
211,203,201
150,671,152
684,150,145
518,534,531
488,487,484
487,486,485
489,484,483
489,488,484
483,482,225
487,485,484
225,490,483
474,473,472
479,475,472
475,474,472
470,468,231
476,475,477
470,479,472
477,475,478
228,480,479
481,480,228
475,479,478
481,227,482
470,231,479
225,224,223
482,227,226
481,228,227
225,482,226
222,225,223
229,231,230
231,229,228
231,228,479
222,490,225
233,232,236
236,232,468
241,239,237
233,236,234
468,237,236
239,238,237
234,236,235
239,241,240
468,232,231
468,467,237
483,490,489
241,465,242
357,356,354
243,464,357
241,237,466
350,354,351
350,357,354
243,242,464
355,354,356
350,243,357
357,464,358
351,353,352
353,351,354
348,346,345
346,348,347
343,345,344
348,274,349
350,349,263
263,243,350
247,244,243
342,341,343
341,284,343
247,243,263
343,284,345
339,341,340
245,244,246
341,339,284
246,244,247
338,311,339
348,345,274
334,333,332
331,330,329
334,332,331
328,331,329
337,336,338
335,334,328
328,334,331
336,335,327
338,336,312
359,358,365
328,327,335
253,252,251
254,251,250
250,249,248
255,250,248
253,251,254
256,255,248
257,256,258
250,255,254
248,259,256
259,258,256
260,262,261
259,247,260
248,247,259
266,265,264
263,268,264
268,263,269
264,268,266
247,262,260
349,273,269
267,266,268
263,349,269
270,272,271
272,270,269
269,273,272
276,281,277
281,276,274
274,276,275
345,284,274
284,283,282
286,285,299
287,286,288
285,284,311
279,278,280
281,280,278
281,274,282
278,277,281
282,274,284
273,349,274
247,263,262
311,338,312
315,327,316
327,315,312
316,327,326
285,311,300
313,312,315
310,309,311
315,314,313
309,308,307
311,309,300
321,326,325
323,322,325
323,325,324
321,325,322
317,316,318
319,321,320
319,318,316
319,316,321
321,316,326
297,299,298
299,297,288
300,309,301
292,297,293
288,286,299
288,297,289
297,290,289
297,291,290
292,291,297
300,299,285
301,304,302
304,301,307
307,305,304
305,307,306
302,304,303
293,296,295
293,297,296
293,295,294
307,301,309
311,284,339
327,312,336
737,739,738
