# India region 4
30 27
# Outer Vertices
92.876999,12.905090
92.956093,12.865830
92.991638,12.538890
92.936920,12.416390
92.855263,12.431940
92.859970,12.390000
92.913857,12.335280
92.902687,12.304320
92.786362,12.304160
92.733307,12.314720
92.714142,12.414160
92.714981,12.605270
92.783577,12.653890
92.738312,12.791110
92.792862,12.902330
92.832199,12.982500
92.834427,13.124170
92.890259,13.460280
93.038589,13.570280
93.063316,13.532660
93.050262,13.360550
93.003593,13.330550
93.082199,13.266940
92.987762,13.028050
92.938026,13.070280
92.931374,13.011670
92.962753,12.973890
92.924698,12.982220
92.881363,12.929440
92.876999,12.905090
# Triangles
11,10,4
8,10,9
5,4,10
5,8,7
1,13,12
12,11,4
12,4,2
10,8,5
14,28,15
0,14,13
15,24,16
21,17,16
27,15,28
28,14,0
0,13,1
2,4,3
5,7,6
2,1,12
27,26,25
17,21,20
22,21,24
24,23,22
24,15,25
17,19,18
17,20,19
21,16,24
25,15,27
