# India region 0
26 23
# Outer Vertices
92.768547,12.181350
92.755539,12.074440
92.761642,12.017220
92.728317,11.949160
92.742203,11.876110
92.753593,11.933890
92.778870,11.940830
92.795807,11.908890
92.760246,11.708050
92.677200,11.651660
92.683868,11.611660
92.733582,11.681110
92.756638,11.643330
92.727203,11.503330
92.674423,11.513890
92.616364,11.608610
92.647476,11.640270
92.563309,11.713610
92.548027,11.914160
92.570534,11.929160
92.609703,11.860000
92.624687,11.943330
92.640259,12.141670
92.707748,12.233610
92.719421,12.172500
92.768547,12.181350
# Triangles
16,15,10
17,16,9
10,9,16
10,14,13
10,15,14
9,8,17
18,20,19
20,18,17
22,24,23
4,21,20
22,21,1
10,12,11
8,4,20
4,3,21
17,8,20
8,7,4
4,7,5
24,22,1
3,2,21
1,0,24
1,21,2
5,7,6
13,12,10
