# Ecuador region 6
172 169
# Outer Vertices
-78.634171,1.264444
-78.595932,1.269294
-78.560272,1.198611
-78.473328,1.197777
-78.351936,1.067222
-77.916367,0.881664
-77.889999,0.829722
-77.809402,0.805489
-77.714722,0.845833
-77.655937,0.815246
-77.658340,0.745000
-77.541672,0.656111
-77.476387,0.663611
-77.444443,0.627222
-77.427223,0.424444
-77.379707,0.384722
-77.196663,0.334722
-77.080841,0.359167
-76.880280,0.242222
-76.733063,0.232500
-76.721390,0.280555
-76.408890,0.248333
-76.408340,0.396944
-76.331680,0.373611
-76.303047,0.418889
-76.115829,0.379167
-76.106110,0.321667
-76.047783,0.340000
-75.775284,0.056389
-75.628052,0.028889
-75.597778,0.055833
-75.434433,-0.060000
-75.285248,-0.119124
-75.360001,-0.153333
-75.628052,-0.108333
-75.624687,-0.176809
-75.485550,-0.226667
-75.363892,-0.466667
-75.262787,-0.523056
-75.245003,-0.619722
-75.291382,-0.718333
-75.218613,-0.977222
-75.343887,-0.976111
-75.402222,-0.922778
-75.590286,-1.553334
-76.144173,-2.183889
-76.661392,-2.572778
-77.342216,-2.807500
-77.903343,-3.026945
-78.215843,-3.373889
-78.170273,-3.431389
-78.221123,-3.508612
-78.256119,-3.516944
-78.260559,-3.425556
-78.284729,-3.408056
-78.337784,-3.422778
-78.402496,-3.753612
-78.531677,-3.912778
-78.660553,-4.302223
-78.670273,-4.379168
-78.624710,-4.436667
-78.668327,-4.559167
-78.865829,-4.666389
-78.918327,-4.739166
-78.891388,-4.844168
-79.049438,-5.003335
-79.356659,-4.891112
-79.480827,-4.713335
-79.503067,-4.568611
-79.495003,-4.533056
-79.649986,-4.432778
-79.789436,-4.483056
-79.857224,-4.447500
-79.899170,-4.393334
-79.980827,-4.383890
-80.130722,-4.281270
-80.394173,-4.476946
-80.467773,-4.438890
-80.482773,-4.399723
-80.335564,-4.199444
-80.447769,-4.221946
-80.480827,-4.179168
-80.474716,-4.007224
-80.423317,-3.978333
-80.316391,-4.013057
-80.156387,-3.887778
-80.220001,-3.688334
-80.212784,-3.595834
-80.271118,-3.470834
-80.253891,-3.420834
-80.340393,-3.382274
-80.337486,-3.374891
-80.135559,-3.328889
-80.061111,-3.208889
-80.043327,-3.209445
-80.030563,-3.280556
-79.878067,-3.018612
-79.882782,-2.959445
-79.718262,-2.584649
-79.735733,-2.467662
-79.777512,-2.468422
-79.869743,-2.153890
-79.763634,-2.009167
-79.890007,-2.103056
-79.902786,-2.211390
-79.864464,-2.268612
-79.871948,-2.438890
-79.919449,-2.573056
-80.002792,-2.612501
-80.055557,-2.588890
-80.063606,-2.553612
-80.001617,-2.500328
-79.935562,-2.499444
-79.932793,-2.469445
-80.037231,-2.482778
-80.029167,-2.426389
-79.951683,-2.310278
-80.029449,-2.345001
-80.079178,-2.463056
-80.182510,-2.593056
-80.280006,-2.618889
-80.243057,-2.693890
-80.256668,-2.736390
-80.328056,-2.710001
-80.686951,-2.394167
-80.915283,-2.320001
-81.011124,-2.164167
-80.930557,-2.208056
-80.854736,-2.175279
-80.755836,-2.082222
-80.730827,-1.919445
-80.799911,-1.711681
-80.855560,-1.592778
-80.823624,-1.541389
-80.759453,-1.319445
-80.896118,-1.122778
-80.911118,-1.031111
-80.830002,-0.926389
-80.615837,-0.926667
-80.569733,-0.890000
-80.441391,-0.574722
-80.418617,-0.568334
-80.392502,-0.629445
-80.339172,-0.636389
-80.269730,-0.618611
-80.374733,-0.611667
-80.401947,-0.570278
-80.499733,-0.362778
-80.424728,-0.315833
-80.379730,-0.225556
-80.295563,-0.165556
-80.108063,0.006389
-80.040558,0.167222
-80.023354,0.591111
-80.109451,0.695278
-80.055557,0.831111
-79.968903,0.827778
-79.738892,0.966944
-79.651123,0.995555
-79.666397,0.904444
-79.616959,0.841111
-79.639717,0.965833
-79.162231,1.098889
-79.059174,1.221944
-79.009743,1.188889
-78.989182,1.116111
-78.967506,1.132500
-78.952507,1.217500
-78.888901,1.239722
-78.879463,1.322222
-78.809868,1.437926
-78.634171,1.264444
# Triangles
82,81,84
79,81,80
78,77,76
84,81,79
75,84,79
83,82,84
75,85,84
79,76,75
79,78,76
91,90,89
120,123,121
123,120,124
88,87,89
87,86,85
89,92,91
122,121,123
92,89,87
120,119,118
87,85,95
87,95,92
85,75,73
93,95,94
95,93,92
73,70,85
73,72,70
70,95,85
96,95,57
73,75,74
97,96,98
109,108,110
110,108,111
108,107,111
111,107,112
113,112,106
107,106,112
115,114,113
99,102,101
120,118,124
127,125,128
125,127,126
125,124,128
130,129,117
124,129,128
134,133,131
133,132,131
103,134,131
130,103,131
135,134,138
135,137,136
137,135,138
134,139,138
141,140,142
102,139,134
147,146,148
146,144,148
140,139,142
117,129,124
103,130,117
139,143,142
134,103,102
104,117,116
113,116,115
124,118,117
116,105,104
105,116,106
144,139,102
101,100,99
104,103,117
139,144,143
150,148,144
149,148,150
150,144,151
146,145,144
14,151,144
160,156,153
156,154,153
155,154,156
159,157,156
151,6,152
153,152,160
102,14,144
106,116,113
71,70,72
63,67,66
68,67,69
63,69,67
66,65,63
64,63,65
59,62,61
69,62,59
63,62,69
60,59,61
69,58,70
58,69,59
98,48,99
55,96,57
58,57,70
95,70,57
55,57,56
54,53,49
48,98,55
52,51,53
55,98,96
49,55,54
50,49,53
47,15,102
102,48,47
50,53,51
46,45,18
45,44,19
40,43,42
40,42,41
47,46,16
19,44,43
36,35,37
34,31,29
30,29,31
35,34,28
33,31,34
21,43,35
37,40,39
37,39,38
33,32,31
37,35,43
43,40,37
48,55,49
28,34,29
159,156,160
157,159,158
162,161,160
160,165,162
152,4,165
165,160,152
4,6,5
165,4,2
7,6,14
152,6,4
162,165,164
164,163,162
168,167,166
166,2,168
1,171,2
171,169,168
2,166,165
171,170,169
171,168,2
4,3,2
18,45,19
18,17,16
19,21,20
16,15,47
26,21,28
21,19,43
25,23,26
26,23,21
27,26,28
28,21,35
23,22,21
12,11,13
8,10,9
10,8,7
11,10,14
23,25,24
14,13,11
151,14,6
10,7,14
102,15,14
18,16,46
48,102,99
