# Ecuador region 0
31 28
# Outer Vertices
-91.173073,-1.033334
-91.428337,-1.011389
-91.501404,-0.887500
-91.476387,-0.826389
-91.306122,-0.683889
-91.158340,-0.682500
-91.083069,-0.582500
-91.157791,-0.546111
-91.238617,-0.431111
-91.226959,-0.389445
-91.341667,-0.319445
-91.408340,-0.209167
-91.378067,-0.191389
-91.431953,-0.018611
-91.477509,-0.013611
-91.550003,-0.056111
-91.579727,-0.046111
-91.503067,0.056944
-91.495010,0.099444
-91.370010,0.150833
-91.316391,0.136944
-91.310287,0.084167
-91.204727,-0.024167
-91.179733,-0.222222
-90.952507,-0.431944
-90.960281,-0.609167
-90.912781,-0.611389
-90.790009,-0.757222
-90.830566,-0.778611
-90.861679,-0.916111
-91.173073,-1.033334
# Triangles
3,2,1
4,3,1
12,11,10
13,12,22
15,17,16
15,14,17
13,18,17
17,14,13
13,21,19
22,21,13
20,19,21
13,19,18
12,10,23
4,30,5
30,4,1
5,30,29
5,28,25
27,26,28
28,5,29
26,25,28
23,10,9
23,9,24
22,12,23
9,8,7
6,25,24
25,6,5
7,24,9
24,7,6
