# Guinea-Bissau region 0
116 113
# Outer Vertices
-16.677811,12.334580
-16.463890,12.361110
-16.209160,12.460830
-15.685560,12.430000
-15.407220,12.556940
-15.218330,12.684720
-13.928330,12.676660
-13.712550,12.666030
-13.714720,12.568890
-13.644170,12.471380
-13.663610,12.351660
-13.694240,12.293090
-13.714720,12.257500
-13.878610,12.245550
-13.956670,12.209720
-13.970620,12.153230
-13.890280,12.143610
-13.706670,12.001390
-13.709170,11.715270
-13.791670,11.685550
-13.799440,11.714720
-13.861110,11.744160
-13.878060,11.669160
-14.002220,11.640830
-14.276670,11.678890
-14.515280,11.512220
-14.691390,11.506670
-14.784170,11.385270
-14.855280,11.197770
-15.019740,10.963880
-15.090830,10.923890
-15.103890,10.966110
-15.113890,10.985550
-15.013060,11.173050
-15.014450,11.227220
-15.234170,10.993890
-15.274440,11.030000
-15.210280,11.090550
-15.220280,11.141940
-15.243060,11.123050
-15.360830,11.148330
-15.426670,11.295280
-15.381940,11.375550
-15.337780,11.360830
-15.325560,11.380000
-15.361950,11.388890
-15.343890,11.445550
-15.454720,11.340270
-15.509170,11.338050
-15.470830,11.489720
-15.353610,11.517500
-15.331950,11.544440
-15.325830,11.585280
-15.242780,11.572220
-15.279720,11.620550
-15.202220,11.596660
-15.183610,11.638050
-15.136110,11.570550
-15.050560,11.569720
-15.010830,11.609160
-15.094450,11.614720
-15.130000,11.663890
-15.131390,11.702220
-15.216670,11.671940
-15.185830,11.721390
-15.228890,11.752780
-15.265000,11.667220
-15.288890,11.712500
-15.285000,11.670550
-15.294450,11.646110
-15.346110,11.679720
-15.371950,11.590550
-15.426110,11.597780
-15.425830,11.687500
-15.490560,11.655830
-15.490840,11.706670
-15.547500,11.683050
-15.555560,11.727500
-15.438330,11.880000
-15.186390,11.870280
-15.079720,11.940000
-15.062780,11.929720
-15.089170,11.854160
-15.059170,11.792770
-14.956670,11.746670
-14.923330,11.763050
-15.052500,11.818610
-15.067500,11.858610
-15.027220,11.948330
-14.990560,11.953330
-15.004170,11.973610
-15.085840,11.983330
-15.187500,11.910280
-15.225830,11.905280
-15.360830,11.963050
-15.431110,11.958890
-15.525280,11.901660
-15.826670,11.744170
-15.801110,11.833330
-15.804720,11.880830
-15.824170,11.820830
-15.898340,11.765830
-15.963610,11.734160
-15.956670,11.801940
-15.846670,11.981940
-15.778330,11.997770
-15.863890,12.029170
-15.940560,11.950830
-15.980280,11.913330
-16.133060,11.883610
-16.333891,11.996670
-16.357780,12.099720
-16.105280,12.332500
-16.346390,12.196110
-16.458340,12.171660
-16.677811,12.334580
# Triangles
48,47,49
43,42,41
47,46,49
50,49,46
75,74,73
76,75,77
73,72,71
71,70,73
78,75,73
43,41,40
53,51,46
46,45,44
53,46,44
38,44,43
39,38,40
38,43,40
57,53,44
70,69,68
67,70,68
52,51,53
78,73,70
37,36,35
51,50,46
109,111,110
107,109,108
102,101,103
99,103,100
103,101,100
112,109,107
115,114,1
1,114,113
2,112,3
112,2,113
111,109,112
113,2,1
107,106,112
99,104,103
75,78,77
98,96,99
96,98,97
104,99,105
106,3,112
3,106,105
105,95,3
95,4,3
67,65,78
94,4,95
95,105,96
99,96,105
94,91,4
67,78,70
55,54,53
58,57,34
37,35,34
57,55,53
29,32,31
44,34,57
31,30,29
56,55,57
59,62,61
63,62,64
59,61,60
83,64,62
65,67,66
34,38,37
33,29,28
34,33,28
27,58,34
28,27,34
85,26,25
27,59,58
59,27,26
59,26,85
21,23,22
24,23,15
85,25,24
20,19,18
17,20,18
20,17,21
59,84,62
32,29,33
21,15,23
65,64,79
91,94,93
86,89,87
79,82,80
87,89,88
79,64,82
83,82,64
91,5,4
91,93,92
5,91,90
82,81,80
5,90,6
78,65,79
86,85,89
84,59,85
85,24,89
16,15,21
14,90,15
89,24,15
16,21,17
14,6,90
8,13,10
6,8,7
8,6,13
13,12,11
13,6,14
10,9,8
13,11,10
90,89,15
62,84,83
34,44,38
