# Egypt region 0
259 256
# Outer Vertices
34.217480,31.322491
34.267078,31.216261
34.309711,31.104441
34.352211,30.991659
34.394150,30.878880
34.450539,30.765829
34.501099,30.653049
34.520538,30.541100
34.543598,30.429991
34.622478,30.338329
34.667759,30.225830
34.713600,30.112770
34.789150,29.890829
34.833321,29.777769
34.862209,29.673880
34.865822,29.584160
34.901539,29.493790
34.827770,29.423330
34.742210,29.294161
34.690269,29.137220
34.681931,28.983879
34.639149,28.959440
34.646381,28.891661
34.623322,28.843050
34.602211,28.686380
34.517551,28.540211
34.512760,28.475550
34.483051,28.469990
34.410820,28.317490
34.453041,28.161659
34.441929,27.996941
34.334991,27.898331
34.266102,27.808611
34.258041,27.732500
34.189430,27.787220
34.091381,27.792770
34.009991,27.859440
33.872761,27.946110
33.753880,28.051380
33.654148,28.167219
33.564430,28.294161
33.511379,28.317490
33.377209,28.420561
33.264992,28.538601
33.220268,28.585550
33.216930,28.730270
33.173599,28.825830
33.180538,28.918610
33.151371,29.016939
33.028320,29.128050
32.891102,29.232491
32.820271,29.376659
32.728321,29.478880
32.713039,29.572491
32.695820,29.720831
32.606380,29.825830
32.580070,29.951920
32.575260,29.985550
32.507210,29.952770
32.459431,29.895550
32.499710,29.863880
32.404148,29.741940
32.343040,29.590269
32.438042,29.491940
32.568321,29.381100
32.602772,29.307220
32.646648,29.152769
32.626381,29.022770
32.654430,28.942209
32.750450,28.803961
32.831661,28.729160
32.887760,28.564720
33.018040,28.454720
33.110271,28.318050
33.213600,28.185551
33.331928,28.074989
33.456928,28.001381
33.560822,27.868610
33.558319,27.815830
33.476940,27.834721
33.476940,27.801109
33.559158,27.754440
33.548599,27.684999
33.530270,27.678049
33.494709,27.643881
33.558319,27.586109
33.555271,27.534719
33.658871,27.440281
33.691380,27.336109
33.832489,27.251659
33.835541,27.113880
33.931381,26.971100
34.001099,26.861940
33.972210,26.842220
33.946659,26.787220
33.935261,26.659439
34.063320,26.528879
34.374439,25.949160
34.625271,25.581110
34.880260,25.096100
34.995819,24.867220
34.998878,24.808331
35.081661,24.731380
35.209709,24.438330
35.623878,24.018049
35.719711,24.009159
35.813042,23.916109
35.558601,23.951380
35.536652,23.985830
35.483051,23.938330
35.568050,23.243610
35.624592,23.128000
35.226929,22.770830
34.969151,22.848600
34.713871,22.288879
34.171650,22.196659
34.100590,21.998020
33.850819,21.999439
33.183491,22.001301
32.831100,22.000830
32.144428,22.003330
31.453880,21.998329
31.515829,22.170549
31.485550,22.216379
31.441099,22.232210
31.389160,22.206659
31.277491,21.999161
31.080271,21.998600
30.384991,22.000271
29.690830,21.998051
29.000200,22.001301
28.178329,22.002489
27.551941,21.997770
26.914440,21.996660
26.276100,21.998329
25.631100,21.999161
25.003550,22.001301
25.001110,22.475821
24.999439,23.829720
24.997770,25.180000
24.999439,26.539440
25.002220,27.898880
24.997770,29.248880
24.876101,29.511940
24.886940,29.663879
24.817209,29.774160
24.831381,29.886660
24.706381,30.156099
24.726940,30.233879
24.928600,30.511101
25.018600,30.793051
24.868879,31.161940
24.874710,31.383881
24.948601,31.428881
25.069719,31.581659
25.134230,31.639330
25.178600,31.533880
25.323879,31.500830
25.780270,31.597219
26.443050,31.514160
26.841940,31.437771
26.964720,31.448330
27.006380,31.414440
27.343330,31.370550
27.344990,31.343880
27.427771,31.227770
27.532490,31.207769
27.861380,31.233879
27.914709,31.099440
28.213051,31.065830
28.409719,31.084721
28.755270,30.974991
28.836660,30.907221
29.027861,30.827259
29.173880,30.828880
29.364441,30.889160
29.533880,30.967489
29.681940,31.064159
29.826941,31.145550
29.869440,31.202499
30.010269,31.289440
30.075550,31.297770
30.171379,31.268881
30.143049,31.221661
30.185270,31.224159
30.289989,31.236940
30.219990,31.268881
30.303049,31.336670
30.351101,31.436939
30.367769,31.466110
30.360270,31.507771
30.465269,31.455271
30.669720,31.494720
30.862770,31.552490
30.891109,31.550550
30.714720,31.479160
30.550831,31.410271
30.570271,31.385830
30.677219,31.422220
30.729441,31.386379
30.787491,31.441380
30.825830,31.426941
30.958330,31.445551
31.021111,31.514160
31.106939,31.486940
31.130270,31.516380
30.979719,31.585831
31.141939,31.595831
31.336380,31.534719
31.505550,31.454161
31.718611,31.470551
31.898609,31.538601
31.940550,31.516939
32.027489,31.399990
32.174431,31.303049
32.083599,31.347500
31.983049,31.419720
31.931391,31.515270
31.887489,31.526381
31.873880,31.430550
31.881630,31.411421
31.803881,31.355829
31.791380,31.283600
31.900270,31.229441
31.939440,31.201941
32.018318,31.216660
32.034431,31.128330
32.107769,31.046379
32.135269,31.077499
32.203880,31.102489
32.284988,31.127769
32.292488,31.172770
32.273880,31.253599
32.321098,31.271379
32.316101,31.259159
32.386662,31.221380
32.511662,31.104160
32.621658,31.057770
32.829990,31.106661
32.856098,31.112221
32.673038,31.049999
32.769711,31.043610
32.836102,31.081659
32.915821,31.099159
32.994431,31.053329
33.025829,31.111380
32.954430,31.104719
33.030270,31.154720
33.124981,31.191940
33.139431,31.136101
33.138882,31.043329
33.196659,31.071659
33.306931,31.099440
33.378319,31.141109
33.452492,31.143049
33.667488,31.119440
33.877769,31.166941
34.063320,31.233610
34.217480,31.322491
# Triangles
140,139,130
134,138,137
139,138,132
142,160,144
142,144,143
145,144,146
134,133,138
132,138,133
139,132,131
134,137,135
135,137,136
140,173,141
131,130,139
142,141,168
174,68,62
148,147,146
146,149,148
146,144,149
157,151,150
149,159,150
141,169,168
142,168,166
149,144,159
172,170,169
62,175,174
172,141,173
171,170,172
176,184,177
176,175,62
169,141,172
140,174,173
71,140,130
125,127,126
128,125,124
128,127,125
84,128,124
129,71,130
128,84,129
124,123,97
120,122,121
65,63,67
123,120,119
63,65,64
222,62,61
67,63,62
54,56,55
122,120,123
177,183,178
228,227,229
236,230,229
229,227,236
183,179,178
226,225,224
61,227,222
227,226,224
227,224,222
185,176,62
61,59,227
227,58,57
235,230,236
231,230,235
237,236,227
54,57,56
237,227,57
57,240,237
58,227,59
61,60,59
174,140,68
142,165,160
166,168,167
163,162,164
165,164,162
150,159,158
180,183,181
165,142,166
183,182,181
184,176,185
177,184,183
186,185,187
197,196,187
185,197,187
197,199,198
180,179,183
191,187,196
153,157,156
152,151,153
153,151,157
144,160,159
150,158,157
155,154,156
154,153,156
162,161,160
187,191,188
190,189,191
191,196,192
189,188,191
195,192,196
165,162,160
197,185,199
202,201,199
199,62,222
185,62,199
222,202,199
210,221,219
221,210,222
221,220,219
199,201,200
234,232,231
235,234,231
232,234,233
213,215,214
216,215,213
216,213,212
222,224,223
193,195,194
204,202,209
203,202,204
195,193,192
205,204,208
208,204,209
209,222,210
210,219,218
208,207,205
217,211,218
211,210,218
212,211,217
216,212,217
207,206,205
222,209,202
86,124,95
88,87,86
124,97,95
86,84,124
84,83,80
84,86,85
83,82,81
129,84,71
95,88,86
94,93,91
115,118,117
95,94,90
89,88,90
91,90,94
88,95,90
118,101,119
76,75,79
80,79,75
74,84,75
76,79,77
71,84,73
84,74,73
84,80,75
77,79,78
41,40,42
39,38,28
40,39,28
28,38,37
80,83,81
45,42,40
91,93,92
71,73,72
115,101,118
115,114,113
113,101,115
101,113,103
103,102,101
103,113,109
113,112,110
119,101,99
110,109,113
110,112,111
108,107,104
105,104,107
107,106,105
108,104,103
109,108,103
34,33,32
35,34,36
36,34,31
34,32,31
36,31,29
98,97,123
119,99,98
101,100,99
36,29,28
31,30,29
27,40,28
95,97,96
28,37,36
117,116,115
27,25,40
69,68,71
71,70,69
140,71,68
53,52,51
67,62,68
46,45,47
44,43,45
47,45,23
50,49,51
10,49,48
51,49,54
48,47,21
54,49,8
57,241,240
250,57,54
242,241,244
244,241,57
239,238,240
243,242,244
53,51,54
240,238,237
245,244,250
252,251,250
57,250,244
245,247,246
247,245,249
249,248,247
245,250,249
250,54,252
45,43,42
65,67,66
40,23,45
24,23,25
23,21,47
22,21,23
20,19,21
21,19,48
19,18,48
18,17,15
16,15,17
18,15,13
48,12,11
13,12,18
14,13,15
48,18,12
10,48,11
253,252,254
255,254,252
54,255,252
1,257,2
1,258,257
3,257,256
256,255,4
5,255,7
10,9,8
8,255,54
257,3,2
5,4,255
5,7,6
4,3,256
8,7,255
10,8,49
25,23,40
27,26,25
98,123,119
