# Brazil region 9
65 62
# Outer Vertices
-50.452511,-1.830834
-50.627781,-1.763056
-50.648060,-1.631667
-50.803612,-1.440556
-50.792431,-1.108437
-50.758060,-1.108056
-50.559448,-1.184167
-50.623890,-1.130000
-50.480560,-1.041111
-50.529461,-1.025833
-50.642231,-1.092500
-50.716671,-1.098611
-50.769180,-1.066945
-50.795292,-0.984167
-50.775280,-0.819722
-50.736111,-0.816389
-50.785278,-0.705278
-50.736950,-0.558611
-50.608620,-0.677222
-50.542782,-0.682778
-50.646690,-0.587294
-50.726669,-0.497778
-50.658058,-0.279167
-50.565571,-0.179722
-50.444172,-0.115278
-50.141941,-0.126944
-49.519451,-0.243333
-49.440281,-0.222778
-49.173611,-0.114444
-49.029449,-0.165278
-48.396130,-0.271667
-48.366119,-0.296111
-48.374451,-0.377778
-48.459461,-0.511945
-48.494732,-0.734722
-48.509449,-0.743056
-48.568611,-0.691667
-48.525280,-0.827778
-48.537231,-0.895833
-48.660290,-0.998611
-48.623341,-1.054722
-48.789459,-1.258889
-48.825840,-1.406111
-48.863892,-1.415834
-48.843342,-1.454167
-48.952782,-1.524722
-49.228889,-1.622500
-49.431110,-1.632223
-49.471390,-1.613889
-49.515282,-1.518611
-49.511120,-1.622500
-49.551392,-1.696667
-49.712780,-1.816389
-49.733349,-1.808333
-49.745831,-1.639723
-49.769169,-1.645278
-49.743610,-1.752778
-49.764450,-1.795834
-49.813061,-1.815834
-50.049728,-1.706944
-50.174171,-1.776667
-50.367500,-1.773889
-50.298889,-1.802222
-50.303341,-1.817778
-50.452511,-1.830834
# Triangles
3,2,6
61,2,1
6,5,3
5,4,3
11,10,13
61,64,63
61,63,62
6,61,59
6,2,61
60,59,61
8,6,59
6,8,7
61,1,64
59,55,8
14,13,15
13,9,15
16,15,18
17,16,18
21,20,22
13,12,11
18,15,19
9,8,19
13,10,9
25,19,26
20,23,22
20,19,23
23,19,24
19,25,24
26,19,8
15,9,19
55,59,58
56,55,58
51,54,52
54,53,52
55,54,49
54,50,49
50,54,51
49,26,8
56,58,57
49,48,47
46,49,47
46,43,49
45,43,46
43,45,44
49,43,41
41,43,42
27,41,39
39,41,40
39,37,36
29,39,36
26,41,27
29,28,27
39,29,27
36,33,29
41,26,49
38,37,39
34,33,36
33,30,29
30,33,32
32,31,30
34,36,35
49,8,55
