# Brazil region 10
1503 1500
# Outer Vertices
-60.732929,5.205276
-60.666950,5.216665
-60.440552,5.176387
-60.200550,5.273609
-60.111420,5.225906
-60.051941,5.134443
-59.974720,5.093054
-60.025829,4.707221
-60.152222,4.573332
-60.147789,4.517498
-59.754719,4.430276
-59.676121,4.388887
-59.712780,4.309443
-59.732769,4.227498
-59.705280,4.167220
-59.635830,4.146387
-59.598621,4.016387
-59.518890,3.952499
-59.760559,3.628332
-59.858341,3.563888
-59.821388,3.468054
-59.859730,3.286944
-59.976940,2.911388
-59.965279,2.626666
-59.849731,2.330555
-59.734730,2.287221
-59.751949,1.865277
-59.631111,1.846388
-59.678051,1.771389
-59.642780,1.731111
-59.531391,1.718888
-59.232769,1.379166
-59.000542,1.331178
-58.928341,1.302777
-58.865841,1.201944
-58.807220,1.185555
-58.726391,1.228611
-58.695271,1.286944
-58.515560,1.267777
-58.471111,1.320555
-58.503899,1.450555
-58.347500,1.549444
-58.311939,1.603333
-58.252781,1.565833
-58.013889,1.512222
-57.974720,1.601388
-57.980831,1.656944
-57.825279,1.682222
-57.753620,1.720555
-57.564449,1.698055
-57.507511,1.736388
-57.353062,1.955555
-57.303051,1.981388
-57.236950,1.947222
-57.100559,2.023888
-57.067501,2.010833
-57.053051,1.952777
-56.979160,1.916388
-56.670841,1.913611
-56.628330,1.939722
-56.554722,1.903333
-56.470909,1.944464
-55.956669,1.849444
-55.901661,1.897222
-55.901661,2.045277
-56.131939,2.252777
-56.098049,2.343888
-56.037220,2.349999
-55.984730,2.479999
-55.982769,2.522499
-55.947220,2.531943
-55.728882,2.401110
-55.380001,2.428055
-55.330830,2.511388
-55.282219,2.521666
-55.258900,2.497221
-55.150280,2.572499
-55.111950,2.527221
-54.953892,2.616110
-54.956108,2.581388
-54.972500,2.554721
-54.867771,2.440277
-54.806660,2.435555
-54.759998,2.471110
-54.689159,2.453888
-54.696659,2.336944
-54.678341,2.321110
-54.615360,2.319779
-54.546951,2.318333
-54.476940,2.218333
-54.249168,2.146666
-54.180561,2.172499
-54.144169,2.120554
-54.105000,2.113055
-53.998890,2.194443
-53.932499,2.224721
-53.932220,2.271944
-53.817501,2.309443
-53.796669,2.354166
-53.745010,2.373888
-53.648060,2.288332
-53.471661,2.256666
-53.339722,2.352777
-53.218891,2.258055
-53.265011,2.192499
-53.118610,2.222499
-52.916389,2.195832
-52.567501,2.515555
-52.445831,2.863333
-52.335560,3.064444
-52.344158,3.154166
-52.103329,3.444999
-51.849720,3.843610
-51.686390,4.031846
-51.565559,4.237777
-51.559448,4.364165
-51.537510,4.391388
-51.324718,4.224165
-51.167782,3.997221
-51.171951,3.766110
-51.141941,3.865833
-51.111950,3.911666
-51.078609,3.881110
-51.051392,3.258610
-50.934448,2.935555
-50.925289,2.802777
-50.877232,2.782221
-50.815830,2.613333
-50.840000,2.488055
-50.795010,2.496110
-50.733620,2.413332
-50.680000,2.164721
-50.706951,2.137499
-50.793331,2.153888
-50.771389,2.055832
-50.748890,2.046944
-50.738060,2.105277
-50.669720,2.132499
-50.596951,2.095555
-50.593620,2.027777
-50.445278,1.825833
-50.056950,1.787500
-49.925289,1.700555
-49.882511,1.538888
-49.900280,1.314166
-50.121948,1.214166
-50.099449,1.207222
-49.921951,1.251111
-49.904449,1.206666
-49.914730,1.150277
-50.131950,0.945555
-50.263062,0.888055
-50.285561,0.831111
-50.341671,0.736666
-50.640011,0.336389
-50.799450,0.166389
-50.868900,0.172500
-50.965279,0.132222
-51.103340,-0.062500
-51.210560,-0.102222
-51.297501,-0.191389
-51.401390,-0.403056
-51.537220,-0.561945
-51.715000,-0.792222
-51.709721,-1.016945
-51.841389,-1.143056
-51.901680,-1.150556
-51.935009,-1.192500
-51.916389,-1.294445
-51.935009,-1.344445
-52.050289,-1.419167
-52.123890,-1.408889
-52.193611,-1.348611
-52.232780,-1.345278
-52.712502,-1.570000
-52.701389,-1.602778
-52.277229,-1.536945
-52.230000,-1.598056
-52.238892,-1.668612
-52.140011,-1.621389
-52.001110,-1.611111
-51.670280,-1.404723
-51.445011,-1.324723
-51.396130,-1.250000
-51.333618,-1.243889
-50.993061,-0.998611
-51.000561,-0.930556
-50.953339,-0.921667
-50.910561,-0.912222
-50.816952,-0.938889
-50.802509,-1.181389
-50.827511,-1.290278
-50.812778,-1.449445
-50.676949,-1.640556
-50.664169,-1.767778
-50.711811,-1.783171
-50.778622,-1.886111
-50.821671,-1.898334
-50.992500,-1.830000
-51.133610,-1.818889
-51.099449,-1.729167
-51.159729,-1.783889
-51.235561,-1.732778
-51.265839,-1.751945
-51.281391,-1.679167
-51.337231,-1.646945
-51.428612,-1.785556
-51.509449,-1.763611
-51.549450,-1.809445
-51.494171,-1.778611
-51.422230,-1.838056
-51.518890,-2.030556
-51.473339,-2.246945
-51.375751,-2.334216
-51.454731,-2.244445
-51.442501,-1.984167
-51.315571,-1.768889
-51.156670,-1.868333
-50.991390,-2.026390
-51.007229,-2.160000
-51.045280,-2.246945
-50.966671,-2.440000
-50.836941,-2.505834
-50.955372,-2.385631
-51.021679,-2.226389
-50.945839,-2.009445
-50.841949,-2.022500
-50.847790,-2.071667
-50.788891,-2.108612
-50.823620,-1.962778
-50.746670,-1.921111
-50.671951,-1.986111
-50.714729,-1.866389
-50.679550,-1.810051
-50.611389,-1.834167
-50.614449,-1.789723
-50.404720,-1.893889
-50.471401,-1.928056
-50.452511,-1.949445
-50.362228,-1.946667
-50.256401,-1.880278
-50.166389,-1.933611
-50.155560,-1.861667
-49.992500,-1.820000
-49.875561,-1.878056
-49.859730,-1.929445
-49.852779,-2.013056
-49.886120,-2.080834
-49.814999,-2.101945
-49.844170,-1.909722
-49.814999,-1.900000
-49.616951,-1.868612
-49.496948,-1.778056
-49.313900,-1.711667
-49.277229,-1.766389
-49.375839,-1.957500
-49.420841,-2.039723
-49.423889,-2.127501
-49.506111,-2.257500
-49.474731,-2.480834
-49.507580,-2.546571
-49.451962,-2.518334
-49.293060,-2.085001
-49.169731,-1.878056
-48.960560,-1.833611
-48.697239,-1.469167
-48.646389,-1.500834
-48.599720,-1.463611
-48.537510,-1.586389
-48.440571,-1.643889
-48.424999,-1.634167
-48.482220,-1.515834
-48.463619,-1.497223
-48.382511,-1.503612
-48.189732,-1.463611
-48.255001,-1.445834
-48.480289,-1.475278
-48.503071,-1.458333
-48.486950,-1.310834
-48.454170,-1.286389
-48.400280,-1.312222
-48.331669,-1.308334
-48.277229,-1.110278
-48.317501,-0.999167
-48.280842,-0.929445
-48.205009,-0.850000
-48.150002,-0.866389
-48.143890,-0.784722
-48.029171,-0.700556
-47.956951,-0.775278
-47.781399,-0.645000
-47.740009,-0.639445
-47.711941,-0.693611
-47.738060,-0.758056
-47.664459,-0.736111
-47.583618,-0.634167
-47.528339,-0.649723
-47.491112,-0.768889
-47.385288,-0.772500
-47.432510,-0.723056
-47.457790,-0.590833
-47.403622,-0.594167
-47.408352,-0.681389
-47.363899,-0.683334
-47.347511,-0.612778
-47.280010,-0.600556
-47.272789,-0.649167
-47.246120,-0.627778
-47.196678,-0.655833
-47.210560,-0.699722
-47.154449,-0.721667
-47.193062,-0.765556
-47.133060,-0.793056
-47.105839,-0.681389
-47.072781,-0.683334
-47.055012,-0.825278
-46.954731,-0.704445
-46.942509,-0.783889
-46.926399,-0.843611
-46.819172,-0.726667
-46.817501,-0.775833
-46.779171,-0.899167
-46.753891,-0.825833
-46.712791,-0.881944
-46.686390,-0.831945
-46.616951,-0.842223
-46.610840,-0.932222
-46.645840,-0.949167
-46.665562,-0.926667
-46.690571,-0.966389
-46.651119,-0.981389
-46.584721,-0.951945
-46.570011,-0.971945
-46.591961,-1.015834
-46.525291,-1.030834
-46.353901,-0.991111
-46.354172,-1.083334
-46.323891,-1.025834
-46.319462,-1.082778
-46.307232,-1.093889
-46.261959,-0.988889
-46.230831,-0.973056
-46.238892,-0.921111
-46.172230,-0.915556
-46.170280,-0.949167
-46.259731,-1.183611
-46.165279,-1.146389
-46.123901,-1.095834
-46.094730,-1.077223
-46.063339,-1.145278
-46.097500,-1.200000
-46.073620,-1.206111
-46.002392,-1.111164
-45.960560,-1.108333
-45.998619,-1.165834
-45.938900,-1.247778
-45.911671,-1.161111
-45.886398,-1.153889
-45.895840,-1.258889
-45.828350,-1.215278
-45.837791,-1.304723
-45.811111,-1.326112
-45.717232,-1.127500
-45.694729,-1.148056
-45.735008,-1.250556
-45.684170,-1.371945
-45.623901,-1.365000
-45.611950,-1.274445
-45.534451,-1.274445
-45.507511,-1.400278
-45.474720,-1.323611
-45.406399,-1.296389
-45.509171,-1.468056
-45.483349,-1.501667
-45.451401,-1.459722
-45.422508,-1.460556
-45.343899,-1.309167
-45.310841,-1.337778
-45.299999,-1.420834
-45.353901,-1.482778
-45.383339,-1.549445
-45.338619,-1.566111
-45.363621,-1.721945
-45.315559,-1.743333
-45.218899,-1.679445
-45.252789,-1.618056
-45.241119,-1.566389
-45.150280,-1.478889
-45.133350,-1.508334
-45.061390,-1.435278
-44.974171,-1.579722
-44.875290,-1.436389
-44.849731,-1.485834
-44.932510,-1.623611
-44.929451,-1.657778
-44.887218,-1.605000
-44.831120,-1.641111
-44.839180,-1.575834
-44.817501,-1.581945
-44.805840,-1.659723
-44.766670,-1.708611
-44.708069,-1.735834
-44.809181,-1.817500
-44.664452,-1.802222
-44.652229,-1.722500
-44.599731,-1.747500
-44.658890,-1.844167
-44.543339,-1.841667
-44.592232,-1.902222
-44.509739,-1.912500
-44.494999,-2.007223
-44.548618,-2.030278
-44.497231,-2.050278
-44.555561,-2.087778
-44.603340,-2.183612
-44.735008,-2.265000
-44.685558,-2.278334
-44.658352,-2.295556
-44.708630,-2.368056
-44.710289,-2.406390
-44.622509,-2.267778
-44.485008,-2.144723
-44.416679,-2.167223
-44.360008,-2.338890
-44.385010,-2.405834
-44.508610,-2.387778
-44.498901,-2.421668
-44.657509,-2.610000
-44.561401,-2.536389
-44.543331,-2.554722
-44.628059,-2.696667
-44.645290,-2.838056
-44.682510,-2.912500
-44.685570,-3.011111
-44.623901,-3.034167
-44.631119,-3.067778
-44.789459,-3.208056
-44.781952,-3.265278
-44.750011,-3.296667
-44.761398,-3.227500
-44.640011,-3.168334
-44.567501,-3.098333
-44.417789,-2.919167
-44.362228,-2.547779
-44.304180,-2.528890
-44.105572,-2.413612
-44.037231,-2.406667
-44.030849,-2.443056
-44.099171,-2.456945
-44.053341,-2.496667
-44.136120,-2.671667
-44.191959,-2.696111
-44.211948,-2.669445
-44.319450,-2.780001
-44.287510,-2.806389
-44.183899,-2.764167
-44.183620,-2.828056
-44.089741,-2.763612
-44.060009,-2.720556
-43.954731,-2.593334
-43.917511,-2.552779
-43.874180,-2.636112
-43.855572,-2.566668
-43.722790,-2.478056
-43.698071,-2.559722
-43.662231,-2.518056
-43.550571,-2.533611
-43.533070,-2.471945
-43.482792,-2.550001
-43.456680,-2.482778
-43.418331,-2.492223
-43.482792,-2.404723
-43.470009,-2.373612
-43.318901,-2.368056
-42.865841,-2.506390
-42.503071,-2.706389
-42.398621,-2.755556
-42.279732,-2.752501
-42.256950,-2.769445
-42.265011,-2.815834
-42.202511,-2.805833
-41.946671,-2.842223
-41.935570,-2.782222
-42.010571,-2.738612
-41.852230,-2.732223
-41.601959,-2.906112
-41.424179,-2.903890
-41.329731,-2.931390
-41.236679,-3.021389
-41.240292,-2.969723
-41.295292,-2.906945
-41.084171,-2.882223
-40.849171,-2.858334
-40.830570,-2.886112
-40.503071,-2.799167
-39.992229,-2.848611
-39.822788,-2.960834
-39.692230,-3.017500
-39.472790,-3.156667
-39.357792,-3.184722
-39.078060,-3.381668
-39.007229,-3.383612
-38.750851,-3.610279
-38.514729,-3.722500
-38.218899,-4.016111
-37.889462,-4.356668
-37.760841,-4.403891
-37.704731,-4.532501
-37.549450,-4.639724
-37.489731,-4.628056
-37.279461,-4.736668
-37.217232,-4.872223
-37.156120,-4.928056
-36.938351,-4.934724
-36.833630,-5.002501
-36.544460,-5.134446
-36.525848,-5.108613
-36.161671,-5.099168
-35.997608,-5.052706
-35.604740,-5.110835
-35.465290,-5.180000
-35.262230,-5.484724
-35.162510,-5.874168
-35.105289,-5.981112
-35.115570,-6.165833
-35.147789,-6.227223
-35.087791,-6.199168
-35.037231,-6.243611
-34.912231,-6.880001
-34.858349,-6.919445
-34.835560,-6.993611
-34.799450,-7.336390
-34.833630,-7.561112
-34.803059,-7.641390
-34.843899,-7.654167
-34.890011,-7.815279
-34.845009,-7.835557
-34.815571,-7.915002
-34.856121,-8.073614
-34.926682,-8.038336
-34.883350,-8.123892
-34.986950,-8.418890
-35.150291,-8.916113
-35.299179,-9.187502
-35.433620,-9.328337
-35.713902,-9.684448
-35.736950,-9.651392
-35.786400,-9.589724
-35.811119,-9.600000
-35.799450,-9.689726
-35.870010,-9.733057
-35.913071,-9.615557
-35.958900,-9.622225
-35.869450,-9.764170
-35.977230,-9.976669
-36.220852,-10.219720
-36.393620,-10.492500
-36.463070,-10.518890
-36.858608,-10.739170
-37.008350,-10.922780
-37.039181,-10.916950
-37.008900,-10.810560
-37.087791,-10.733890
-37.154171,-10.770280
-37.040569,-10.837500
-37.053341,-10.949170
-37.166950,-11.099170
-37.207512,-11.037230
-37.279171,-11.025280
-37.260571,-11.072230
-37.230839,-11.071670
-37.151402,-11.191950
-37.207512,-11.219450
-37.330009,-11.427230
-37.386120,-11.427780
-37.390011,-11.383340
-37.274731,-11.249720
-37.347790,-11.187780
-37.392231,-11.355840
-37.429729,-11.405000
-37.446121,-11.361950
-37.455280,-11.408340
-37.393341,-11.440560
-37.414459,-11.484170
-37.392231,-11.493060
-37.512421,-11.749710
-37.680290,-12.086110
-37.958069,-12.488610
-38.257229,-12.869170
-38.482510,-13.019450
-38.538620,-13.011670
-38.480289,-12.840560
-38.535290,-12.731950
-38.695850,-12.609450
-38.724720,-12.680840
-38.810009,-12.845000
-38.855572,-12.822780
-38.877239,-12.693610
-38.920570,-12.740280
-38.830009,-12.866390
-38.738071,-12.868060
-38.766399,-12.992230
-38.865841,-13.059170
-38.900009,-13.118340
-38.809181,-13.156110
-38.947239,-13.254170
-38.962502,-13.380000
-39.047508,-13.339450
-39.087509,-13.566950
-39.047791,-13.483330
-39.005009,-13.509450
-38.988071,-13.841110
-39.027241,-13.820000
-39.055851,-13.753060
-39.136398,-13.714170
-39.148060,-13.748060
-39.110569,-13.763890
-38.991402,-13.856950
-39.017231,-13.892780
-39.069462,-13.870560
-39.060009,-13.945560
-38.988338,-13.985560
-38.987789,-14.073340
-39.071678,-14.088890
-39.057510,-14.115280
-38.958630,-14.065560
-38.974731,-13.948890
-38.941399,-13.887780
-38.920570,-13.915560
-38.929459,-14.044730
-39.036671,-14.556110
-39.002789,-15.044730
-38.943901,-15.604170
-38.869450,-15.833890
-38.923439,-16.003201
-38.934460,-16.054449
-39.075569,-16.550289
-39.172501,-17.077511
-39.194462,-17.545280
-39.132229,-17.689449
-39.195560,-17.760839
-39.444729,-17.942230
-39.649181,-18.239170
-39.748341,-18.705280
-39.716129,-19.113340
-39.705830,-19.429171
-39.809460,-19.643620
-40.010559,-19.744730
-40.093899,-19.925560
-40.152229,-19.953899
-40.169449,-20.123890
-40.241959,-20.285280
-40.299450,-20.234171
-40.369179,-20.234449
-40.365841,-20.317780
-40.299171,-20.318890
-40.261681,-20.328060
-40.329731,-20.453341
-40.630009,-20.833340
-40.655289,-20.811119
-40.766682,-20.859171
-40.849171,-21.098339
-40.945850,-21.208891
-40.964729,-21.276119
-40.961681,-21.301399
-41.058060,-21.485279
-41.059448,-21.543619
-41.010010,-21.615009
-40.971951,-21.988060
-41.020561,-22.033890
-41.258350,-22.145559
-41.698898,-22.301121
-41.992779,-22.576950
-41.985001,-22.723061
-41.916401,-22.781389
-42.033352,-22.905840
-42.023060,-22.949450
-42.414459,-22.941669
-43.041950,-22.974171
-43.127499,-22.924170
-43.019180,-22.681669
-43.075840,-22.668341
-43.265011,-22.744450
-43.269451,-22.786119
-43.195839,-22.874729
-43.147781,-22.958340
-43.187778,-22.984171
-43.640011,-23.046120
-44.004181,-23.101950
-44.002781,-23.059450
-43.972778,-23.038340
-43.793331,-23.055000
-43.606121,-23.013889
-43.881950,-22.901670
-44.037231,-22.979731
-44.050831,-22.934999
-44.090839,-23.004450
-44.192230,-23.051121
-44.241390,-22.997780
-44.315559,-23.002230
-44.357510,-22.991110
-44.305851,-22.953621
-44.331951,-22.919729
-44.373901,-22.959730
-44.413620,-22.938339
-44.441952,-23.011120
-44.651951,-23.044451
-44.686390,-23.068609
-44.708630,-23.224730
-44.660568,-23.217230
-44.682499,-23.248341
-44.593891,-23.231670
-44.557499,-23.231951
-44.565571,-23.265280
-44.529171,-23.261950
-44.504169,-23.298059
-44.731091,-23.354790
-44.783340,-23.378330
-44.907780,-23.340281
-44.986950,-23.406950
-45.045841,-23.414169
-45.017780,-23.466669
-45.210560,-23.529730
-45.210560,-23.581390
-45.293621,-23.571400
-45.428341,-23.648340
-45.398609,-23.736670
-45.408890,-23.825560
-45.506950,-23.843340
-45.556122,-23.797501
-45.780289,-23.771120
-46.053612,-23.824730
-46.130001,-23.866671
-46.135841,-23.901119
-46.279720,-24.025841
-46.315281,-24.011669
-46.273060,-23.989719
-46.305851,-23.917780
-46.382778,-23.868340
-46.446671,-23.947229
-46.371960,-23.989450
-46.378342,-24.031670
-46.436401,-24.021391
-46.841949,-24.221670
-46.988892,-24.323610
-46.998341,-24.410561
-47.214741,-24.563061
-47.461948,-24.680559
-47.798061,-24.873341
-47.930561,-25.042219
-47.962109,-25.052090
-48.026402,-25.015011
-48.045559,-25.062780
-47.890560,-25.059731
-47.895279,-25.103621
-47.972790,-25.215839
-48.002998,-25.215691
-48.172779,-25.377230
-48.208618,-25.461670
-48.248070,-25.451950
-48.245289,-25.414450
-48.167789,-25.302219
-48.281399,-25.330009
-48.328060,-25.359730
-48.333340,-25.233620
-48.369732,-25.283890
-48.376110,-25.306400
-48.433620,-25.245010
-48.430561,-25.323891
-48.496391,-25.332500
-48.412220,-25.421391
-48.430561,-25.439171
-48.566669,-25.465281
-48.696110,-25.411390
-48.746120,-25.361120
-48.682232,-25.480280
-48.730560,-25.477230
-48.649170,-25.521391
-48.580559,-25.527781
-48.494732,-25.541950
-48.378620,-25.551121
-48.365559,-25.586670
-48.583340,-25.860001
-48.726681,-25.851669
-48.768620,-25.890280
-48.555561,-25.873610
-48.581951,-26.180000
-48.686680,-26.242781
-48.741112,-26.216400
-48.756962,-26.202780
-48.776390,-26.275009
-48.608059,-26.438620
-48.637791,-26.501110
-48.684448,-26.686670
-48.668339,-26.745010
-48.575840,-26.780279
-48.630001,-26.889450
-48.575562,-27.042219
-48.613892,-27.106119
-48.573620,-27.164450
-48.512230,-27.121670
-48.476952,-27.164169
-48.505001,-27.221670
-48.551121,-27.190010
-48.622791,-27.242229
-48.610001,-27.305840
-48.555012,-27.343060
-48.629452,-27.441389
-48.649181,-27.484171
-48.573891,-27.593340
-48.641941,-27.658890
-48.572498,-27.833620
-48.621670,-27.986120
-48.598629,-28.045280
-48.746948,-28.436951
-48.781109,-28.489450
-48.809719,-28.439730
-48.791401,-28.380280
-48.834450,-28.336121
-48.871948,-28.345560
-48.857780,-28.478621
-48.775002,-28.522230
-49.121120,-28.768339
-49.412220,-29.000561
-49.755562,-29.373890
-49.976952,-29.719730
-50.204731,-30.199730
-50.380291,-30.568060
-50.676392,-30.991390
-51.021118,-31.362230
-51.426670,-31.691120
-51.900558,-31.959730
-52.067219,-32.173901
-52.080830,-32.135571
-52.015011,-31.947781
-52.051670,-31.896950
-52.089729,-31.827780
-52.057232,-31.814449
-51.988899,-31.826950
-51.904449,-31.879730
-51.852230,-31.870560
-51.811111,-31.829729
-51.835560,-31.802780
-51.702221,-31.798059
-51.643890,-31.758619
-51.464729,-31.566389
-51.424450,-31.490561
-51.377232,-31.528900
-51.305561,-31.508900
-51.185841,-31.382780
-51.171391,-31.141121
-51.148609,-31.069450
-51.006672,-31.062780
-51.010281,-31.099171
-50.978611,-31.136391
-50.938339,-31.082230
-50.989719,-31.048059
-50.960838,-30.975281
-50.976109,-30.892509
-50.907501,-30.895559
-50.734730,-30.797779
-50.695839,-30.727230
-50.675560,-30.580561
-50.726391,-30.365009
-50.678902,-30.360001
-50.651390,-30.438339
-50.600842,-30.483339
-50.567501,-30.457230
-50.538891,-30.319731
-50.551670,-30.251400
-50.641682,-30.187780
-50.683060,-30.232780
-50.652779,-30.254730
-50.673351,-30.292780
-50.741390,-30.292780
-50.806110,-30.328899
-50.855831,-30.316120
-50.924450,-30.335840
-50.922501,-30.439449
-51.039169,-30.381109
-51.009449,-30.290560
-51.031109,-30.261120
-51.237228,-30.190559
-51.216671,-30.148340
-51.263618,-30.036671
-51.285278,-30.014170
-51.325840,-30.223061
-51.166672,-30.372231
-51.106670,-30.342230
-51.085011,-30.355280
-51.106121,-30.398060
-51.202511,-30.400280
-51.244999,-30.453341
-51.294720,-30.621120
-51.266109,-30.757780
-51.278889,-30.803061
-51.310841,-30.782230
-51.289452,-30.750280
-51.332500,-30.631670
-51.371948,-30.645000
-51.386391,-30.674170
-51.361389,-30.890841
-51.456669,-30.891399
-51.478889,-30.928061
-51.479172,-31.046949
-51.445278,-31.083620
-51.532230,-31.103889
-51.635559,-31.158621
-51.646671,-31.260559
-51.921669,-31.308620
-51.996948,-31.414730
-51.999168,-31.611389
-52.021671,-31.640841
-52.039452,-31.564730
-52.090000,-31.565830
-52.093060,-31.607510
-52.038891,-31.621120
-52.074718,-31.681669
-52.221401,-31.746950
-52.224720,-31.841120
-52.238621,-31.881950
-52.136391,-31.921671
-52.138062,-31.941669
-52.239170,-31.969170
-52.255001,-32.055290
-52.199169,-32.086121
-52.129169,-32.037510
-52.078899,-32.042782
-52.162510,-32.102509
-52.152229,-32.126122
-52.084171,-32.071949
-52.090000,-32.166679
-52.150841,-32.197788
-52.305840,-32.378330
-52.457779,-32.767231
-52.653889,-33.150009
-52.946110,-33.422508
-53.370991,-33.743130
-53.375820,-33.747730
-53.523060,-33.681400
-53.524120,-33.585152
-53.524170,-33.580841
-53.501110,-33.408051
-53.530560,-33.199451
-53.496670,-33.092781
-53.111671,-32.746960
-53.095001,-32.724171
-53.171741,-32.666061
-53.255280,-32.602791
-53.400280,-32.570560
-53.629440,-32.366119
-53.718891,-32.142780
-53.746948,-32.055561
-53.863892,-32.011681
-53.907501,-31.949169
-54.067219,-31.875000
-54.124180,-31.915560
-54.463890,-31.672501
-54.470280,-31.581390
-54.588051,-31.462780
-54.908340,-31.376671
-55.020000,-31.270559
-55.065281,-31.326950
-55.235828,-31.245279
-55.415550,-30.971390
-55.576672,-30.848610
-55.629169,-30.848610
-55.642231,-30.941950
-55.716660,-30.942230
-55.832500,-31.071119
-56.000561,-31.082230
-56.006950,-30.944450
-55.976662,-30.860279
-56.001949,-30.796391
-56.163891,-30.645559
-56.274170,-30.528891
-56.625271,-30.294729
-56.619450,-30.252230
-56.795280,-30.112780
-56.975830,-30.100559
-57.071671,-30.109449
-57.145550,-30.184999
-57.150551,-30.243340
-57.214161,-30.292780
-57.521671,-30.275280
-57.568062,-30.252781
-57.566952,-30.205561
-57.613529,-30.182680
-57.533619,-30.163340
-57.319729,-29.975281
-57.293060,-29.818890
-57.250278,-29.787781
-57.110561,-29.766670
-57.041389,-29.702221
-56.690281,-29.334450
-56.641670,-29.196110
-56.571671,-29.124729
-56.418331,-29.056391
-56.404720,-28.962500
-56.315552,-28.912220
-56.289440,-28.784731
-56.015282,-28.591110
-56.018608,-28.507780
-55.893620,-28.464451
-55.900280,-28.380831
-55.873611,-28.356390
-55.812222,-28.356390
-55.692501,-28.408890
-55.668060,-28.345280
-55.678890,-28.302500
-55.773331,-28.246389
-55.756672,-28.219999
-55.440552,-28.079451
-55.374168,-27.973610
-55.180561,-27.855841
-55.126110,-27.885839
-55.105831,-27.850000
-55.029171,-27.853889
-55.021671,-27.833891
-55.081951,-27.790560
-55.073059,-27.771669
-54.993061,-27.788059
-54.912220,-27.737221
-54.806110,-27.530279
-54.753059,-27.560560
-54.579731,-27.448339
-54.537220,-27.491110
-54.448051,-27.465281
-54.454170,-27.411949
-54.354172,-27.453890
-54.345829,-27.399450
-54.307781,-27.431669
-54.279171,-27.424170
-54.230549,-27.345840
-54.167782,-27.250000
-54.148609,-27.289169
-54.091942,-27.283340
-53.877781,-27.119450
-53.838902,-27.171690
-53.698608,-26.889450
-53.711681,-26.834730
-53.750561,-26.766951
-53.726940,-26.675831
-53.712780,-26.360559
-53.650280,-26.263060
-53.660278,-26.199730
-53.827229,-25.952780
-53.827499,-25.851120
-53.894718,-25.629169
-53.958050,-25.644440
-53.968071,-25.588230
-54.067501,-25.550560
-54.080830,-25.598339
-54.114170,-25.567230
-54.095829,-25.498610
-54.203609,-25.531120
-54.176392,-25.573620
-54.241940,-25.596670
-54.278339,-25.548889
-54.380001,-25.577499
-54.426109,-25.684999
-54.596111,-25.574869
-54.617222,-25.438061
-54.422230,-25.136950
-54.457779,-25.049730
-54.401901,-24.823589
-54.311939,-24.609171
-54.331669,-24.492781
-54.274441,-24.411390
-54.253059,-24.331390
-54.319450,-24.237221
-54.329441,-24.121670
-54.243061,-24.052231
-54.428890,-23.900841
-54.638050,-23.807510
-54.932499,-23.968611
-55.204441,-24.018339
-55.396671,-23.971121
-55.418892,-23.939171
-55.441940,-23.700840
-55.522499,-23.596951
-55.502781,-23.378889
-55.550549,-23.319170
-55.527222,-23.219999
-55.630001,-22.986950
-55.610001,-22.708611
-55.730831,-22.539450
-55.745548,-22.395281
-55.859730,-22.283340
-55.921669,-22.300560
-56.200279,-22.275841
-56.383888,-22.101120
-56.396389,-22.066950
-56.486340,-22.082670
-56.637779,-22.262779
-56.701111,-22.214451
-56.780830,-22.253059
-56.834171,-22.298340
-56.875832,-22.285000
-56.873890,-22.245831
-57.000858,-22.233080
-57.177219,-22.215839
-57.320839,-22.201670
-57.516941,-22.184731
-57.614719,-22.173059
-57.645550,-22.099171
-57.879440,-22.130560
-57.982800,-22.089230
-57.922779,-21.895281
-57.956669,-21.847500
-57.891949,-21.689449
-57.954170,-21.510839
-57.851398,-21.330549
-57.906658,-21.281120
-57.838329,-21.200560
-57.819450,-20.956110
-57.921108,-20.902229
-57.864449,-20.859171
-57.861389,-20.829170
-57.943329,-20.794170
-57.859730,-20.734449
-57.926392,-20.666950
-57.978882,-20.711109
-57.996948,-20.612221
-57.990841,-20.440840
-58.085560,-20.371120
-58.105560,-20.265011
-58.142780,-20.280279
-58.161942,-20.236670
-58.119720,-20.201111
-58.158169,-20.168859
-57.847778,-19.978889
-58.121700,-19.740311
-57.793892,-19.081120
-57.704720,-19.048340
-57.716660,-18.946951
-57.772770,-18.909731
-57.551941,-18.238890
-57.491112,-18.238609
-57.458611,-18.204720
-57.504200,-18.177731
-57.565552,-18.141390
-57.582581,-18.100439
-57.775280,-17.636950
-57.739719,-17.595280
-57.752239,-17.585791
-57.873890,-17.493441
-57.943890,-17.440300
-58.209171,-17.354719
-58.398060,-17.248341
-58.464451,-16.900280
-58.466389,-16.638611
-58.347221,-16.505560
-58.355549,-16.440550
-58.327499,-16.279169
-58.386669,-16.276670
-58.440552,-16.330009
-58.757778,-16.318890
-59.460831,-16.291389
-60.160278,-16.263060
-60.227219,-15.478610
-60.571671,-15.097500
-60.383888,-15.092780
-60.432560,-14.818040
-60.353889,-14.602220
-60.346390,-14.483330
-60.448608,-14.296390
-60.480831,-14.151390
-60.384171,-13.984450
-60.482769,-13.799720
-60.795010,-13.678610
-61.040001,-13.515280
-61.067501,-13.473610
-61.160549,-13.526950
-61.338329,-13.487780
-61.449440,-13.546390
-61.529720,-13.548340
-61.593891,-13.507230
-61.695000,-13.526110
-61.841671,-13.538610
-61.874439,-13.452220
-62.017220,-13.348610
-62.121941,-13.148340
-62.394718,-13.141950
-62.469440,-13.071110
-62.583889,-13.058610
-62.693611,-12.966110
-62.779171,-13.010840
-62.998051,-12.835000
-63.070560,-12.652780
-63.136669,-12.636110
-63.241390,-12.704450
-63.678341,-12.469170
-63.813610,-12.465000
-63.918331,-12.544730
-63.958340,-12.532780
-64.394173,-12.461670
-64.498611,-12.364170
-64.469162,-12.282500
-64.485001,-12.235560
-64.519730,-12.241950
-64.680557,-12.168610
-64.691383,-12.100000
-64.736656,-12.153060
-64.811943,-12.027500
-64.987503,-12.010560
-65.017227,-11.970000
-64.995270,-11.911110
-65.120827,-11.693890
-65.165009,-11.772500
-65.208893,-11.718610
-65.187500,-11.650000
-65.231377,-11.510000
-65.315552,-11.488890
-65.351959,-11.380560
-65.325562,-11.331950
-65.385033,-11.293330
-65.400284,-11.164170
-65.299438,-10.972780
-65.328056,-10.851110
-65.409439,-10.798890
-65.443878,-10.514720
-65.404167,-10.445840
-65.396057,-10.395300
-65.313606,-10.293890
-65.288887,-10.195560
-65.333618,-10.026110
-65.301392,-9.837223
-65.381943,-9.697781
-65.438316,-9.682777
-65.570007,-9.836390
-65.613052,-9.833057
-65.706123,-9.750278
-65.759171,-9.770002
-65.782784,-9.731945
-65.798607,-9.782503
-65.823639,-9.756392
-66.029167,-9.806946
-66.059174,-9.788336
-66.559433,-9.891670
-66.779167,-10.006670
-67.158043,-10.313170
-67.300293,-10.316670
-67.674263,-10.609990
-67.703484,-10.694300
-67.822243,-10.663330
-68.015007,-10.659170
-68.101936,-10.705280
-68.289436,-10.985560
-68.579178,-11.104600
-68.764450,-11.139720
-68.784439,-11.119720
-68.752502,-11.009720
-68.868332,-11.016110
-69.069733,-10.966390
-69.567436,-10.950470
-69.929169,-10.914450
-70.027496,-10.968060
-70.269447,-11.058610
-70.394173,-11.051110
-70.533073,-10.932220
-70.631943,-11.003060
-70.629990,-10.511670
-70.628052,-9.833612
-70.557503,-9.776114
-70.537216,-9.691113
-70.596657,-9.606112
-70.569458,-9.569723
-70.533890,-9.453890
-70.584442,-9.438057
-70.708893,-9.543333
-70.906952,-9.714724
-71.299156,-9.996389
-71.501404,-10.003610
-72.185822,-10.003890
-72.150284,-9.888891
-72.180283,-9.801392
-72.271118,-9.746668
-72.305557,-9.530003
-72.428596,-9.483057
-72.586121,-9.453613
-73.205276,-9.407225
-72.975563,-9.154724
-72.948608,-9.083891
-72.964447,-8.983334
-73.169998,-8.710279
-73.297501,-8.651114
-73.351936,-8.468334
-73.533333,-8.355556
-73.651108,-8.016113
-73.767227,-7.957223
-73.782227,-7.871112
-73.714172,-7.872500
-73.692757,-7.809167
-73.710564,-7.771390
-73.833328,-7.725556
-74.009453,-7.535001
-73.948883,-7.501667
-73.972778,-7.345835
-73.892502,-7.375001
-73.711403,-7.319168
-73.704178,-7.285001
-73.801468,-7.117239
-73.754730,-6.895000
-73.434433,-6.633055
-73.245827,-6.568057
-73.191940,-6.553612
-73.123894,-6.447778
-73.164169,-6.207779
-73.216110,-6.155279
-73.218887,-6.045834
-72.950562,-5.564167
-72.918327,-5.322500
-72.891953,-5.207501
-72.917770,-5.151945
-72.741379,-5.051389
-72.635010,-5.059167
-72.531952,-4.953056
-72.412781,-4.886390
-72.325562,-4.760835
-72.243881,-4.758890
-71.826401,-4.507779
-71.690552,-4.473890
-71.656387,-4.509168
-71.406677,-4.435000
-71.305557,-4.438334
-71.290833,-4.383612
-71.233322,-4.376112
-71.200562,-4.411390
-71.169724,-4.357779
-71.129440,-4.398890
-70.988892,-4.341390
-70.972778,-4.379445
-70.881668,-4.293334
-70.835007,-4.187778
-70.765839,-4.146945
-70.684433,-4.174168
-70.652222,-4.118611
-70.620003,-4.115834
-70.585281,-4.196112
-70.545273,-4.139445
-70.511948,-4.180834
-70.433319,-4.131667
-70.323898,-4.137223
-70.208618,-4.325279
-70.172501,-4.324723
-70.156113,-4.273335
-70.107773,-4.253890
-70.035278,-4.336112
-69.972229,-4.303056
-69.946579,-4.224228
-69.816101,-3.549445
-69.695831,-2.876945
-69.576111,-2.208333
-69.455276,-1.537778
-69.437500,-1.429167
-69.383904,-1.366667
-69.380829,-1.174445
-69.442230,-1.024167
-69.468338,-0.966111
-69.565552,-0.845000
-69.618057,-0.733889
-69.573059,-0.636667
-69.620270,-0.504445
-69.928329,-0.309444
-70.058037,-0.157500
-70.046387,0.504444
-70.044159,0.590833
-69.940552,0.581667
-69.678329,0.678889
-69.611389,0.645555
-69.511124,0.726389
-69.464447,0.740278
-69.318893,0.653055
-69.209351,0.618277
-69.137512,0.630000
-69.125816,0.651111
-69.182503,0.731944
-69.142227,0.870555
-69.202789,0.906667
-69.193329,0.951944
-69.275558,1.041111
-69.426102,1.027222
-69.446663,1.062222
-69.710297,1.060277
-69.720840,1.089722
-69.842216,1.062222
-69.843201,1.715337
-69.738892,1.731666
-69.459167,1.760278
-69.377777,1.728635
-68.153343,1.724166
-68.275833,1.832222
-68.194992,2.014444
-68.089722,1.933611
-68.015289,1.773889
-67.951950,1.742499
-67.783333,1.806944
-67.517227,2.099999
-67.424438,2.143888
-67.335297,2.111110
-67.191963,1.849444
-67.072510,1.625277
-67.084183,1.193888
-67.075562,1.172499
-66.873383,1.225538
-66.317497,0.752222
-66.129440,0.732777
-65.971123,0.803889
-65.862228,0.913333
-65.703613,0.984444
-65.559448,0.971111
-65.511124,0.904722
-65.509171,0.843889
-65.583618,0.725833
-65.563606,0.671667
-65.519173,0.649722
-65.433609,0.699166
-65.389999,0.830833
-65.301666,0.926666
-65.196663,0.924166
-65.171951,0.954722
-65.140556,1.112499
-65.098618,1.145277
-65.017227,1.133888
-64.815552,1.282222
-64.751106,1.243611
-64.697487,1.262777
-64.523331,1.437500
-64.370270,1.511389
-64.349991,1.484166
-64.386398,1.409722
-64.366943,1.364444
-64.341690,1.366944
-64.255287,1.480555
-64.070282,1.650277
-64.043877,1.909166
-63.970829,1.967222
-63.763889,1.980277
-63.651112,2.064721
-63.393059,2.151388
-63.357780,2.269721
-63.365841,2.421388
-63.486950,2.425555
-64.036942,2.470554
-64.047501,2.513333
-63.993061,2.633054
-64.010010,2.802221
-64.218613,3.123333
-64.235817,3.433054
-64.182510,3.546110
-64.203613,3.609999
-64.497498,3.833888
-64.685272,4.070554
-64.801102,4.201942
-64.798050,4.277221
-64.769173,4.289165
-64.693047,4.267221
-64.641586,4.221951
-64.582230,4.121664
-64.248894,4.148054
-64.116943,4.098609
-64.043327,3.895277
-63.988609,3.883054
-63.847500,3.959721
-63.608341,3.943610
-63.501110,3.857499
-63.456669,3.866666
-63.423328,3.966110
-63.382500,3.970832
-63.314720,3.946666
-62.987228,3.600832
-62.875000,3.560277
-62.775280,3.606944
-62.735561,3.671110
-62.727489,3.731111
-62.758610,3.834721
-62.753891,3.986110
-62.731110,4.038054
-62.541950,4.041665
-62.531391,4.126387
-62.400280,4.181942
-62.246391,4.122498
-62.110001,4.100831
-62.051109,4.151110
-61.892502,4.150831
-61.745548,4.249442
-61.553329,4.249165
-61.512501,4.298054
-61.505001,4.395276
-61.456669,4.421109
-61.342220,4.417498
-61.281391,4.457221
-61.311390,4.520276
-61.266399,4.519721
-60.985001,4.520554
-60.930828,4.584721
-60.884998,4.711665
-60.816109,4.729720
-60.641670,4.855554
-60.579731,4.981110
-60.662769,5.187498
-60.732929,5.205276
# Triangles
1127,1126,1128
1124,1123,1121
1125,1124,1126
1129,1126,1131
1150,1149,1148
1129,1131,1130
1128,1126,1129
1126,1124,1131
1110,1108,1105
1106,1108,1107
1110,1112,1111
1108,1110,1109
1121,1123,1122
1121,1120,1124
1105,1108,1106
1150,1148,1147
1163,1162,1164
1164,1162,1160
1161,1160,1162
1168,1166,1165
1176,1175,1177
1168,1167,1166
1169,1168,1154
1170,1169,1172
1151,1150,1152
1153,1152,1154
1150,1147,1152
1157,1156,1155
1160,1157,1164
1160,1159,1158
1155,1164,1157
1164,1155,1165
1155,1154,1165
1157,1160,1158
1165,1154,1168
1154,1152,1146
213,175,1169
1152,1147,1146
988,986,984
984,986,985
987,986,988
983,988,984
989,988,983
991,990,989
991,989,992
1112,1102,1101
981,989,983
980,989,981
989,980,992
992,979,993
980,979,992
993,979,978
1099,1097,1096
1097,1099,1098
1093,1112,1100
1101,1100,1112
993,978,994
981,983,982
1099,1095,1100
1118,1120,1119
1118,1117,1115
1120,1118,1115
1120,1131,1124
1115,1117,1116
1102,1112,1110
1114,1112,1093
1112,1114,1113
1120,1115,1092
1132,1131,1133
1134,1133,1131
1145,1144,1154
1115,1114,1093
1105,1103,1102
1092,1131,1120
1137,1135,1138
1135,1134,1139
1134,1131,1092
1103,1105,1104
1139,1144,1142
1144,1143,1142
1140,1142,1141
1139,1138,1135
1140,1139,1142
1154,213,1169
1134,1088,1139
1136,1135,1137
1105,1102,1110
1145,1154,1146
1095,1099,1096
1154,1144,615
1260,1259,1258
1252,1251,1250
1258,1257,1260
1262,1260,1257
1261,1260,1262
1255,1264,1256
1255,1265,1264
1256,1262,1257
1253,1252,1254
1252,1249,1248
1249,1252,1250
1252,1248,1247
1215,1217,1216
1246,1245,1243
1255,1254,1265
1244,1243,1245
1247,1268,1254
1220,1219,1221
1247,1254,1252
1242,1246,1243
1274,1273,1275
1242,1241,1240
1262,1256,1264
1268,1247,1246
1242,1268,1246
1275,1273,1276
1278,1276,1273
1272,1271,1273
1262,1264,1263
1239,1349,1240
1242,1240,1268
1231,1230,1232
1222,1224,1223
1222,1221,1219
1238,1237,1236
1349,1239,1238
1235,1234,1236
1234,1238,1236
1232,1230,1229
1232,1234,1233
1186,1185,1184
1187,1186,1188
1189,1188,1186
1195,1194,1193
1195,1193,1199
1225,1192,1190
1192,1191,1190
1227,1190,1189
1193,1192,1199
1186,1182,1189
1180,1179,1178
1180,1178,1177
1172,1174,1173
1174,1177,1175
1177,1174,1182
1184,1183,1182
1184,1182,1186
1177,1182,1180
1182,1174,1172
1180,1182,1181
1189,1182,1227
1171,1170,1172
1227,1182,1172
1212,1215,1214
1210,1208,1211
1208,1210,1209
1211,1208,1212
1212,1208,1218
1224,1219,1218
1218,1217,1215
1219,1224,1222
1225,1227,1226
1225,1224,1218
1192,1218,1199
1225,1218,1192
1215,1212,1218
1202,1218,1208
1212,1214,1213
1202,1201,1200
1198,1196,1195
1196,1198,1197
1195,1199,1198
1202,1200,1199
1206,1205,1207
1207,1205,1204
1204,1203,1202
1202,1208,1204
1204,1208,1207
1199,1218,1202
1190,1227,1225
1227,1172,35
1172,1169,175
920,952,951
953,952,954
961,959,1017
961,960,959
958,957,955
955,957,956
958,955,910
959,958,909
955,954,910
940,939,937
941,940,937
941,937,942
937,939,938
942,936,943
944,943,936
920,951,948
949,948,950
950,948,951
942,937,936
918,954,952
996,995,994
994,978,977
976,975,977
975,997,977
994,977,997
975,965,997
997,996,994
998,997,999
999,1001,1000
965,999,997
999,965,1001
966,975,974
971,970,969
972,971,969
964,963,961
961,963,962
961,1017,964
966,973,972
968,972,969
966,972,968
965,975,966
967,966,968
966,974,973
1007,1001,965
1007,965,964
933,948,947
946,945,935
935,934,946
935,945,936
945,944,936
946,934,933
932,925,924
924,920,948
924,948,933
925,929,928
932,929,925
933,932,924
926,925,928
920,924,923
931,930,929
832,831,833
834,833,831
928,927,926
922,921,923
838,835,834
839,834,831
843,831,830
932,931,929
923,921,920
920,919,918
918,952,920
836,835,837
918,917,915
914,913,910
915,914,918
912,911,913
916,915,917
913,911,910
914,910,954
837,835,838
840,839,831
842,841,843
843,841,840
840,831,843
909,908,907
909,958,910
909,886,959
1032,959,885
844,843,830
839,838,834
954,918,914
947,946,933
907,903,909
1006,1004,1003
1003,1002,1001
1006,1003,1007
1004,1006,1005
1001,1007,1003
1010,1009,1011
1009,1008,1012
1012,1008,1007
1009,1012,1011
1007,1017,1012
1013,1015,1014
1013,1012,1015
1017,1016,1015
1018,1017,1022
1012,1017,1015
1018,1020,1019
1020,1018,1021
1022,1024,1023
1024,1022,1026
1021,1018,1022
1017,1029,1022
964,1017,1007
1088,1087,1139
1089,1088,1092
1085,1084,1083
1086,1085,1087
1073,1087,1085
1095,1094,1093
1095,1093,1100
1092,1091,1090
1092,1090,1089
1093,1092,1115
1088,1134,1092
1078,1077,1076
1079,1078,1076
1079,1076,1075
1083,1082,1081
1081,1079,1074
1079,1081,1080
1074,1079,1075
1081,1074,1083
1083,1074,1085
1062,1061,1059
1073,1085,1074
1026,1025,1024
1028,1027,1029
1029,1027,1026
1031,1029,1032
1026,1022,1029
1031,1030,1029
1033,1035,1034
1036,1035,1033
1033,1032,1036
1017,959,1029
1036,1038,1037
1038,1036,1032
1040,1039,1042
1041,1040,1042
1039,1038,885
1045,1047,1046
1044,1043,1042
784,1045,1044
1042,1039,1044
1047,1045,1048
1044,1039,790
1032,1029,959
1060,1059,1061
1062,1059,1063
1064,1063,1065
1066,1065,1054
1058,1063,1059
1063,1054,1065
1068,1067,1066
1048,1068,1066
1071,1070,1072
1055,1063,1058
1057,1056,1055
1050,1049,1048
1048,1069,1068
1048,1066,1050
1063,1055,1054
1066,1054,1050
1069,1072,1070
1053,1051,1054
1051,1053,1052
1051,1050,1054
1069,1048,1072
1072,1048,774
1055,1058,1057
1087,1073,738
774,1048,1045
1032,885,1038
1139,1087,738
1072,743,1073
1144,1139,615
1291,1290,1292
1292,1289,1293
1289,1292,1290
1293,1289,1287
1297,1296,1295
1298,1297,1299
1295,1300,1297
1297,1300,1299
1295,1294,1300
1300,1294,1293
1281,1280,1282
1283,1282,1280
1278,1269,1284
1284,1280,1279
1284,1279,1278
1287,1286,1285
1288,1287,1289
1284,1283,1280
1306,1285,1269
1287,1285,1306
1306,1293,1287
1285,1284,1269
1303,1302,1301
1301,1305,1304
1306,1305,1301
1301,1304,1303
1300,1293,1301
1308,1310,1309
1308,1307,1311
1311,1307,1318
1308,1311,1310
1306,1269,1307
1306,1301,1293
1313,1312,1316
1314,1313,1315
1316,1315,1313
1317,1316,1318
1311,1316,1312
1318,1320,1319
1320,1318,1323
1321,1323,1322
1323,1321,1320
1316,1311,1318
1323,1318,1307
1325,1323,1307
1277,1276,1278
1325,1324,1323
1328,1325,1330
1278,1270,1269
1332,1325,1307
1278,1271,1270
1327,1325,1328
1326,1325,1327
1330,1332,1331
1332,1330,1325
1330,1329,1328
1269,1332,1307
1266,1265,1267
1268,1267,1265
1232,1229,1234
1349,1229,1350
1265,1254,1268
1349,1234,1229
1344,1269,1348
1348,1269,1268
1269,1344,1332
1347,1345,1348
1348,1345,1344
1349,1348,1268
1240,1349,1268
1339,1332,1344
1416,1351,1229
1273,1271,1278
1333,1336,1334
1336,1333,1339
1334,1336,1335
1344,1341,1339
1339,1333,1332
1344,1343,1341
1336,1339,1338
1340,1339,1341
1336,1338,1337
1343,1342,1341
1347,1346,1345
1350,1229,1351
1353,1356,1354
1352,1416,1353
1352,1351,1416
1375,1359,1358
1360,1359,1362
1356,1355,1354
1406,1357,1356
1375,1358,1357
1356,1353,1407
1228,1416,1229
1238,1234,1349
1370,1365,1364
1361,1360,1362
1373,1370,1363
1370,1364,1363
1366,1368,1367
1366,1365,1368
1370,1369,1368
1373,1371,1370
1365,1370,1368
1363,1362,1375
1374,1373,1363
1404,1376,1375
1375,1374,1363
1377,1376,1378
1357,1406,1404
1359,1375,1362
1391,1380,1378
1378,1380,1379
1378,1376,1391
1375,1357,1404
1373,1372,1371
1407,1406,1356
1387,1386,1385
1388,1387,1385
1389,1385,1383
1384,1383,1385
1381,1383,1382
1390,1383,1381
1385,1389,1388
1389,1383,1390
1393,1392,1394
1381,1380,1391
1394,1392,1391
1381,1391,1390
1396,1404,1403
1396,1395,1391
1397,1396,1403
1405,1404,1406
1391,1404,1396
1402,1397,1403
1398,1397,1401
1398,1400,1399
1400,1398,1401
1397,1402,1401
1395,1394,1391
1376,1404,1391
1409,1408,1414
1414,1408,1415
1415,1408,1407
1417,1416,1228
1407,1416,1415
1410,1413,1411
1410,1409,1414
1413,1412,1411
1414,1413,1410
1417,1420,1418
1420,1419,1418
1424,1421,1426
1422,1424,1423
1424,1422,1421
1421,1420,1426
1426,1425,1424
1426,1420,1427
1427,1432,1428
1433,1432,1427
1420,1433,1427
1431,1428,1432
1420,1417,1433
1433,1417,31
1453,1452,1459
1429,1428,1431
1429,1431,1430
1454,1456,1455
1456,1454,1457
1454,1458,1457
1454,1453,1458
1453,1459,1458
1452,1460,1459
1445,1444,1446
1435,1437,1436
1450,1448,1466
1451,1462,1452
1452,1462,1460
1462,1461,1460
1450,1463,1451
1463,1462,1451
1449,1448,1450
1466,1448,1447
1434,1433,1435
1435,1433,29
1353,1416,1407
34,1417,1228
1417,34,31
36,38,37
38,36,35
44,38,174
29,28,1440
30,29,31
34,32,31
32,34,33
1440,1435,29
1433,31,29
40,39,41
41,39,43
44,43,39
45,44,47
38,44,39
41,43,42
46,45,47
49,48,47
50,49,57
49,47,44
44,62,49
62,44,174
26,1440,28
1437,1435,1438
1435,1440,1438
50,53,51
51,53,52
27,26,28
1439,1438,1440
1440,26,1441
1441,26,24
26,25,24
1441,24,23
57,49,58
59,58,60
60,62,61
58,49,60
57,53,50
54,56,55
56,54,53
65,67,66
64,67,65
57,56,53
62,60,49
38,35,175
1228,35,34
176,175,178
211,178,212
180,179,178
178,211,180
176,178,177
174,173,163
172,171,170
172,170,169
173,172,167
92,62,174
180,208,181
181,208,207
181,207,205
210,209,208
180,211,208
168,167,169
166,163,173
164,163,166
164,166,165
166,173,167
169,167,172
1227,35,1228
174,163,104
72,64,63
62,90,89
89,63,62
92,91,90
62,92,90
93,92,174
63,86,72
87,86,89
89,88,87
86,63,89
93,95,94
67,64,71
93,101,95
93,104,101
102,101,104
95,101,100
104,106,105
104,163,106
107,106,134
174,104,93
96,95,97
99,98,97
97,95,100
99,97,100
103,102,104
106,163,162
86,85,72
162,160,106
174,38,175
175,35,1172
1466,1463,1450
1466,1447,1471
1466,1471,1467
1470,1467,1471
1443,1471,1447
1444,1443,1446
1466,1464,1463
1466,1465,1464
1467,1469,1468
1469,1467,1470
1442,1471,1443
1446,1443,1447
1472,1471,1442
1473,1472,1442
1475,1474,1483
1476,1475,1479
1473,1483,1474
1477,1479,1478
1477,1476,1479
1480,1479,1481
1479,1475,1482
1481,1479,1482
1483,1482,1475
1483,1473,1485
1485,1473,23
1485,1484,1483
1487,1486,1485
1488,1487,1491
1485,22,1487
1488,1490,1489
1490,1488,1491
1493,1492,1494
1494,1492,1495
1492,1491,1495
1491,1487,1495
9,1498,1496
1497,1496,1498
1499,9,8
1498,9,1499
1499,8,1500
9,1496,1495
1502,1501,1
1,1501,2
1500,5,2
3,2,5
1500,2,1501
7,1500,8
1495,1487,19
1441,1473,1442
70,68,71
72,75,73
75,72,81
73,75,74
64,72,71
1487,22,21
70,69,68
75,77,76
1473,1441,23
81,72,85
82,85,83
83,85,84
82,81,85
77,81,80
78,80,79
125,109,108
78,77,80
108,107,128
81,77,75
71,68,67
21,20,19
9,1495,19
18,14,19
13,12,10
19,14,13
19,13,9
5,4,3
1500,7,5
7,6,5
9,13,10
10,12,11
1487,21,19
17,16,18
112,119,113
111,109,123
110,109,111
15,14,16
114,116,115
117,116,114
112,111,123
16,14,18
113,117,114
22,1485,23
178,175,212
907,906,903
845,830,847
830,845,844
847,846,845
848,847,830
830,829,848
903,902,900
903,900,909
906,905,904
849,829,850
829,849,848
850,829,854
854,853,850
828,855,854
854,829,828
850,853,851
852,851,853
858,857,859
857,856,855
855,859,857
855,828,859
900,899,886
896,894,897
894,896,895
902,901,900
893,897,894
899,892,886
893,898,897
892,898,893
892,899,898
891,886,892
870,885,884
885,959,886
886,909,900
891,890,887
888,887,890
877,879,878
888,890,889
883,882,881
876,881,880
884,881,870
879,877,880
883,881,884
887,886,891
880,877,876
1039,885,824
862,861,827
828,861,860
862,865,863
860,859,828
864,863,865
876,875,874
876,874,871
874,873,871
871,873,872
871,870,881
827,861,828
866,865,862
867,827,868
827,867,866
868,827,826
866,862,827
870,869,826
826,869,868
870,826,825
824,823,1039
824,885,825
870,825,885
823,793,1039
821,820,822
822,820,819
815,814,816
816,814,817
812,819,818
810,819,812
810,808,819
809,808,810
808,807,804
813,818,817
808,823,819
817,814,813
823,808,793
813,812,818
805,804,807
806,805,807
804,803,799
799,803,800
793,808,804
803,801,800
801,803,802
812,811,810
823,822,819
871,881,876
798,804,799
793,804,794
793,792,790
793,790,1039
786,788,787
786,789,788
789,784,790
789,786,784
776,783,777
784,783,776
783,782,777
791,790,792
784,1044,790
798,796,794
797,796,798
785,784,786
778,782,779
778,777,782
779,781,780
779,782,781
794,796,795
798,794,804
776,775,774
776,774,784
769,774,773
769,772,771
773,772,769
771,770,769
769,768,767
769,767,774
765,764,767
766,765,767
767,764,751
774,767,751
764,762,761
760,758,757
758,760,759
757,761,760
751,764,752
752,761,756
764,761,752
754,752,755
756,761,757
753,752,754
755,752,756
751,750,749
763,762,764
774,751,748
774,1045,784
748,747,744
749,748,751
746,745,744
746,744,747
743,742,739
739,742,740
743,738,1073
744,743,1072
738,743,739
736,735,734
736,734,733
737,736,733
737,732,738
732,737,733
738,732,731
726,728,727
738,731,707
740,742,741
1072,748,744
730,729,725
725,729,726
730,725,724
724,723,722
729,728,726
731,724,707
722,721,720
722,720,724
718,717,708
719,718,720
707,724,720
707,720,718
716,713,710
713,716,715
711,710,713
716,710,708
714,713,715
711,713,712
708,710,709
707,718,708
706,705,704
706,738,707
708,717,716
731,730,724
706,615,1139
738,706,1139
748,1072,774
701,700,699
698,697,696
701,699,698
695,698,696
704,703,702
642,704,702
698,695,701
693,695,694
701,695,702
693,702,695
688,690,689
690,688,691
691,687,692
687,691,688
692,687,686
684,686,685
692,686,683
680,678,677
679,678,680
675,677,676
692,682,693
692,683,682
682,681,702
683,686,684
673,677,675
673,675,674
671,681,680
680,677,672
671,680,672
681,671,665
673,672,677
666,671,670
681,660,702
667,670,669
666,670,667
666,665,671
668,667,669
665,664,663
662,661,660
663,662,665
659,658,657
660,659,654
662,660,681
665,662,681
702,693,682
653,702,660
654,657,655
657,654,659
656,655,657
653,652,650
650,652,651
653,650,649
649,648,647
653,649,643
643,649,647
654,653,660
644,643,647
647,645,644
647,646,645
642,641,637
642,702,643
639,638,640
638,637,641
640,638,641
642,636,631
637,636,642
642,615,704
635,632,636
620,623,621
624,623,630
623,620,615
625,624,630
642,630,615
630,623,615
616,615,619
1154,615,260
617,616,619
613,612,611
619,618,617
615,620,619
614,613,608
642,631,630
630,629,625
633,632,634
631,636,632
625,629,626
626,628,627
629,628,626
613,611,610
621,623,622
634,632,635
702,653,643
607,615,614
609,608,610
607,606,605
608,613,610
608,607,614
603,598,607
598,603,602
603,607,605
598,602,599
597,596,594
604,603,605
597,438,598
615,607,438
602,601,599
599,601,600
591,590,589
588,591,589
595,594,596
594,593,597
592,591,588
587,593,592
592,588,587
597,593,580
581,593,586
585,581,586
584,583,585
583,581,585
583,582,581
580,593,581
576,575,573
578,580,579
573,575,574
580,578,577
593,587,586
576,573,572
577,576,572
565,567,566
577,572,569
572,571,570
569,568,577
570,569,572
567,565,563
563,562,552
567,563,568
563,597,568
577,568,580
568,597,580
563,488,597
565,564,563
561,559,558
561,560,559
558,562,561
557,556,555
557,555,562
555,554,552
552,554,553
552,562,555
558,557,562
552,512,563
551,550,549
546,545,544
551,549,548
547,544,551
544,547,546
542,552,544
552,542,541
542,544,543
548,547,551
552,551,544
539,552,541
522,525,524
522,524,523
525,527,526
528,527,525
539,535,515
528,525,515
516,515,517
522,521,517
519,518,521
519,521,520
525,522,517
517,515,525
515,552,539
538,537,539
535,528,515
539,537,535
537,536,535
535,534,532
528,530,529
530,528,531
533,532,534
532,531,528
528,535,532
541,540,539
598,438,607
706,704,615
512,552,515
212,175,213
221,220,213
213,222,221
214,213,220
215,219,217
215,214,220
217,216,215
219,218,217
227,224,228
220,219,215
228,224,223
211,210,208
225,227,226
231,238,237
228,238,231
231,229,228
225,224,227
222,228,223
195,197,196
230,229,231
234,231,237
231,234,232
228,222,238
1154,222,213
201,200,202
183,182,184
182,181,205
184,182,205
200,204,202
204,184,205
184,204,200
203,202,204
207,206,205
197,195,198
193,198,195
236,235,234
193,195,194
191,185,184
184,192,191
185,191,190
184,200,192
192,200,198
198,193,192
189,185,190
198,200,199
234,233,232
237,236,234
239,222,247
245,241,247
247,241,239
245,247,246
238,222,239
240,239,241
241,243,242
245,243,241
245,244,243
248,260,258
260,248,247
258,260,259
248,258,257
260,437,261
248,257,256
248,251,250
251,248,256
251,256,255
264,263,262
251,255,252
262,261,264
249,248,250
260,247,222
253,252,254
254,252,255
268,264,269
268,266,264
266,265,264
266,268,267
278,277,280
270,273,271
270,274,273
274,333,329
273,272,271
270,269,437
278,280,279
275,280,276
281,275,274
281,274,282
283,282,284
281,280,275
274,289,282
280,277,276
264,261,269
436,274,270
260,222,1154
185,188,187
187,186,185
189,188,185
159,158,157
159,157,106
156,155,154
157,156,154
106,157,134
159,106,160
153,134,154
151,153,152
145,151,150
146,150,149
140,153,151
142,141,143
146,145,150
151,145,140
141,145,143
147,146,149
149,148,147
134,157,154
140,145,141
109,124,123
125,108,128
125,127,126
127,125,128
109,125,124
113,118,117
113,119,118
120,122,121
122,120,119
119,123,122
112,123,119
135,134,140
137,136,135
135,139,137
140,139,135
134,153,140
138,137,139
128,130,129
130,128,133
130,133,131
132,131,133
128,107,133
134,133,107
161,160,162
285,284,286
287,286,289
282,286,284
315,312,298
274,297,293
290,289,293
286,282,289
294,293,297
287,289,288
274,293,289
311,298,312
297,296,294
274,298,297
311,309,298
321,329,323
329,321,318
323,329,328
321,323,322
324,328,325
315,274,329
323,328,324
315,318,317
318,315,329
318,320,319
312,315,314
320,318,321
317,316,315
328,327,326
315,298,274
293,292,290
291,290,292
299,302,300
295,294,296
302,299,303
144,143,145
300,302,301
298,303,299
298,309,303
306,303,309
313,312,314
311,310,309
304,306,305
306,304,303
307,306,309
307,309,308
333,330,329
437,269,261
436,345,274
439,438,440
440,438,441
437,260,438
427,432,431
433,432,436
434,433,435
436,435,433
436,432,419
430,427,431
443,442,453
442,441,456
453,442,454
454,456,455
456,454,442
438,456,441
452,451,450
448,452,450
457,461,458
468,461,457
443,453,452
457,456,468
468,456,475
458,461,459
427,429,428
427,430,429
443,452,444
444,452,448
445,444,448
420,419,425
425,419,426
436,419,383
423,425,424
427,426,419
448,446,445
427,419,432
461,460,459
464,468,466
462,461,464
466,468,467
463,462,464
461,468,464
465,464,466
447,446,448
448,450,449
456,438,476
415,419,418
501,500,502
502,504,503
502,505,504
502,500,488
491,489,488
498,493,488
496,493,498
498,497,496
498,488,500
500,499,498
505,502,488
512,511,508
513,512,514
518,517,521
615,438,260
505,507,506
505,488,563
508,510,509
510,508,511
597,488,438
505,563,507
479,438,488
476,479,477
475,456,476
477,479,478
479,481,480
472,471,470
468,474,470
468,475,474
472,470,473
468,470,469
474,473,470
479,476,438
488,486,485
486,488,487
489,491,490
491,493,492
493,491,488
481,484,482
481,485,484
482,484,483
493,496,494
495,494,496
481,479,488
488,485,481
507,563,508
508,563,512
356,355,358
358,355,360
361,360,355
361,364,362
360,359,358
355,351,361
345,351,350
351,345,361
346,345,350
354,351,355
357,356,358
352,351,354
382,365,361
366,365,372
372,365,373
366,372,369
373,375,374
375,373,380
373,365,382
369,372,371
367,366,368
368,366,369
370,369,371
365,364,361
361,345,382
345,334,333
345,336,334
335,334,336
338,337,336
339,338,336
345,339,336
326,325,328
333,332,331
341,345,344
331,330,333
347,346,349
346,350,349
352,354,353
362,364,363
343,342,344
344,342,341
341,340,339
348,347,349
345,341,339
274,345,333
415,418,416
418,417,416
415,414,402
384,383,402
383,415,402
401,400,402
404,403,405
406,403,402
402,413,406
413,402,414
383,382,436
413,412,411
421,420,425
421,425,422
403,406,405
407,406,408
408,406,411
409,408,411
409,411,410
411,406,413
423,422,425
380,382,381
382,380,373
385,384,386
386,384,388
375,377,376
375,378,377
375,379,378
386,388,387
384,390,388
379,375,380
394,393,390
395,394,396
394,399,396
394,402,399
396,399,398
384,402,394
389,388,390
391,390,392
390,393,392
396,398,397
390,384,394
399,402,400
382,345,436
383,419,415
270,437,436
515,514,512
903,906,904
