# Czech Republic region 0
271 268
# Outer Vertices
12.093470,50.324200
12.260000,50.261662
12.280550,50.186100
12.329720,50.169708
12.364720,50.279148
12.486390,50.351379
12.785000,50.446369
12.903890,50.423321
12.994440,50.423038
13.033610,50.502769
13.191110,50.503601
13.239440,50.579708
13.320830,50.581100
13.380000,50.641369
13.470000,50.603321
13.566670,50.711102
13.861940,50.725811
13.907780,50.790539
14.046670,50.806931
14.393610,50.894711
14.403610,50.932491
14.260830,50.996651
14.472220,51.031368
14.598890,50.977200
14.569720,50.916088
14.650830,50.924160
14.625270,50.854160
14.801660,50.818878
14.828850,50.866032
15.005280,50.867199
15.019170,50.953602
14.990830,51.006939
15.051110,51.008320
15.172780,51.018879
15.277500,50.969978
15.270830,50.921371
15.310560,50.858318
15.493050,50.785820
15.818330,50.747761
15.870550,50.669979
15.920830,50.683319
15.997220,50.679710
16.009720,50.602489
16.062500,50.619148
16.221380,50.636650
16.237499,50.670540
16.347771,50.657761
16.449160,50.575821
16.396660,50.518879
16.310829,50.504162
16.210550,50.419708
16.458611,50.303600
16.590549,50.138321
16.725269,50.099709
16.821381,50.186932
17.028049,50.234711
16.867500,50.410542
16.890270,50.439419
17.004169,50.424160
17.246941,50.336651
17.353889,50.322491
17.352779,50.276371
17.665550,50.274700
17.696100,50.321930
17.733330,50.312481
17.762489,50.205540
17.597771,50.158321
17.625549,50.135262
17.750000,50.102211
17.798889,50.013599
17.887779,49.976650
18.007219,50.010540
18.047220,50.058590
18.091110,50.029709
18.160271,49.992760
18.447220,49.919708
18.546671,49.913311
18.632771,49.722481
18.811661,49.672211
18.853331,49.517780
18.844700,49.515800
18.814400,49.518902
18.798599,49.516102
18.779400,49.505001
18.763100,49.491402
18.744699,49.483101
18.730600,49.485298
18.705000,49.496700
18.681700,49.495800
18.655600,49.504200
18.648100,49.503300
18.630301,49.494202
18.623100,49.492199
18.605301,49.491699
18.586399,49.497501
18.581100,49.497799
18.562201,49.493900
18.551399,49.486900
18.548300,49.481701
18.548300,49.463600
18.546101,49.457500
18.535299,49.450298
18.517200,49.444199
18.496401,49.434700
18.482500,49.423100
18.475599,49.413101
18.469200,49.407200
18.443600,49.392799
18.436899,49.390598
18.428101,49.390800
18.414400,49.396099
18.405800,49.396900
18.404699,49.394199
18.406401,49.389198
18.417200,49.378300
18.420300,49.374199
18.420300,49.371101
18.408300,49.361099
18.386900,49.335800
18.379400,49.330299
18.366100,49.325600
18.350800,49.323101
18.333300,49.317799
18.317801,49.307499
18.307199,49.303902
18.281401,49.301899
18.252199,49.294399
18.219700,49.290001
18.212799,49.288101
18.208099,49.284199
18.174700,49.241699
18.184999,49.234200
18.188101,49.229401
18.188101,49.226398
18.184999,49.221100
18.174200,49.210300
18.166401,49.196400
18.158899,49.165298
18.145300,49.145000
18.145000,49.139702
18.150801,49.130001
18.151400,49.124401
18.147800,49.115601
18.130301,49.102798
18.121901,49.082802
18.099701,49.069401
18.075300,49.041901
18.065300,49.035801
18.030300,49.025600
18.017500,49.024700
17.990000,49.028900
17.967501,49.027500
17.940001,49.022800
17.928301,49.016899
17.911100,48.985001
17.912201,48.969700
17.910601,48.963600
17.900000,48.952801
17.897499,48.947498
17.896400,48.934399
17.890301,48.926899
17.884199,48.924400
17.850800,48.928101
17.813601,48.927799
17.806400,48.926399
17.801100,48.922798
17.793301,48.913300
17.782200,48.906700
17.775801,48.900600
17.767500,48.884201
17.763100,48.879700
17.754700,48.875801
17.736099,48.871399
17.712200,48.856098
17.694201,48.857800
17.686100,48.856701
17.673599,48.851101
17.645599,48.851898
17.633101,48.846401
17.606701,48.840801
17.597200,48.833900
17.573299,48.829700
17.549999,48.817799
17.529400,48.815300
17.522499,48.817501
17.509199,48.832802
17.493299,48.846100
17.476700,48.852501
17.459200,48.851898
17.445299,48.843601
17.433300,48.833599
17.418600,48.826698
17.403900,48.822800
17.390301,48.822800
17.376400,48.827499
17.343599,48.848099
17.306900,48.852501
17.252800,48.870800
17.230301,48.873100
17.205601,48.869701
17.188900,48.869202
17.162800,48.849201
17.146099,48.842201
17.126400,48.837799
17.113899,48.833099
17.108101,48.826900
17.100000,48.803101
17.092199,48.792801
17.068600,48.786400
17.055300,48.776901
17.043900,48.771099
17.038300,48.764999
17.034700,48.758099
17.026699,48.750000
17.010599,48.721901
17.004700,48.716702
17.003099,48.708900
17.005600,48.698101
17.003599,48.694698
16.993601,48.687801
16.988100,48.681400
16.975800,48.639999
16.970301,48.634399
16.952801,48.628101
16.944860,48.616501
16.886600,48.730320
16.773880,48.723869
16.655830,48.787769
16.527500,48.810810
16.370550,48.733871
16.060551,48.760269
15.954170,48.828320
15.785280,48.877480
15.340550,48.985821
15.159720,48.944698
15.152220,49.001381
14.994160,49.015820
14.961110,48.766651
14.812500,48.781368
14.700280,48.581379
14.458610,48.648319
14.381110,48.575550
14.041670,48.615822
14.045270,48.676929
13.814630,48.787140
13.740830,48.881649
13.661940,48.896381
13.584440,48.968868
13.516110,48.977760
13.501670,48.944981
13.401440,49.007488
13.395280,49.050259
13.203610,49.119431
13.151110,49.177479
13.026940,49.298321
12.935280,49.340260
12.878610,49.328041
12.661660,49.433868
12.525000,49.637211
12.441940,49.700260
12.403050,49.759991
12.499440,49.832760
12.542500,49.920269
12.474440,49.943039
12.492770,49.974979
12.428890,49.984428
12.228890,50.096371
12.205000,50.174160
12.096940,50.249710
12.135830,50.278320
12.093470,50.324200
# Triangles
243,242,241
241,240,243
243,240,245
245,244,243
245,247,246
245,240,236
231,230,228
236,240,238
236,238,237
231,52,232
50,233,232
239,238,240
257,256,255
255,262,257
258,257,262
260,259,261
262,261,258
258,261,259
8,255,254
251,248,247
236,235,37
234,233,235
16,247,245
253,252,251
250,248,251
14,251,247
14,254,251
236,16,245
253,251,254
248,250,249
235,233,37
229,228,230
224,223,225
222,221,223
223,221,220
227,226,225
225,220,216
223,220,225
216,220,219
216,218,217
218,216,219
216,215,225
214,213,215
211,210,225
212,211,213
213,211,225
215,213,225
205,225,210
225,205,204
210,209,208
210,208,205
206,208,207
204,227,225
205,208,206
228,227,53
204,53,227
200,203,202
200,202,201
200,199,198
197,196,195
198,53,200
204,200,53
67,198,197
203,200,204
231,228,52
67,55,198
267,266,2
3,2,266
266,265,3
267,2,1
269,1,270
269,268,267
267,1,269
264,262,6
262,264,263
5,3,264
3,5,4
6,5,264
262,7,6
262,8,7
255,8,262
264,3,265
10,9,8
12,11,10
10,14,12
14,13,12
16,15,14
254,14,10
254,10,8
17,16,18
19,26,24
26,19,18
236,18,16
21,20,22
22,24,23
24,22,20
20,19,24
24,26,25
18,236,26
247,16,14
50,49,44
49,48,46
46,48,47
42,50,43
46,44,49
50,44,43
45,44,46
50,42,39
232,52,50
55,54,53
53,198,55
56,58,57
56,55,58
59,58,55
59,55,61
52,51,50
50,39,233
29,28,27
27,37,29
31,30,32
33,32,30
30,29,33
29,35,33
39,42,40
40,42,41
35,34,33
37,36,29
38,37,39
35,29,36
27,236,37
39,37,233
236,27,26
228,53,52
197,195,188
194,193,192
192,191,194
194,191,189
190,189,191
186,185,181
189,188,195
183,182,185
181,185,182
181,179,186
180,179,181
177,179,178
186,179,187
184,183,185
188,187,69
165,187,177
179,177,187
177,176,175
168,175,174
174,172,168
172,174,173
177,175,167
171,168,172
169,168,171
168,167,175
169,171,170
166,165,167
163,162,154
164,163,153
165,164,187
167,165,177
153,187,164
188,69,197
161,160,159
159,158,161
157,162,158
157,156,155
155,154,157
154,162,157
158,162,161
70,153,152
150,149,148
138,151,150
147,146,145
145,150,148
148,147,145
152,151,130
145,138,150
154,153,163
143,138,145
143,142,139
140,142,141
139,138,143
139,142,140
138,137,136
136,151,138
136,135,130
135,134,130
131,134,133
130,134,131
129,70,130
133,132,131
70,152,130
130,151,136
145,144,143
187,153,69
70,129,128
126,111,127
125,124,122
126,125,111
123,122,124
121,120,112
122,111,125
112,122,121
120,118,112
117,116,114
113,118,117
113,112,118
114,113,117
116,115,114
118,120,119
122,112,111
66,61,55
64,62,65
65,62,66
67,69,68
66,62,61
61,60,59
62,64,63
66,55,67
70,74,71
128,74,70
74,111,75
153,70,69
110,104,111
71,73,72
73,71,74
69,67,197
74,127,111
110,109,107
74,128,127
107,106,110
106,104,110
105,104,106
103,111,104
102,101,98
103,102,98
111,103,97
99,98,101
99,101,100
84,86,85
87,86,84
93,92,91
98,97,103
111,97,75
96,95,77
94,91,90
93,91,94
95,94,77
76,75,77
77,90,89
75,97,77
94,90,77
77,97,96
89,88,87
87,78,77
83,87,84
78,87,83
82,78,83
78,82,81
81,80,79
81,79,78
87,77,89
109,108,107
194,189,195
