# Bahamas, The region 5
25 22
# Outer Vertices
-76.161957,24.643330
-76.201950,24.668329
-76.228622,24.750830
-76.320282,24.793610
-76.313339,24.826941
-76.211121,24.806660
-76.192497,24.874439
-76.211403,24.871941
-76.198624,24.960831
-76.144997,25.009159
-76.152237,25.104441
-76.183060,25.150829
-76.301117,25.238331
-76.513062,25.352489
-76.716133,25.441660
-76.779167,25.418051
-76.735291,25.559160
-76.682793,25.557770
-76.656403,25.483049
-76.489731,25.361660
-76.303337,25.281940
-76.121948,25.135269
-76.110001,25.066660
-76.181396,24.757500
-76.161957,24.643330
# Triangles
5,4,3
11,20,12
13,12,19
3,2,5
19,12,20
15,14,16
16,14,18
18,17,16
18,14,13
19,18,13
23,2,1
5,2,23
9,6,23
23,6,5
0,23,1
7,6,8
11,10,21
22,21,10
22,9,23
22,10,9
8,6,9
11,21,20
