# Bahamas, The region 0
17 14
# Outer Vertices
-74.180008,22.256941
-74.140839,22.323330
-74.087784,22.345270
-74.019730,22.402220
-73.984451,22.458050
-73.910843,22.468880
-73.868057,22.512211
-73.878616,22.562771
-73.921402,22.599440
-74.015007,22.602221
-74.017227,22.679159
-73.939728,22.693050
-73.851959,22.731380
-73.868347,22.674721
-73.829453,22.538601
-73.977226,22.345551
-74.180008,22.256941
# Triangles
1,0,2
2,15,3
15,2,0
10,9,11
3,15,4
15,5,4
6,14,7
14,6,5
5,15,14
7,14,13
11,8,13
11,9,8
13,12,11
8,7,13
