# Bahamas, The region 1
24 21
# Outer Vertices
-77.231400,25.881380
-77.402237,26.011379
-77.218903,26.146940
-77.256668,26.199711
-77.226387,26.273880
-77.225853,26.441660
-77.154449,26.520269
-77.148903,26.548880
-77.340561,26.602209
-77.364731,26.689989
-77.425003,26.687220
-77.519997,26.848049
-77.893890,26.904440
-77.950562,26.897770
-77.840843,26.928329
-77.597504,26.914440
-77.398621,26.771111
-77.165283,26.586109
-77.051392,26.520830
-77.006958,26.308331
-77.143623,26.261940
-77.184448,26.140551
-77.194458,25.891939
-77.231400,25.881380
# Triangles
9,8,17
10,9,16
13,12,14
14,12,11
15,11,16
11,15,14
16,11,10
9,17,16
3,2,21
2,23,22
3,20,4
20,3,21
22,21,2
4,20,5
6,5,18
7,17,8
6,18,7
18,5,19
7,18,17
5,20,19
1,23,2
