# Bahamas, The region 2
27 24
# Outer Vertices
-77.661392,23.719990
-77.732788,23.772770
-77.676117,23.760550
-77.573624,23.836660
-77.616119,23.833050
-77.696671,23.776661
-77.762787,23.819441
-77.668617,23.868330
-77.784180,23.849991
-77.832497,23.936100
-77.830841,24.015270
-77.916397,24.128599
-77.701134,24.284719
-77.634171,24.252220
-77.754997,24.138880
-77.702507,24.118050
-77.741669,24.030279
-77.689178,24.078329
-77.634171,24.209440
-77.606667,24.213881
-77.533073,24.027769
-77.525558,23.946939
-77.524727,23.829720
-77.567230,23.739161
-77.612793,23.727489
-77.653633,23.759439
-77.661392,23.719990
# Triangles
9,7,16
9,8,7
2,1,26
6,5,7
11,10,14
14,10,16
11,14,12
7,17,16
15,14,16
10,9,16
24,23,25
25,23,3
4,7,5
25,3,2
3,23,22
13,12,14
20,19,17
17,7,20
21,20,7
21,3,22
18,17,19
7,3,21
7,4,3
25,2,26
