# Bahamas, The region 4
29 26
# Outer Vertices
-78.021393,24.272770
-78.045013,24.275829
-78.079453,24.372490
-78.140007,24.406660
-78.132782,24.498051
-78.182510,24.455271
-78.339447,24.519440
-78.440567,24.613609
-78.321121,24.711390
-78.290848,24.678600
-78.331680,24.586380
-78.271118,24.595831
-78.248901,24.561939
-78.220573,24.566380
-78.224731,24.663601
-78.259171,24.733879
-78.265007,24.670549
-78.305847,24.721100
-78.164169,24.986940
-78.188339,25.114441
-78.205002,25.201941
-77.995827,25.154720
-77.881958,24.846939
-77.738892,24.709440
-77.716667,24.500271
-77.774170,24.449160
-77.857788,24.423050
-77.871674,24.368610
-78.021393,24.272770
# Triangles
7,6,10
10,6,12
8,7,10
5,13,12
15,14,22
12,11,10
12,6,5
9,8,10
15,17,16
20,19,21
17,15,18
14,13,4
2,1,0
4,3,2
27,26,2
4,2,26
27,2,0
23,26,25
22,14,4
15,22,18
4,13,5
23,22,4
22,21,18
4,26,23
24,23,25
18,21,19
