# Bahamas, The region 7
19 16
# Outer Vertices
-74.853622,22.858049
-74.969177,23.068050
-75.228897,23.171940
-75.194458,23.197491
-75.102287,23.143570
-75.140289,23.196390
-75.129997,23.242769
-75.136673,23.363880
-75.228058,23.439720
-75.299454,23.627220
-75.327789,23.624161
-75.307510,23.667770
-75.098068,23.324989
-75.079178,23.176109
-75.046402,23.124439
-74.961937,23.102770
-74.899727,23.049440
-74.831680,22.894720
-74.853622,22.858049
# Triangles
6,5,13
3,2,4
11,10,9
9,8,7
9,7,11
11,7,12
6,12,7
1,16,15
16,1,18
18,17,16
4,2,1
13,5,4
6,13,12
14,13,4
15,14,1
4,1,14
