# Cameroon region 0
277 274
# Outer Vertices
14.074990,13.081590
14.443050,13.084720
14.526110,12.969990
14.508050,12.877500
14.520120,12.864650
14.554580,12.827940
14.551940,12.763610
14.715000,12.710280
14.707220,12.653880
14.745550,12.673330
14.875550,12.441110
14.901660,12.142770
15.045070,12.084080
15.053610,12.033050
15.051660,11.945000
15.111110,11.781390
15.062770,11.681670
15.140000,11.525000
15.105550,11.489720
15.017500,11.186110
15.078610,10.889440
15.056660,10.805550
15.087220,10.747220
15.139720,10.519160
15.387780,10.228610
15.678870,9.992426
15.422220,9.926941
15.232770,9.987774
15.031390,9.946384
14.920270,9.971663
14.776390,9.921108
14.458330,9.998884
14.190550,9.981663
14.108610,9.811386
14.010000,9.729996
13.960270,9.634441
14.417500,9.134163
14.824720,8.811108
14.852770,8.817774
15.192770,8.497217
15.258050,8.351662
15.446660,7.877498
15.503610,7.774165
15.580000,7.758332
15.584160,7.686665
15.499100,7.526431
15.429160,7.428886
15.460270,7.395832
15.239720,7.246109
15.059160,6.778609
14.958610,6.733609
14.805000,6.346665
14.740270,6.262499
14.488050,6.129720
14.414440,6.044165
14.485000,5.919998
14.563330,5.910831
14.592770,5.930553
14.621660,5.839165
14.624440,5.697776
14.589160,5.604165
14.601110,5.420553
14.531660,5.293610
14.687590,5.114281
14.703050,4.858609
14.732770,4.623054
14.892220,4.476665
15.043890,4.362220
15.102770,4.171943
15.122890,4.114404
15.190830,4.046943
15.043890,4.029165
15.076940,3.920555
15.260270,3.673888
15.869440,3.105555
15.938890,3.106110
16.110550,2.864166
16.112770,2.823333
16.071659,2.796666
16.078051,2.706110
16.115160,2.705832
16.091940,2.656388
16.164440,2.300277
16.206409,2.221102
16.089991,2.166388
16.060551,1.973333
16.124161,1.873888
16.162491,1.726666
16.072220,1.654166
16.017771,1.761111
15.932770,1.780555
15.871940,1.825000
15.486380,1.976388
15.337220,1.920555
15.272770,1.992222
15.151390,2.039721
15.141390,2.008333
15.072220,1.980000
14.980000,2.031943
14.953880,2.003611
14.887780,2.003888
14.910830,2.053332
14.861390,2.112499
14.805270,2.060833
14.567830,2.203994
14.523890,2.160554
14.378330,2.161388
13.730000,2.160277
13.294220,2.164074
13.255000,2.266388
13.131940,2.280277
13.085550,2.246388
13.000000,2.256110
12.755000,2.232777
12.575680,2.274327
12.336870,2.317276
12.162220,2.280277
11.624720,2.313055
11.368370,2.303591
11.340380,2.168611
10.673610,2.167777
10.022910,2.167367
9.850828,2.242499
9.808546,2.346065
9.844997,2.668055
9.966665,3.081666
9.909443,3.240833
9.795275,3.413888
9.642776,3.533888
9.810274,3.630555
9.681664,3.594444
9.619997,3.603611
9.543053,3.814166
9.601109,3.774999
9.594721,3.837499
9.617775,3.868610
9.665276,3.833611
9.692776,3.854722
9.743608,3.823610
9.702219,3.872499
9.678608,3.907221
9.767498,3.955832
9.625830,3.941666
9.614719,3.960277
9.724163,4.099721
9.629999,4.030276
9.557497,4.011665
9.474442,4.109999
9.482220,4.059165
9.528887,3.978055
9.492496,3.966110
9.476664,4.004443
9.421108,4.013887
9.463886,3.905833
9.351385,3.908610
9.309998,3.942222
9.296663,3.982499
9.318052,4.019165
9.274998,3.978333
9.232496,3.960555
9.203331,4.013332
9.116941,4.012220
8.968052,4.108888
8.986805,4.214077
8.904997,4.381665
8.933609,4.546943
8.841665,4.640832
8.866386,4.589443
8.865833,4.537498
8.816385,4.583610
8.808052,4.555276
8.784441,4.540554
8.721386,4.579999
8.685553,4.666388
8.642498,4.686666
8.724722,4.519443
8.701942,4.494443
8.516943,4.513332
8.502497,4.563888
8.533331,4.572498
8.510555,4.628610
8.590485,4.810515
8.636110,4.826943
8.621941,4.894721
8.824007,5.188001
8.828053,5.234164
8.920277,5.607498
8.833609,5.713610
8.888885,5.786109
8.860666,5.819821
8.879997,5.854720
9.006386,5.909998
9.003330,5.944720
9.294996,6.207776
9.363331,6.325831
9.434996,6.327776
9.468607,6.404443
9.576662,6.446942
9.612219,6.521665
9.711388,6.522776
9.795551,6.801664
9.874718,6.775831
10.167220,7.019165
10.205000,6.900554
10.256390,6.875831
10.513330,6.878054
10.596110,7.134165
10.620000,7.053609
10.854160,6.946942
10.882770,6.827776
10.943330,6.778054
11.019160,6.778609
11.082220,6.697776
11.073330,6.591109
11.116940,6.444164
11.154720,6.433331
11.388890,6.460277
11.445000,6.596943
11.514720,6.604165
11.562500,6.667498
11.587770,6.785275
11.554720,6.821110
11.587500,6.892220
11.791390,7.050831
11.886660,7.078054
11.894160,7.123054
11.749720,7.270554
11.860000,7.402221
12.043610,7.577776
12.043610,7.739720
12.222770,7.974720
12.247220,8.393887
12.275270,8.428329
12.353330,8.430275
12.421660,8.518608
12.386390,8.613050
12.492490,8.628883
12.568890,8.600552
12.687500,8.660830
12.728330,8.759441
12.794160,8.765831
12.824160,8.847496
12.841380,9.085552
12.908890,9.235273
12.913610,9.343607
12.848930,9.360079
13.052780,9.508331
13.156390,9.515831
13.221110,9.555275
13.251390,9.676941
13.228330,9.909719
13.265550,9.984995
13.243890,10.031660
13.266390,10.086110
13.398050,10.111110
13.470550,10.191660
13.458610,10.238880
13.578330,10.682500
13.637500,10.755830
13.886660,11.170550
14.009160,11.283330
14.158050,11.233610
14.195830,11.250830
14.617770,11.505550
14.646390,11.575830
14.641110,11.646940
14.558330,11.715270
14.649440,11.915000
14.619160,12.035550
14.674160,12.150830
14.657220,12.187220
14.552770,12.232220
14.490830,12.335830
14.173890,12.384160
14.188050,12.443890
14.183510,12.469480
14.074990,13.081590
# Triangles
159,158,160
156,155,157
163,162,161
163,161,160
157,160,158
157,163,160
155,152,157
152,154,153
152,151,148
149,148,151
150,149,151
157,152,147
154,152,155
148,147,152
179,177,176
180,179,174
179,178,177
179,175,174
171,169,172
164,163,165
147,163,157
147,165,163
170,169,171
167,166,169
169,168,167
165,184,166
169,166,172
165,147,144
173,172,166
146,145,147
123,122,121
124,121,120
118,125,120
123,121,124
118,126,125
120,125,124
118,120,119
114,113,112
112,111,110
114,112,110
126,118,129
65,115,114
216,141,117
116,115,117
129,118,117
117,115,216
136,133,138
131,133,132
133,131,130
133,136,134
141,143,142
134,136,135
138,137,136
138,130,129
129,127,126
128,127,129
138,129,141
216,144,141
141,140,139
138,141,139
141,144,143
129,117,141
133,130,138
145,144,147
165,144,184
115,62,216
182,181,174
174,173,182
176,175,179
181,180,174
173,166,182
184,183,182
144,185,184
193,144,195
190,189,188
190,188,191
187,186,188
191,188,186
192,191,193
193,195,194
193,191,186
144,193,186
214,199,195
185,144,186
196,195,197
199,198,197
195,199,197
201,200,199
203,202,201
203,201,204
201,199,204
213,210,205
212,210,213
210,212,211
210,209,205
205,204,214
207,206,205
208,207,205
205,209,208
213,205,214
204,199,214
166,184,182
144,214,195
217,216,218
215,214,144
218,54,219
218,216,62
222,220,223
220,222,221
224,223,220
220,219,224
227,226,225
54,228,225
229,228,230
228,227,225
230,228,53
219,54,224
231,230,233
233,232,231
230,237,233
235,234,236
237,236,234
237,234,233
230,238,237
238,50,240
240,239,238
242,241,243
243,241,248
244,247,246
247,244,243
244,246,245
247,243,248
36,241,240
50,238,230
224,54,225
144,216,215
114,110,65
104,103,102
108,107,109
107,72,109
104,106,105
107,106,72
104,72,106
104,73,72
101,100,99
95,102,98
101,99,98
109,71,65
98,102,101
67,71,68
71,109,72
71,67,66
104,102,73
98,97,95
65,71,66
56,55,58
60,55,62
60,59,55
61,60,62
57,56,58
55,54,62
53,50,230
54,218,62
65,64,62
62,64,63
50,49,48
50,53,51
51,53,52
59,58,55
115,65,62
50,48,240
53,228,54
91,90,85
85,90,89
102,95,74
94,92,95
92,94,93
79,95,92
91,84,92
89,86,85
89,88,87
86,89,87
81,92,84
81,84,82
83,82,84
79,92,81
84,91,85
79,81,80
71,69,68
70,69,71
48,46,41
46,48,47
41,46,42
42,46,45
48,37,240
79,78,74
77,76,78
78,76,75
43,42,44
44,42,45
75,74,78
73,102,74
95,79,74
97,96,95
48,41,40
249,251,250
251,249,254
254,249,35
252,251,253
251,254,253
249,248,35
34,255,254
35,248,36
34,33,32
32,256,255
256,32,257
261,258,32
32,258,257
261,32,31
255,34,32
21,261,31
34,254,35
36,248,241
260,259,261
21,262,261
259,258,261
276,275,3
274,273,272
272,275,274
6,3,275
8,6,272
272,271,270
1,3,2
1,276,3
4,3,6
6,5,4
275,272,6
30,29,31
37,39,38
31,23,22
21,19,262
21,20,19
23,31,29
23,29,28
262,19,263
27,23,28
39,37,40
27,26,24
24,23,27
25,24,26
31,22,21
37,36,240
19,18,263
265,267,266
265,16,267
11,268,267
18,264,263
10,272,270
270,269,11
7,6,8
10,8,272
269,268,11
264,16,265
14,16,15
14,11,267
264,18,16
9,8,10
11,13,12
13,11,14
270,11,10
14,267,16
17,16,18
48,40,37
109,65,110
