# China region 3
2203 2200
# Outer Vertices
119.096901,49.988491
119.201897,50.009430
119.329399,50.106651
119.360497,50.336651
119.135201,50.372761
119.146599,50.403309
119.260498,50.473869
119.286400,50.593601
119.501900,50.741928
119.574402,50.945530
119.776604,51.160259
119.754700,51.206928
119.812698,51.243038
119.985199,51.434429
119.974403,51.475262
120.096100,51.660809
120.277802,51.744148
120.566399,51.902481
120.652199,51.913601
120.712196,51.982479
120.691902,52.042759
120.779404,52.149151
120.706100,52.267490
120.629097,52.325821
120.719704,52.535549
120.439697,52.636650
120.180298,52.578869
120.072502,52.589420
120.027802,52.627762
120.028297,52.767761
120.324699,52.893040
120.550499,53.070820
120.857498,53.276932
121.419098,53.315262
122.181099,53.456379
122.950302,53.487492
123.253304,53.553871
123.854698,53.481651
124.104401,53.340260
124.239998,53.361099
124.480499,53.191650
124.676598,53.178600
124.711899,53.131100
124.877701,53.087761
124.881104,53.154980
125.044701,53.193600
125.164703,53.193039
125.506104,53.038040
125.606598,53.054699
125.724998,52.983318
125.723000,52.946369
125.652199,52.917759
125.642799,52.883320
125.844101,52.898869
125.954399,52.773869
126.060204,52.784161
126.080498,52.744431
126.036598,52.726089
126.066101,52.682209
125.976601,52.646381
125.987999,52.581928
126.021599,52.561932
126.074699,52.590260
126.195198,52.533039
126.196899,52.463871
126.266899,52.458599
126.344704,52.377480
126.316399,52.312199
126.431900,52.284431
126.309700,52.221088
126.341904,52.184711
126.544701,52.136101
126.536102,52.072208
126.446404,52.014431
126.468903,51.931660
126.726097,51.653870
126.669098,51.584431
126.718300,51.553600
126.802200,51.536930
126.824402,51.501099
126.783897,51.438591
126.911598,51.383041
126.915497,51.351379
126.820503,51.330269
126.807701,51.279709
126.842697,51.243599
126.893303,51.238590
126.899696,51.261379
126.856598,51.294708
126.907501,51.321098
126.966400,51.320820
126.976898,51.302761
126.901901,51.204990
126.930298,51.059429
127.287804,50.745258
127.277496,50.685539
127.365501,50.581379
127.288597,50.459980
127.351097,50.417488
127.330299,50.318878
127.588501,50.211208
127.578300,50.145538
127.490196,50.048599
127.485199,49.984989
127.530502,49.919151
127.503899,49.834980
127.528603,49.789150
127.665802,49.752209
127.686600,49.670818
127.820503,49.590820
128.318298,49.537769
128.497192,49.585258
128.763000,49.576382
128.801895,49.558590
128.744095,49.487209
128.751602,49.467480
128.992203,49.441368
129.050003,49.364151
129.119904,49.346371
129.190796,49.389431
129.338303,49.339149
129.367401,49.353600
129.367996,49.413311
129.411606,49.431660
129.523605,49.389980
129.533005,49.304699
129.586899,49.270538
129.703796,49.275822
129.733795,49.243038
129.731903,49.192211
129.911896,49.081661
129.906097,49.036652
130.220505,48.864151
130.632706,48.876652
130.670502,48.864712
130.522705,48.613602
130.626007,48.476650
130.744400,48.493870
130.763596,48.478870
130.736099,48.423038
130.829895,48.301929
130.662704,48.122211
130.677399,48.049431
130.885193,47.904430
130.945496,47.800541
130.935196,47.730259
130.987701,47.688320
131.102493,47.675831
131.393799,47.736370
131.522705,47.723869
131.559692,47.661369
132.268799,47.731369
132.528793,47.711102
132.582703,47.767761
132.658798,47.935539
132.707397,47.955818
132.808807,47.941929
132.884399,48.008598
133.207703,48.113319
133.484604,48.068600
133.540802,48.098869
133.593506,48.172489
134.229401,48.354988
134.417603,48.389408
134.491302,48.347481
134.571198,48.363819
134.600998,48.313869
134.740799,48.267811
134.683807,48.226650
134.664703,48.103870
134.583801,48.062481
134.557205,47.994431
134.772202,47.734711
134.673599,47.571659
134.491898,47.431370
134.314407,47.420818
134.156296,47.266651
134.222702,47.127201
134.211594,47.092758
134.135498,47.077770
134.062195,46.974979
134.039093,46.859989
134.010803,46.812199
134.045197,46.764709
134.019104,46.666660
133.847702,46.481930
133.849899,46.439419
133.912994,46.413872
133.929398,46.376652
133.864395,46.337761
133.903305,46.261929
133.827103,46.193310
133.800507,46.215260
133.686905,46.143040
133.724396,46.064991
133.660797,45.934151
133.477097,45.826382
133.471603,45.626930
133.189896,45.504162
133.102997,45.299992
133.127701,45.152481
133.033005,45.061371
132.939102,45.020260
132.836899,45.055111
132.017807,45.245670
131.952698,45.260818
131.895493,45.338871
131.844696,45.340820
131.753601,45.213039
131.666901,45.212761
131.632706,45.168880
131.654694,45.121929
131.466599,44.967201
131.349899,44.974701
131.225494,44.913872
131.130997,44.928871
130.953796,44.846088
130.998306,44.783871
131.094894,44.692478
131.298004,44.051929
131.247192,44.027481
131.206299,43.623039
131.188797,43.536652
131.301102,43.459980
131.311295,43.392208
131.274094,43.363319
131.267197,43.276089
131.190994,43.196651
131.218307,43.145821
131.107697,43.041660
131.105499,42.974430
131.136597,42.936932
131.123306,42.910809
130.895203,42.851379
130.818497,42.876091
130.405197,42.718040
130.458801,42.679989
130.532196,42.684429
130.605194,42.619709
130.617996,42.579430
130.566299,42.538040
130.603897,42.420620
130.529099,42.523041
130.514694,42.602211
130.481598,42.607208
130.464905,42.546940
130.426102,42.574429
130.250198,42.709980
130.259094,42.884159
130.100800,42.911930
130.135803,42.962200
130.099396,42.980541
130.041901,42.957760
129.861893,42.965820
129.751099,42.704700
129.774704,42.646931
129.742706,42.640820
129.729095,42.478031
129.701294,42.438320
129.570496,42.405819
129.546906,42.364429
129.356598,42.446651
129.209396,42.286381
129.175797,42.234989
129.213303,42.223042
129.114395,42.139431
128.962708,42.084431
128.925797,42.024429
128.630493,42.029980
128.453796,42.003880
128.422501,42.028591
128.282394,42.039150
128.058807,42.003319
128.060806,41.910542
128.150497,41.720821
128.297195,41.593040
128.282196,41.530270
128.160507,41.386101
128.044098,41.389431
127.936897,41.446930
127.709396,41.413311
127.557198,41.429710
127.472702,41.472759
127.287498,41.471088
127.210800,41.521931
127.108902,41.532761
127.106102,41.545269
127.178596,41.587490
127.045197,41.651371
127.045197,41.724430
126.928299,41.796379
126.786903,41.692211
126.710297,41.740540
126.696899,41.714989
126.676903,41.669430
126.571404,41.620258
126.553802,41.496929
126.500801,41.431931
126.527199,41.357491
126.456100,41.357208
126.075500,40.997478
126.041603,40.937759
125.900002,40.896931
125.697998,40.859150
125.647202,40.810539
125.684402,40.769981
125.603897,40.755821
125.580002,40.784988
125.405800,40.620819
125.329300,40.645359
125.320999,40.648041
125.291496,40.639889
125.031601,40.527901
125.009399,40.509991
125.042702,40.468040
124.963203,40.453739
124.957703,40.452770
124.891403,40.475811
124.592201,40.261379
124.372299,40.094311
124.358597,40.001099
124.181602,39.867771
123.985298,39.809990
123.686897,39.837769
123.650497,39.902760
123.595802,39.777489
123.481400,39.785549
123.459999,39.737492
123.409103,39.730259
123.414703,39.771648
123.388603,39.783039
123.353600,39.778881
123.271103,39.804989
123.262199,39.745819
123.209999,39.748878
123.203598,39.731930
123.256104,39.721661
123.255501,39.691101
123.011398,39.677490
122.996101,39.635269
122.947502,39.619991
122.804703,39.575550
122.638603,39.521931
122.552696,39.449429
122.398598,39.411652
122.116402,39.194988
122.155502,39.140541
122.042503,39.093601
122.055496,39.058880
121.996902,39.064159
121.962799,39.033039
121.846901,39.034431
121.826103,39.022209
121.893898,38.974709
121.873596,38.947769
121.837502,38.946381
121.781601,39.005550
121.717201,39.029148
121.736900,38.996101
121.664703,39.012489
121.591599,38.931099
121.698303,38.901932
121.238297,38.769161
121.176903,38.717770
121.132202,38.738602
121.115799,38.851101
121.150497,38.895260
121.085297,38.908871
121.130203,38.944988
121.226097,38.933601
121.342201,38.974709
121.325500,39.010540
121.376099,39.047771
121.468300,39.014709
121.675499,39.085819
121.689400,39.121929
121.594704,39.194439
121.699699,39.287209
121.911102,39.387760
121.919998,39.417488
121.842201,39.381649
121.708603,39.401100
121.713898,39.368881
121.529404,39.359989
121.485001,39.389992
121.433601,39.513050
121.227997,39.515270
121.228897,39.538319
121.310303,39.594990
121.535797,39.621658
121.542801,39.684711
121.503899,39.684429
121.460800,39.756100
121.545303,39.864159
121.770798,39.914711
121.884102,40.006378
121.828903,40.018879
122.205803,40.369160
122.205299,40.422211
122.250000,40.430271
122.298302,40.517208
122.154999,40.607208
122.157997,40.700260
122.123299,40.681931
122.066399,40.731091
121.875298,40.801102
121.826401,40.921650
121.870796,40.985538
121.816399,40.964710
121.769699,40.853600
121.614700,40.833599
121.532799,40.874439
121.364700,40.931931
121.217499,40.918598
121.152802,40.900829
120.966599,40.812481
120.940498,40.734440
121.032799,40.708881
120.827797,40.663052
120.797997,40.596931
120.553902,40.405819
120.534698,40.369160
120.592796,40.352772
120.495499,40.304710
120.501900,40.243320
120.449699,40.197491
120.208000,40.124439
119.620201,39.915272
119.347702,39.724152
119.286903,39.589710
119.236397,39.590820
119.242203,39.565540
119.252998,39.399712
118.964996,39.151932
118.891098,39.124710
118.955299,39.185551
118.748299,39.142769
118.605003,39.189430
118.501404,39.115551
118.313301,39.040539
118.182198,39.168320
118.051697,39.224152
117.879997,39.195541
117.711403,39.097488
117.751404,38.978321
117.700500,38.990551
117.559998,38.739159
117.547798,38.608051
117.647499,38.421379
117.786903,38.288879
118.136902,38.140820
118.440804,38.116379
118.538597,38.067760
118.761101,38.149990
118.830498,38.156380
118.856102,38.056660
118.928596,38.055271
119.026398,37.904991
119.031601,37.782768
119.093903,37.721661
118.969398,37.592209
118.937798,37.381378
118.971100,37.270821
119.380501,37.124710
119.767197,37.151371
119.869698,37.223598
119.894402,37.269428
119.854103,37.359440
120.058899,37.431931
120.312202,37.608601
120.319702,37.655819
120.213898,37.680271
120.348900,37.685261
120.610001,37.785820
120.889099,37.824989
120.960297,37.756939
121.146599,37.689991
121.134399,37.600552
121.168900,37.577492
121.271896,37.578041
121.383598,37.584148
121.382797,37.553600
121.570503,37.424709
121.672798,37.438320
121.628304,37.465820
121.953300,37.456928
121.948303,37.421379
121.997200,37.426659
121.980797,37.478321
122.123299,37.557209
122.154701,37.513599
122.124199,37.488041
122.181396,37.418320
122.238297,37.456379
122.309097,37.411098
122.677498,37.407211
122.563301,37.342491
122.579102,37.296101
122.549698,37.302761
122.618896,37.186100
122.503304,37.151100
122.442497,37.110538
122.400497,37.025829
122.411102,36.996380
122.540497,37.016651
122.509399,36.935261
122.401100,36.916660
122.430298,36.861099
122.313004,36.822491
122.188301,36.844990
122.178902,36.885269
122.261902,36.897209
122.190804,36.922489
122.173897,36.976379
122.153000,37.008320
122.036102,36.892490
122.037201,36.935822
121.964104,37.000542
121.917999,36.984989
121.934998,36.926659
121.620499,36.813599
121.624702,36.733601
121.517197,36.751099
121.493896,36.776661
121.584396,36.819710
121.598000,36.845539
121.445801,36.819710
121.469101,36.784988
121.446404,36.751381
121.280502,36.703602
121.002998,36.582211
120.840797,36.648602
120.742996,36.606930
120.736397,36.549992
120.779701,36.536098
120.847198,36.604160
120.924103,36.548870
120.893303,36.398041
120.848602,36.380550
120.819397,36.460270
120.749702,36.453602
120.681396,36.371380
120.719398,36.321381
120.640503,36.321659
120.699699,36.146931
120.680801,36.127491
120.351601,36.040539
120.288300,36.060822
120.355499,36.191380
120.301697,36.268318
120.277802,36.246380
120.297798,36.179989
120.241402,36.192760
120.084999,36.214432
120.088303,36.112492
120.190498,35.977489
120.290001,36.007771
120.291603,35.964161
120.175003,35.935551
120.044098,35.856930
120.021896,35.761379
119.987198,35.715260
119.932198,35.756649
119.903297,35.738319
119.900803,35.621101
119.853302,35.606098
119.827202,35.656651
119.745003,35.573879
119.728600,35.618599
119.644699,35.576931
119.537804,35.364990
119.427200,35.315819
119.356598,35.098320
119.209999,35.051659
119.163300,34.851379
119.201103,34.707489
119.236099,34.759991
119.437798,34.746101
119.478897,34.703320
119.458603,34.674709
119.599403,34.565769
119.616600,34.554150
119.927498,34.455269
120.258904,34.300819
120.376404,33.991940
120.508003,33.717491
120.488602,33.638050
120.566902,33.544991
120.668900,33.316929
120.749397,33.269428
120.734398,33.231670
120.789398,33.161381
120.827202,33.019711
120.900002,33.009159
120.899399,32.805538
120.845299,32.786098
120.839104,32.636929
121.307999,32.446659
121.410500,32.363049
121.422997,32.244431
121.358299,32.235828
121.393898,32.165539
121.570801,32.097210
121.830299,31.913879
121.895798,31.698879
121.871902,31.676109
121.805298,31.683050
121.576599,31.758051
121.283302,31.871380
120.976898,31.831390
120.810501,32.019161
120.623596,32.093330
120.470802,32.091930
120.224098,31.934160
120.157799,31.939159
120.014702,31.984989
119.905502,32.132488
119.922997,32.207211
119.826599,32.306381
119.617203,32.354431
119.680801,32.303051
119.663902,32.244709
119.626602,32.204151
119.628899,32.184711
119.692497,32.236660
119.789703,32.193321
119.769997,32.119431
119.872200,32.066940
119.880501,31.993891
119.995796,31.945551
120.222504,31.902491
120.435799,31.970831
120.435799,32.021099
120.689697,31.992500
120.736397,31.966379
120.787201,31.866100
120.718903,31.817490
120.766403,31.791941
120.978302,31.751381
121.229698,31.617220
121.309097,31.501940
121.639702,31.328609
121.716400,31.265551
121.884697,30.974991
121.883598,30.900829
121.847504,30.852209
121.559402,30.843611
121.429703,30.795830
121.342499,30.705830
120.995796,30.572220
120.947502,30.511940
120.936699,30.415279
120.898903,30.401381
120.911903,30.370831
120.753899,30.335550
120.697701,30.385559
120.614197,30.398050
120.383003,30.367491
120.344101,30.293051
120.244698,30.290270
120.146103,30.194719
120.249397,30.266380
120.334099,30.216110
120.384399,30.231939
120.404999,30.286110
120.481598,30.312490
120.529099,30.296101
120.581398,30.158331
120.629204,30.102209
120.768303,30.080271
120.670303,30.100269
120.635201,30.145281
120.710503,30.114990
121.179398,30.303049
121.298302,30.301109
121.421097,30.237221
121.677696,29.963051
121.792801,29.960270
121.931396,29.882219
122.061401,29.887489
122.126602,29.888889
122.108597,29.868330
121.951897,29.809999
121.672501,29.559160
121.511101,29.505831
121.496101,29.549721
121.445000,29.520550
121.439697,29.416941
121.497498,29.451380
121.721603,29.533331
121.746902,29.466940
121.800003,29.478050
121.818604,29.521660
121.820503,29.544720
121.740501,29.542500
121.739403,29.566099
121.912201,29.634991
121.979698,29.585270
121.939102,29.544720
121.970497,29.433880
121.901901,29.411110
121.904701,29.318880
121.951401,29.251110
121.958900,29.216110
121.842796,29.160830
121.799698,29.200550
121.835297,29.327221
121.771400,29.336660
121.738297,29.191940
121.655296,29.188881
121.639702,29.221380
121.656097,29.301661
121.617500,29.298330
121.627197,29.202770
121.579399,29.297501
121.523003,29.274719
121.530800,29.234720
121.410500,29.156380
121.440300,29.133881
121.630203,29.106390
121.611603,29.052771
121.580498,29.050270
121.650299,29.043610
121.668900,29.013880
121.683296,28.965269
121.683296,28.914440
121.582199,28.925270
121.549698,28.936380
121.665298,28.821939
121.601097,28.719160
121.490501,28.696110
121.164703,28.812220
121.290802,28.735279
121.300499,28.693050
121.259697,28.668610
121.371597,28.691660
121.487999,28.666109
121.566399,28.472771
121.586098,28.358330
121.655800,28.338051
121.625298,28.284161
121.571098,28.251381
121.566902,28.309170
121.457497,28.339439
121.394699,28.295271
121.419403,28.256100
121.359703,28.219990
121.366402,28.157770
121.324402,28.143330
121.204697,28.330000
121.261398,28.359720
121.161598,28.382771
121.097504,28.287769
121.066399,28.295830
121.114998,28.244440
121.103897,28.206100
120.997200,28.134720
120.958000,27.996111
120.921402,27.982491
120.735298,28.027220
120.639198,28.078011
120.560898,28.109650
120.852203,27.936100
120.840500,27.871660
120.709702,27.720831
120.631897,27.752220
120.670502,27.698330
120.636101,27.598330
120.573898,27.587500
120.604103,27.505831
120.685303,27.476940
120.634102,27.368891
120.542999,27.398609
120.525497,27.229160
120.466904,27.175550
120.440300,27.224991
120.420303,27.169439
120.361397,27.246660
120.297798,27.240549
120.290497,27.266380
120.319099,27.289721
120.266602,27.318609
120.227203,27.260830
120.185501,27.275270
120.186096,27.211109
120.351898,27.234440
120.376602,27.182770
120.410004,27.130270
120.382500,27.094170
120.245003,27.128599
120.275299,27.058611
120.237503,27.066660
120.249397,27.023609
120.251099,26.988331
120.143600,26.976379
120.239403,26.952770
120.214104,26.910549
120.138901,26.925831
120.099701,26.877220
120.033897,26.899719
120.019699,26.837219
120.148903,26.711390
120.101097,26.695000
120.118599,26.645550
120.067703,26.637211
119.885498,26.519720
119.833900,26.524719
119.834099,26.562490
120.055801,26.754990
120.057999,26.787540
119.921402,26.789709
119.891098,26.684990
119.857498,26.649719
119.793602,26.721380
119.835297,26.786659
119.790298,26.839720
119.760498,26.737770
119.732498,26.758329
119.686699,26.812220
119.676399,26.760281
119.731598,26.711660
119.700500,26.694719
119.616600,26.796391
119.571098,26.787769
119.553001,26.707491
119.604401,26.690281
119.596603,26.644991
119.558601,26.661110
119.534103,26.645000
119.605003,26.567490
119.726402,26.609440
119.803299,26.486940
119.807503,26.428881
119.759399,26.406660
119.748299,26.434719
119.577499,26.473890
119.568901,26.430269
119.640800,26.445271
119.657997,26.338600
119.742798,26.323050
119.824097,26.420271
119.843597,26.373600
119.922203,26.363609
119.755501,26.291109
119.633904,26.254160
119.663902,26.219440
119.625000,26.200830
119.595001,26.138611
119.443901,25.976110
119.148003,26.113609
119.196899,26.082781
119.239700,25.959160
119.364998,25.936939
119.464699,25.971939
119.515800,26.041389
119.580498,26.041941
119.706100,25.877796
119.667503,25.905550
119.563904,25.875549
119.609398,25.789160
119.582199,25.677500
119.451103,25.680269
119.502998,25.554720
119.533302,25.573610
119.565300,25.536659
119.646599,25.413050
119.634399,25.372219
119.577499,25.339991
119.586098,25.443050
119.538902,25.456381
119.537804,25.365829
119.480003,25.371941
119.504700,25.474720
119.435501,25.443600
119.450302,25.501110
119.349098,25.530550
119.379204,25.585831
119.308899,25.606939
119.248901,25.493330
119.127502,25.429720
119.168900,25.319160
119.196098,25.353331
119.219398,25.316660
119.184700,25.282221
119.215302,25.256380
119.242500,25.324711
119.287498,25.322220
119.349998,25.245550
119.266899,25.228609
119.288300,25.193880
119.263298,25.167219
119.153900,25.177490
119.127800,25.243610
119.108902,25.168610
119.146103,25.118330
119.063004,25.124439
119.064400,25.224720
119.002502,25.221661
118.977997,25.237221
119.030296,25.271660
118.871902,25.243891
118.871902,25.219721
118.955299,25.191380
118.972198,25.166109
118.931602,25.101101
118.864403,25.104160
118.851097,25.071659
118.956398,24.999439
119.001099,25.043329
118.985001,24.926941
118.961601,24.953609
118.896896,24.942490
118.898903,24.910830
118.947701,24.881660
118.840500,24.881660
118.766098,24.856939
118.691902,24.853880
118.729103,24.894991
118.669403,24.947220
118.639397,24.920549
118.670303,24.881660
118.653603,24.858049
118.571899,24.881660
118.626602,24.768890
118.712799,24.800270
118.757202,24.740271
118.671898,24.669161
118.634697,24.661940
118.657501,24.574989
118.550499,24.511379
118.572197,24.572491
118.430000,24.628599
118.435799,24.662220
118.418602,24.695551
118.413300,24.608610
118.361603,24.580830
118.282997,24.592220
118.235298,24.533331
118.194702,24.553049
118.180801,24.592220
118.214996,24.612221
118.156097,24.658600
118.092499,24.579990
118.043602,24.615829
118.049698,24.563610
118.005798,24.556660
118.053596,24.512489
118.006599,24.457769
117.883598,24.482491
117.791603,24.462061
117.873901,24.394720
118.032997,24.403879
118.012802,24.316660
118.095001,24.342779
118.123299,24.256109
117.966599,24.152220
117.965797,24.194719
117.891403,24.027491
117.859200,24.035271
117.763603,23.940830
117.785797,24.022770
117.704697,24.023331
117.614700,23.863609
117.625504,23.780550
117.567497,23.717220
117.595497,23.857500
117.560799,23.906660
117.403000,23.933331
117.417503,23.906111
117.476402,23.899990
117.483299,23.861660
117.432999,23.768330
117.308899,23.755270
117.292503,23.791660
117.262497,23.721100
117.267998,23.630270
117.218597,23.611111
117.236900,23.674160
117.223297,23.683880
117.098900,23.558331
117.068901,23.576380
117.030800,23.657490
116.928001,23.617220
116.907799,23.653330
116.878899,23.548611
116.799103,23.385281
116.677498,23.353050
116.521400,23.415831
116.563904,23.330280
116.743599,23.317490
116.776100,23.239161
116.716400,23.243891
116.615196,23.170561
116.595001,23.222500
116.546402,23.241659
116.506401,23.217770
116.588303,23.205271
116.522797,23.124161
116.538002,23.009159
116.476097,22.935829
116.348000,22.930269
116.268898,22.991381
116.267799,22.953609
116.116096,22.841391
116.069397,22.844160
116.106400,22.900829
116.066704,22.895550
116.050301,22.852489
115.785500,22.748880
115.796402,22.795271
115.670303,22.883329
115.733597,22.925270
115.554100,22.858259
115.449997,22.932220
115.407997,22.918610
115.501099,22.870550
115.485001,22.842489
115.607803,22.861380
115.523903,22.779440
115.519096,22.732491
115.591904,22.740829
115.555496,22.648050
115.344101,22.704990
115.344704,22.741381
115.398300,22.746380
115.393898,22.784161
115.227501,22.780550
115.228897,22.797489
115.320297,22.839720
115.313301,22.903049
115.275299,22.870831
115.128304,22.801109
115.044701,22.774719
115.011902,22.695271
114.950500,22.694160
114.932701,22.754440
114.893898,22.740271
114.955002,22.667500
114.872200,22.533051
114.731102,22.596380
114.725304,22.727209
114.795502,22.769991
114.602203,22.748880
114.500504,22.650551
114.583603,22.638889
114.502197,22.581100
114.501602,22.548050
114.548302,22.559719
114.614197,22.500549
114.499603,22.449820
114.461899,22.559160
114.356903,22.608049
114.223587,22.549334
114.221191,22.548855
114.032242,22.511158
114.031342,22.510466
113.960197,22.519400
113.861900,22.462770
113.751099,22.755550
113.652802,22.749161
113.649399,22.828609
113.596603,22.916380
113.580299,23.016670
113.544998,22.982491
113.522499,23.022221
113.617203,23.104719
113.811401,23.120831
113.680298,23.152491
113.510498,23.051941
113.445503,23.084160
113.400497,23.074160
113.477501,23.052780
113.496101,23.003599
113.474701,22.913879
113.212196,22.907490
113.359200,22.883329
113.483597,22.765829
113.375504,22.758051
113.521896,22.652220
113.566101,22.537769
113.531403,22.417500
113.541100,22.387211
113.608299,22.361111
113.560600,22.210602
113.558899,22.211399
113.556900,22.211901
113.555298,22.212500
113.553299,22.213100
113.551399,22.213600
113.549400,22.214199
113.547203,22.214399
113.545303,22.214399
113.543098,22.214199
113.541100,22.213600
113.539398,22.213100
113.537804,22.212200
113.536102,22.211700
113.535004,22.210600
113.534203,22.208900
113.533302,22.207500
113.532501,22.205799
113.531898,22.203899
113.531403,22.201900
113.531700,22.200001
113.531700,22.197800
113.531700,22.195601
113.531700,22.193300
113.531097,22.191099
113.530602,22.189400
113.529999,22.187799
113.529701,22.185801
113.529404,22.183901
113.528900,22.181900
113.528732,22.181513
113.439697,22.173880
113.165298,22.571381
113.159698,22.478331
113.198898,22.452770
113.385498,22.171940
113.299103,22.175550
113.224098,22.037491
113.184402,22.055830
113.112801,22.088051
113.110497,22.210550
113.082497,22.203609
112.986397,22.082769
113.017197,21.947491
112.939102,21.868610
112.885201,21.861660
112.826599,21.964991
112.746399,21.934719
112.628899,21.789721
112.559097,21.764999
112.415802,21.841940
112.412804,21.900270
112.492996,21.961660
112.399696,21.940269
112.373001,21.982491
112.398598,21.795830
112.333900,21.717489
112.230797,21.715269
112.191902,21.837219
112.064102,21.788601
112.003601,21.815281
112.030502,21.845831
111.966599,21.821381
111.892502,21.920271
111.892799,21.850269
111.998901,21.765829
111.915001,21.718611
111.842499,21.674440
111.833298,21.691389
111.867500,21.703609
111.720802,21.759720
111.777199,21.697220
111.771103,21.646379
111.688599,21.605829
111.641899,21.523331
111.593300,21.532770
111.463600,21.515829
111.430496,21.596661
111.403900,21.573610
111.433899,21.534161
111.401398,21.521111
111.345802,21.484159
111.250000,21.435551
111.290298,21.499439
111.154999,21.515829
111.185303,21.481380
111.138298,21.467220
111.123596,21.500830
111.025299,21.534161
111.008904,21.447769
110.873001,21.383051
110.792999,21.402769
110.714104,21.356939
110.648598,21.254440
110.639397,21.323050
110.652397,21.359671
110.758301,21.412500
110.693604,21.405270
110.612503,21.333050
110.631897,21.227489
110.420502,21.193331
110.437798,21.276939
110.420799,21.306940
110.436096,21.396940
110.395798,21.383051
110.373001,21.430830
110.394997,21.328880
110.328300,21.337219
110.410500,21.230551
110.216599,21.023050
110.193298,21.063610
110.162201,20.841379
110.276604,20.843880
110.366402,20.833879
110.401100,20.731380
110.376900,20.709440
110.351097,20.746660
110.299698,20.655279
110.388603,20.600281
110.473000,20.572220
110.529099,20.473330
110.463600,20.358601
110.373299,20.301390
110.116600,20.239990
110.033302,20.298880
109.917999,20.234989
109.919998,20.341379
109.875504,20.376940
109.898903,20.427490
109.983299,20.347219
110.011101,20.414989
109.993896,20.446659
109.921097,20.442209
109.820801,20.515829
109.846100,20.554720
109.781403,20.631100
109.748596,20.626110
109.746399,20.667770
109.834999,20.705549
109.768303,20.714991
109.751404,20.844721
109.730003,20.806660
109.663002,20.877769
109.677498,21.140270
109.728897,21.184719
109.750000,21.159161
109.760498,21.198601
109.764397,21.348049
109.839401,21.348049
109.950798,21.453011
109.879402,21.483330
109.818901,21.456381
109.796402,21.467489
109.798302,21.550831
109.742203,21.572769
109.770203,21.484989
109.733597,21.468050
109.651604,21.516661
109.671097,21.620550
109.616096,21.588600
109.572998,21.655270
109.585800,21.743891
109.493599,21.695271
109.526901,21.633051
109.574402,21.569719
109.433296,21.452770
109.376900,21.454990
109.291901,21.437500
109.135498,21.398050
109.035202,21.451380
109.149696,21.521379
109.142502,21.579990
109.061897,21.611380
108.976898,21.602489
108.907501,21.622780
108.865501,21.753880
108.860298,21.814159
108.781403,21.809990
108.848297,21.761379
108.829697,21.706940
108.795799,21.750271
108.827797,21.693331
108.837196,21.656380
108.740196,21.611660
108.742203,21.657490
108.683899,21.701380
108.641602,21.745270
108.665497,21.807501
108.629204,21.751390
108.594101,21.737221
108.565300,21.801109
108.637199,21.884439
108.563004,21.920549
108.474899,21.851030
108.464500,21.891870
108.492996,21.767490
108.521400,21.670271
108.561699,21.690269
108.526398,21.611111
108.467201,21.570829
108.392502,21.555830
108.386398,21.594990
108.434700,21.592220
108.471397,21.667219
108.400497,21.670549
108.333000,21.698891
108.306396,21.574989
108.209999,21.496941
108.236397,21.543610
108.228302,21.638880
108.196404,21.589720
107.986099,21.542641
107.916603,21.588881
107.782799,21.667139
107.703903,21.624990
107.485802,21.597771
107.487198,21.641661
107.453903,21.658051
107.402802,21.617769
107.363297,21.604990
107.301399,21.731100
107.211899,21.711941
107.013000,21.834990
107.048302,21.914440
107.022797,21.938601
106.746597,22.015270
106.692200,21.965820
106.675201,21.985821
106.695198,22.057220
106.653603,22.328609
106.578003,22.337500
106.561401,22.364161
106.607201,22.606939
106.635498,22.615549
106.680298,22.572769
106.821602,22.800270
106.679398,22.875549
106.642502,22.856100
106.606102,22.902210
106.336899,22.853319
106.251602,22.871941
106.227203,22.953039
106.146400,22.983330
105.872498,22.910271
105.761902,23.023880
105.570297,23.064440
105.554398,23.160271
105.517502,23.187210
105.323303,23.375820
105.240501,23.260550
105.064400,23.230270
104.822998,23.099720
104.861099,22.936661
104.724098,22.814989
104.591301,22.821659
104.362198,22.686661
104.261902,22.737770
104.255501,22.831940
104.102501,22.792219
104.035202,22.691099
104.016899,22.547211
103.964699,22.498800
103.856598,22.581100
103.652802,22.784000
103.563004,22.698050
103.584999,22.647209
103.549400,22.603319
103.380798,22.781940
103.326897,22.793051
103.275497,22.669161
103.180000,22.624439
103.163002,22.538050
103.069397,22.492769
103.070801,22.445271
103.030502,22.435551
102.928596,22.481930
102.867699,22.597771
102.683601,22.690830
102.560204,22.697491
102.521400,22.764999
102.469398,22.771379
102.381599,22.670830
102.415001,22.632771
102.264397,22.484159
102.250801,22.413050
102.179703,22.428329
102.140503,22.395889
102.105797,22.437490
101.994698,22.448601
101.894699,22.384159
101.866096,22.390270
101.823303,22.466930
101.768898,22.500830
101.689400,22.470270
101.635201,22.305269
101.570000,22.279160
101.613899,22.028879
101.784698,21.824989
101.752502,21.724440
101.828903,21.630550
101.799698,21.584160
101.740501,21.313610
101.851097,21.245541
101.784698,21.142771
101.717499,21.148050
101.605499,21.182211
101.605003,21.234989
101.281898,21.180269
101.234398,21.256390
101.265297,21.376110
101.193604,21.412769
101.208900,21.558611
101.151802,21.570860
101.122200,21.769720
100.890297,21.685089
100.720001,21.509991
100.560204,21.451380
100.458801,21.486919
100.388901,21.536381
100.213203,21.432560
100.162201,21.468321
100.106102,21.583330
100.148903,21.639160
100.136101,21.685270
99.986359,21.709431
99.968307,21.768881
99.968231,22.050470
99.847473,22.022770
99.749130,22.075270
99.694122,22.041941
99.684402,22.076380
99.612747,22.091940
99.465530,22.135830
99.359413,22.093050
99.232468,22.114441
99.163300,22.165270
99.244957,22.317209
99.296921,22.406660
99.384697,22.509991
99.328033,22.744720
99.387192,22.780270
99.445511,22.949711
99.546631,22.915270
99.566360,22.938049
99.508324,23.086941
99.356354,23.134991
99.189407,23.102489
99.054962,23.131660
99.058853,23.167500
98.881348,23.188049
98.937737,23.318050
98.876907,23.333599
98.918579,23.364719
98.914688,23.417219
98.879959,23.483601
98.821373,23.484720
98.806633,23.554159
98.885803,23.613331
98.834412,23.691940
98.684692,23.812220
98.693024,23.934441
98.751648,23.998600
98.907204,24.120270
98.889397,24.160669
98.761368,24.121941
98.595810,24.078051
98.220253,24.125820
98.040527,24.081671
97.649979,23.851660
97.536362,23.950550
97.576920,23.982771
97.749397,24.163610
97.727463,24.224991
97.759979,24.257500
97.741638,24.290270
97.664688,24.306110
97.665527,24.337780
97.716637,24.352770
97.701370,24.385550
97.530533,24.441380
97.568588,24.669439
97.552460,24.743050
97.624969,24.789709
97.790527,24.839720
97.797203,24.863050
97.736633,24.918880
97.723022,25.082491
97.846359,25.268330
97.873016,25.258610
97.906357,25.210831
97.941071,25.214161
98.069427,25.314440
98.171356,25.624439
98.326637,25.551661
98.385803,25.596380
98.391647,25.656660
98.535248,25.848610
98.631912,25.801109
98.665802,25.826380
98.715263,25.896660
98.655243,25.953880
98.568039,26.123051
98.602753,26.137489
98.664413,26.098330
98.709976,26.134720
98.728302,26.200001
98.665802,26.260550
98.778580,26.642771
98.739693,26.864161
98.760246,27.069990
98.705811,27.103880
98.733856,27.363050
98.699982,27.388330
98.704697,27.582491
98.668030,27.619440
98.589691,27.602221
98.551071,27.666941
98.428017,27.686380
98.426071,27.632771
98.397476,27.546379
98.346916,27.528330
98.309402,27.549999
98.166924,27.883600
98.207199,27.904440
98.195801,27.930550
98.130798,27.969160
98.157204,28.120270
98.130798,28.160549
98.009697,28.218599
98.018860,28.278330
97.898857,28.381380
97.796921,28.349159
97.700813,28.521111
97.631348,28.484159
97.574982,28.546940
97.548576,28.539989
97.464981,28.292500
97.410522,28.292490
97.349548,28.222670
97.298309,28.240271
97.233582,28.317770
97.105797,28.381390
96.998863,28.332220
96.779137,28.375549
96.740799,28.426380
96.590530,28.467211
96.401917,28.351101
96.264687,28.415270
96.368301,28.485830
96.345253,28.556940
96.434692,28.593889
96.496628,28.692221
96.616364,28.757771
96.611633,28.801109
96.533859,28.896379
96.504700,29.069990
96.343857,29.032499
96.250259,28.940830
96.172737,28.899719
96.148590,28.943331
96.182190,28.995270
96.122742,29.083050
96.353027,29.183050
96.395248,29.255270
96.362473,29.290550
96.289413,29.241381
96.231079,29.257500
96.166924,29.369711
96.063858,29.465549
95.579147,29.244431
95.543030,29.134720
95.496078,29.140829
95.479424,29.076099
95.439133,29.041380
95.345253,29.044720
95.223587,29.100550
94.947189,29.158609
94.800522,29.167490
94.733582,29.280550
94.631866,29.327530
94.596077,29.284990
94.285248,29.144159
94.133591,28.967770
94.034409,28.969990
94.049133,28.864441
93.738022,28.696939
93.558006,28.683599
93.225517,28.628330
93.169418,28.448879
93.118027,28.371941
92.823868,28.178049
92.802460,28.201660
92.680252,28.117769
92.662193,28.063049
92.729141,28.036381
92.699402,27.955549
92.379410,27.804710
92.358307,27.844440
92.335251,27.798050
92.306084,27.798330
92.279137,27.863331
92.256638,27.871380
92.253860,27.815830
91.970520,27.728050
91.659554,27.765110
91.666924,27.888880
91.658310,27.948050
91.338028,28.052490
91.314972,28.096661
91.108856,27.971109
91.015808,27.977770
90.896927,28.050550
90.382462,28.079720
90.396088,28.235550
90.366074,28.257771
89.996353,28.323330
89.831650,28.248880
89.586090,28.139999
89.359970,27.871660
89.225517,27.795000
89.125793,27.567490
88.971077,27.473610
88.917877,27.321039
88.783310,27.438049
88.779694,27.489990
88.881348,27.842489
88.827187,28.016380
88.611633,28.113050
88.534126,28.029160
88.136093,27.949160
88.120506,27.904720
88.142357,27.868090
87.853851,27.914721
87.797203,27.837219
87.720520,27.804991
87.546082,27.845831
87.393593,27.809160
87.404137,27.860550
87.192734,27.823050
87.030258,27.965269
86.933029,27.950550
86.874130,28.017780
86.764137,28.026661
86.758034,28.080271
86.704147,28.111099
86.571907,28.105829
86.534973,27.954990
86.444962,27.908051
86.219704,28.016109
86.215263,28.118330
86.183578,28.163879
86.092468,28.078051
86.131638,27.926109
86.014420,27.882771
85.973022,27.915819
85.978027,27.989710
85.918854,28.033331
85.916367,28.096939
85.780807,28.206100
85.705811,28.340549
85.619957,28.251110
85.538300,28.289440
85.283859,28.272221
85.103302,28.316380
85.101913,28.446659
85.181923,28.530001
85.189957,28.603319
85.059967,28.641100
84.939682,28.540001
84.823303,28.551941
84.231354,28.929440
84.256088,29.042219
84.199692,29.062771
84.176361,29.213881
84.023590,29.279160
83.720520,29.228880
83.677193,29.161940
83.602463,29.165831
83.346077,29.496660
83.284409,29.474430
83.257477,29.580000
83.164978,29.633051
83.085251,29.585270
82.992188,29.672501
82.855240,29.668880
82.557739,29.942770
82.165802,30.079720
82.100517,30.342220
81.615517,30.419710
81.541924,30.330549
81.411362,30.380831
81.396362,30.283051
81.356628,30.145281
81.290802,30.130550
81.301910,30.083599
81.223587,30.010269
81.109703,30.024719
81.027397,30.204700
80.601357,30.476379
80.538857,30.464439
80.321907,30.564720
80.203583,30.564989
80.227753,30.621941
80.187469,30.675819
80.256363,30.729710
80.235519,30.747490
80.084137,30.791941
79.909698,30.916660
79.748863,30.989710
79.590263,30.941380
79.240250,31.244160
79.217468,31.340830
79.086906,31.439159
79.018593,31.411381
78.998581,31.325550
78.941910,31.359989
78.893860,31.298889
78.818314,31.286659
78.764687,31.315830
78.782753,31.457500
78.724983,31.480820
78.726357,31.531670
78.781647,31.555269
78.841080,31.615829
78.742462,31.684990
78.693298,31.785271
78.769417,31.958879
78.680527,32.035271
78.544693,32.209431
78.474983,32.236099
78.483307,32.300541
78.395813,32.543880
78.420517,32.566101
78.595520,32.570541
78.743027,32.639431
78.772202,32.622761
78.780258,32.478870
78.923859,32.366100
79.099136,32.376369
79.147476,32.484711
79.253593,32.515549
79.306923,32.494431
79.374130,32.546940
79.516373,32.676941
79.527161,32.749920
79.463593,32.803040
79.461090,32.858879
79.418297,32.905819
79.354141,32.983318
79.406357,33.161659
79.364693,33.189701
79.103577,33.219711
79.079422,33.287209
78.992188,33.318600
78.937408,33.408649
78.910797,33.608040
78.918030,33.633598
79.031357,33.626091
79.019417,33.754429
78.907471,33.936649
78.908859,33.970261
79.027191,34.015541
79.413300,34.016930
79.522202,34.113880
79.511642,34.190262
79.572197,34.199421
79.531647,34.410542
79.545517,34.432758
79.683578,34.411652
79.754150,34.442760
79.760529,34.468590
79.722748,34.519711
79.761642,34.552761
79.843857,34.574429
79.887482,34.662762
80.045242,34.658871
80.088303,34.736099
80.201637,34.893879
80.190804,35.086929
80.292191,35.193600
80.283859,35.325260
80.386642,35.425259
80.387192,35.506378
80.349411,35.522758
80.297737,35.503319
80.238022,35.557758
80.201637,35.558880
80.136093,35.445820
80.070534,35.406090
80.021912,35.437481
79.964142,35.595821
79.919128,35.617489
79.866913,35.568321
79.693573,35.650822
79.634407,35.759159
79.665802,35.801651
79.586906,35.867760
79.473862,35.854988
79.440247,35.878868
79.457199,35.928871
79.432739,35.963322
79.343307,35.986099
78.934402,35.892490
78.809402,35.925819
78.700531,35.881931
78.569977,35.791370
78.201920,35.639149
78.136917,35.543320
77.972473,35.574162
77.940247,35.501659
77.831413,35.480751
77.701080,35.461102
77.521088,35.484150
76.919968,35.595539
76.588303,35.760818
76.584702,35.891930
76.564133,35.912762
76.525803,35.873600
76.222198,35.813320
76.157753,35.828041
76.127457,35.972759
76.090530,36.000542
76.007751,36.001659
75.951370,36.031368
75.919968,36.119148
76.004433,36.177479
76.004967,36.458599
75.898857,36.628590
75.723862,36.742760
75.554138,36.770821
75.472748,36.725540
75.431084,36.747761
75.392471,36.917488
75.131348,37.001381
74.927750,36.966091
74.895248,36.911652
74.838867,37.011101
74.690804,37.062759
74.567749,37.026470
74.400528,37.139149
74.392197,37.175259
74.537193,37.243038
74.651077,37.234711
74.669418,37.266102
74.763313,37.301090
74.816933,37.219151
74.898827,37.240299
75.096626,37.321930
75.111076,37.383598
75.187469,37.406651
74.949402,37.563042
74.902763,37.647209
74.990250,37.778591
74.902763,37.847210
74.920517,37.938869
74.913589,38.017761
74.820534,38.068600
74.794418,38.306091
74.862747,38.384159
74.856628,38.470539
74.553017,38.600540
74.354691,38.674431
74.074417,38.609989
74.083038,38.547489
73.974136,38.533600
73.847198,38.588039
73.795212,38.661221
73.705254,38.864151
73.723297,38.912479
73.844131,38.945259
73.851357,38.976089
73.623863,39.220539
73.654694,39.438030
73.671631,39.458881
73.672440,39.458954
73.848022,39.474979
73.956093,39.597759
73.841637,39.762489
73.850250,39.825821
73.994423,40.046101
74.198013,40.113880
74.322197,40.092758
74.483032,40.168049
74.724136,40.336651
74.877747,40.324711
74.872192,40.368320
74.811081,40.417488
74.844704,40.503601
74.869133,40.521370
75.058853,40.447762
75.277473,40.482479
75.563293,40.643879
75.594421,40.639980
75.696617,40.444981
75.661362,40.398319
75.689682,40.309151
75.903847,40.301380
76.045242,40.388882
76.186630,40.375542
76.269699,40.452209
76.289963,40.451382
76.328033,40.354160
76.442177,40.399151
76.639420,40.608601
76.647476,40.740261
76.793579,40.862492
76.781921,40.940819
76.867462,41.011101
77.021637,41.049992
77.505814,40.986099
78.160248,41.085541
78.373581,41.275539
78.365517,41.366379
78.531082,41.463871
78.639969,41.483040
78.670807,41.531940
79.296082,41.785820
79.570534,41.840260
79.801361,41.902760
79.852188,41.999989
79.977188,42.034161
80.204697,42.029148
80.276367,42.059711
80.285477,42.182358
80.289139,42.231651
80.158020,42.632488
80.258873,42.816090
80.564972,42.880260
80.577759,42.908588
80.390259,42.992760
80.376633,43.025261
80.638313,43.139149
80.770523,43.108330
80.809967,43.130539
80.779968,43.264431
80.764687,43.293049
80.668579,43.319439
80.666641,43.348881
80.722473,43.404701
80.739693,43.465820
80.438858,43.992210
80.424683,44.063869
80.368027,44.112759
80.376068,44.375820
80.348862,44.450260
80.407204,44.602211
80.374680,44.651920
80.516647,44.707211
80.484703,44.746090
80.262192,44.824429
80.022202,44.793598
79.875793,44.865540
79.864967,44.896099
80.076637,45.024700
80.787193,45.147770
80.869423,45.131100
81.622192,45.329708
81.732468,45.350819
81.797737,45.305820
81.804138,45.214710
81.948013,45.157490
82.270813,45.235821
82.325256,45.233040
82.481644,45.127480
82.549408,45.123310
82.601067,45.174709
82.658577,45.345539
82.649406,45.430271
82.589142,45.463871
82.362183,45.495541
82.319702,45.529430
82.324417,45.590542
82.536911,45.988590
82.573303,46.173038
82.791077,46.546379
82.873863,46.763599
83.014687,46.960270
83.031357,47.199150
83.061363,47.220261
83.162483,47.223591
83.564972,47.061100
84.033043,46.978321
84.661362,46.994991
84.750809,46.955540
84.781647,46.925819
84.735237,46.836929
84.784973,46.826382
84.963593,46.864151
85.219421,47.039711
85.515808,47.058041
85.581360,47.184711
85.686630,47.211929
85.705544,47.364990
85.609131,47.499432
85.573868,47.801929
85.536362,47.943310
85.551826,47.972740
85.777763,48.402210
86.021637,48.436932
86.230797,48.425259
86.344131,48.495258
86.596077,48.536098
86.644974,48.616379
86.774406,48.714432
86.821373,48.846649
86.746078,48.910542
86.730530,48.972210
86.861633,49.104988
87.259697,49.111099
87.345329,49.095699
87.446617,49.077480
87.839973,49.171841
87.899406,49.002209
87.873016,48.951931
87.781357,48.927479
87.759407,48.881649
87.905533,48.773041
88.039139,48.747211
88.088577,48.706379
88.020813,48.633320
87.969421,48.607491
87.973297,48.576931
88.574142,48.362759
88.605240,48.217758
88.833862,48.110271
88.933296,48.115261
89.077469,47.995541
89.225800,47.980541
89.530533,48.041370
89.590813,48.029709
89.668297,47.913040
89.781921,47.828320
89.938858,47.836369
89.976639,47.891930
90.067467,47.889431
90.091637,47.865261
90.083313,47.797489
90.134140,47.737492
90.356918,47.674431
90.357468,47.643318
90.407753,47.543049
90.465813,47.500271
90.489960,47.321930
90.761093,46.999710
90.857193,46.988590
90.958862,46.883041
90.943848,46.828869
91.034409,46.742210
91.072197,46.573318
90.923019,46.315540
90.972473,46.177761
91.029694,46.041660
91.021088,46.008320
90.719421,45.735538
90.674683,45.494991
90.794418,45.394711
90.881638,45.204151
90.939407,45.193039
91.011917,45.223869
91.141647,45.212761
91.230530,45.151089
91.383034,45.118591
91.453583,45.158039
91.681084,45.068600
92.092468,45.079430
92.359703,45.012760
93.095253,45.010269
93.530807,44.962200
94.127182,44.700260
94.318039,44.587490
94.364807,44.520519
94.599411,44.453041
94.724411,44.349152
95.020523,44.256939
95.411087,44.296391
95.423286,44.278320
95.350250,44.177761
95.336090,44.020821
95.539963,43.992760
95.845520,43.441368
95.881348,43.279148
96.356918,42.906929
96.383034,42.731091
97.171631,42.797489
98.530258,42.628868
99.498581,42.570820
100.034698,42.648319
100.254997,42.641102
100.315002,42.691090
100.835503,42.678040
101.814697,42.509708
102.077202,42.233318
102.442497,42.151089
102.712502,42.161369
103.416397,41.887211
103.849403,41.802479
104.061096,41.803310
104.526604,41.877201
104.524101,41.663872
104.930496,41.651920
105.012199,41.581379
105.226898,41.749989
105.467697,41.831379
106.122498,42.077480
106.781898,42.295540
107.002800,42.313320
107.262497,42.359989
107.277199,42.410542
107.471901,42.466091
107.571098,42.410259
108.527802,42.442211
108.845497,42.399990
109.000000,42.458321
109.313599,42.429989
109.437698,42.453320
109.544701,42.473869
109.695503,42.558319
109.927696,42.641369
110.107498,42.645538
110.134399,42.673599
110.440498,42.777760
110.471901,42.846088
110.673599,43.003319
110.725304,43.078869
110.989700,43.316929
111.435501,43.489429
111.585800,43.497211
111.783897,43.672489
111.958298,43.692211
111.977997,43.763050
111.879402,43.938869
111.584999,44.150822
111.426399,44.332760
111.426903,44.412762
111.561096,44.577770
111.568001,44.679150
111.785004,45.000542
111.980797,45.091648
112.427200,45.080540
112.607498,44.926380
113.126099,44.797771
113.638000,44.745258
113.916901,44.922760
114.074097,44.938030
114.462196,45.211651
114.545197,45.389431
114.736099,45.442211
114.938004,45.382759
115.701897,45.458599
116.031403,45.685539
116.150002,45.693310
116.272202,45.789429
116.280502,45.823318
116.234100,45.887760
116.362999,46.088871
116.585503,46.295818
116.841599,46.393600
117.093002,46.359428
117.370796,46.364429
117.421097,46.578320
117.598900,46.611931
117.632698,46.551090
117.716599,46.513882
117.844101,46.534431
117.916100,46.610271
118.310204,46.736931
118.553596,46.690819
118.773300,46.683868
118.844101,46.765541
118.886902,46.769711
118.917702,46.720539
118.990501,46.750271
119.061600,46.677761
119.362999,46.614429
119.639999,46.627480
119.691399,46.597759
119.779404,46.628590
119.928001,46.710270
119.925499,46.908871
119.801399,46.993870
119.735199,47.155540
119.614098,47.248039
119.479103,47.329990
119.308601,47.424431
119.346397,47.473869
119.149399,47.533871
119.125000,47.664989
118.767197,47.772758
118.557701,47.995258
117.955299,48.007210
117.807999,48.011929
117.763802,47.974709
117.512398,47.763309
117.390297,47.660542
117.327797,47.669151
117.111099,47.813599
116.874702,47.888039
116.470299,47.839149
116.258301,47.878590
116.115501,47.821930
115.972702,47.691929
115.919098,47.691929
115.592201,47.919430
115.540001,48.135818
115.835800,48.252491
115.811096,48.520538
116.084099,48.815819
116.056396,48.863319
116.672501,49.774990
116.708801,49.828190
117.209999,49.641930
117.754997,49.531368
117.873001,49.507771
117.885002,49.542210
118.364998,49.778042
118.384697,49.816380
118.474998,49.830540
118.564697,49.917759
118.910500,49.984711
119.096901,49.988491
# Triangles
1405,1403,1401
1405,1404,1403
1403,1402,1401
1400,1399,1398
1405,1401,1406
1398,1401,1400
1397,1401,1398
1425,1411,1409
1409,1411,1410
1412,1411,1413
1397,1409,1406
1397,1406,1401
1407,1406,1408
1397,1396,1409
1409,1408,1406
1378,1409,1396
1389,1392,1390
1390,1392,1391
1388,1387,1389
1387,1386,1384
1385,1384,1386
1387,1384,1389
1383,1389,1384
1393,1392,1394
1394,1379,1396
1392,1383,1394
1383,1382,1381
1379,1381,1380
1379,1394,1381
1381,1394,1383
1392,1389,1383
1394,1396,1395
1379,1378,1396
1431,1430,1429
1432,1431,1433
1420,1419,1415
1419,1417,1416
1419,1418,1417
1428,1433,1431
1437,1439,1438
1435,1433,1436
1433,1435,1434
1437,1436,1440
1428,1436,1433
1437,1440,1439
1436,1428,1440
1445,1441,1440
1428,1431,1429
1415,1414,1421
1415,1421,1420
1421,1414,1413
1378,1377,1376
1426,1425,1409
1409,1378,1426
1376,1426,1378
1422,1421,1423
1421,1425,1423
1411,1421,1413
1425,1421,1411
1426,1376,1427
1445,1428,1427
1425,1424,1423
1375,1427,1376
1428,1445,1440
1374,1371,1375
1419,1416,1415
1375,1445,1427
1374,1372,1371
1370,1369,1368
1366,1368,1367
1370,1368,1366
1356,1355,1357
1366,1364,1370
1364,1371,1370
1364,1366,1365
1355,1353,1359
1355,1358,1357
1354,1353,1355
1355,1359,1358
1353,1351,1359
1364,1375,1371
1311,1310,1308
1312,1311,1308
1310,1309,1308
1306,1305,1304
1308,1307,1312
1307,1317,1312
1318,1317,1307
1344,1343,1345
1342,1345,1343
1313,1312,1314
1315,1317,1316
1317,1315,1314
1312,1317,1314
1307,1306,1318
1348,1347,1349
1353,1352,1351
1360,1362,1361
1360,1359,1351
1345,1342,1346
1338,1340,1339
1350,1349,1347
1363,1362,1351
1351,1350,1346
1351,1362,1360
1351,1490,1363
1346,1341,1340
1341,1346,1342
1338,1337,1340
1337,1336,1334
1340,1337,1334
1351,1346,1334
1347,1346,1350
1340,1334,1346
1363,1375,1364
1323,1322,1324
1321,1320,1319
1496,1331,2083
1321,1319,1070
1322,1321,1324
1324,1321,1325
1333,1331,1351
1332,1331,1333
1333,1351,1334
1327,1325,1329
1329,1328,1327
1330,1329,1325
1325,1331,1330
1326,1325,1327
1331,1325,1321
1321,2094,1331
1335,1334,1336
1363,1445,1375
1306,1296,1318
1374,1373,1372
1331,1492,1351
1620,1619,1618
1618,1617,1615
1608,1607,1604
1615,1617,1616
1607,1606,1604
1638,1636,1635
1636,1638,1637
1618,1615,1620
1615,1613,1612
1613,1615,1614
1620,1615,1622
1621,1620,1622
1612,1610,1615
1605,1604,1606
1602,1608,1603
1603,1608,1604
1586,1588,1587
1585,1584,1586
1589,1588,1586
1584,1589,1586
1601,1609,1602
1581,1580,1582
1576,1584,1583
1580,1583,1582
1576,1583,1580
1580,1579,1578
1589,1584,1575
1608,1602,1609
1630,1629,1628
1632,1630,1628
1635,1634,1638
1623,1622,1624
1625,1624,1626
1622,1626,1624
1610,1612,1611
1615,1627,1622
1638,1640,1639
1638,1634,1640
1633,1641,1640
1640,1634,1633
1632,1628,1633
1633,1628,1627
1642,1633,1627
1626,1622,1627
1632,1631,1630
1642,1641,1633
1627,1615,1610
1596,1595,1594
1593,1592,1594
1601,1600,1609
1575,1584,1576
1576,1578,1577
1594,1592,1591
1589,1575,1591
1609,1600,1610
1596,1594,1597
1610,1600,1599
1597,1594,1591
1610,1649,1627
1574,1573,1572
1520,1522,1521
1570,1591,1574
1575,1574,1591
1590,1589,1591
1576,1580,1578
1452,1451,1453
1453,1451,1454
1455,1454,1456
1460,1457,1449
1454,1450,1456
1451,1450,1454
1458,1457,1460
1465,1463,1466
1465,1464,1463
1462,1461,1463
1461,1460,1466
1467,1469,1468
1466,1460,1449
1463,1461,1466
1459,1458,1460
1449,1457,1456
1449,1467,1466
1449,1448,1474
1443,1442,1444
1441,1444,1442
1441,1445,1444
1474,1448,1447
1472,1470,1469
1472,1467,1473
1471,1470,1472
1472,1469,1467
1467,1474,1473
1467,1449,1474
1446,1476,1474
1476,1446,1477
1475,1474,1476
1477,1446,1480
1447,1446,1474
1445,1363,1446
1449,1456,1450
1504,1503,1502
1502,1501,1504
1478,1480,1479
1504,1501,1500
1509,1508,1507
1512,1511,1510
1510,1509,1497
1500,1499,1506
1506,1505,1500
1507,1506,1499
1499,1509,1507
1500,1505,1504
1497,1509,1499
1486,1484,1483
1485,1484,1486
1483,1487,1486
1482,1487,1483
1482,1481,1446
1488,1487,1482
1489,1488,1490
1363,1488,1482
1480,1446,1481
1496,1495,1494
1498,1497,1499
2083,1497,1496
1491,1490,1492
1493,1492,1494
1494,1492,1331
1490,1488,1363
1496,1494,1331
1363,1482,1446
1478,1477,1480
1497,2083,1510
1351,1492,1490
1319,1318,1070
1252,1251,1253
1254,1253,1250
1251,1250,1253
1227,1226,1228
1226,1225,1228
1246,1249,1248
1289,1291,1290
1292,1291,1289
1254,1250,1249
1285,1283,1282
1247,1246,1248
1223,1228,1225
1220,1219,1218
1221,1218,1217
1222,1221,1223
1221,1220,1218
1228,1223,1193
1193,1229,1228
1239,1237,1240
1238,1237,1239
1236,1235,1234
1234,1233,1236
1231,1230,1229
1241,1237,1244
1221,1194,1223
1225,1224,1223
1237,1241,1240
1299,1298,1297
1295,1294,1292
1294,1293,1292
1285,1284,1283
1300,1299,1296
1302,1301,1303
1296,1303,1300
1301,1300,1303
1297,1296,1299
1288,1287,1278
1292,1289,1288
1287,1286,1278
1279,1278,1286
1286,1281,1279
1296,1292,1277
1295,1292,1296
1292,1288,1277
1285,1282,1286
1286,1282,1281
1249,1246,1245
1256,1258,1257
1254,1245,1255
1242,1241,1243
1264,1263,1267
1268,1267,1263
1267,1265,1264
1258,1256,1255
1245,1259,1255
1265,1267,1266
1245,1254,1249
1244,1243,1241
1281,1280,1279
1244,1237,1236
1209,1208,1212
1211,1210,1209
1209,1212,1211
1207,1206,1213
1213,1212,1207
1213,1205,1200
1207,1212,1208
1215,1214,1217
1194,1193,1223
1221,1214,1194
1214,1200,1194
1217,1216,1215
1200,1199,1195
1195,1199,1196
1195,1194,1200
1214,1213,1200
1229,1193,1231
1205,1213,1206
1201,1205,1204
1196,1199,1197
1199,1198,1197
1200,1205,1201
1204,1203,1202
1202,1201,1204
1193,1192,1191
1191,1190,1193
1182,1181,1184
1185,1184,1186
1176,1175,1177
1182,1184,1183
1181,1186,1184
1231,1193,1232
1232,1193,1190
1190,1189,1188
1188,1187,1186
1178,1175,1179
1174,1173,1171
1181,1180,1186
1177,1175,1178
1174,1179,1175
1244,1236,1188
1188,1232,1190
1232,1188,1236
1188,1180,1171
1188,1186,1180
1174,1171,1179
1171,1173,1172
1170,1169,1167
1171,1170,1167
1179,1171,1180
1171,1244,1188
1161,1167,1166
1165,1164,1166
1168,1167,1169
1158,1157,1156
1163,1161,1164
1166,1164,1161
1158,1160,1159
1162,1161,1163
1153,1160,1156
1158,1156,1160
1161,1160,1167
1152,1151,1150
1156,1154,1153
1150,1149,1152
1155,1154,1156
1171,1160,1153
1167,1160,1171
1233,1232,1236
1221,1217,1214
1153,1152,1147
1273,1272,1271
1268,1263,1270
1259,1244,1275
1259,1258,1255
1153,1146,1171
1269,1268,1270
1245,1244,1259
1263,1262,1261
1276,1275,1277
1296,1277,1318
1278,1277,1288
1263,1260,1270
1273,1271,1270
1274,1260,1259
1260,1274,1270
1275,1274,1259
1270,1274,1273
1261,1260,1263
1146,1244,1171
1277,1275,1318
1147,1152,1149
1132,1135,1133
1140,1139,1141
1138,1141,1139
1144,1146,1145
1142,1144,1143
1147,1149,1148
1144,1142,1141
1135,1134,1133
1129,1128,1127
1144,1141,1137
1132,1131,1135
1147,1146,1153
1244,1074,1070
1074,1244,1146
1137,1136,1135
1137,1146,1144
1138,1137,1141
1074,1146,1137
1129,1127,1126
1137,1135,1115
1129,1135,1130
1126,1125,1129
1130,1135,1131
1125,1135,1129
1124,1123,1116
1122,1121,1123
1124,1116,1135
1117,1116,1123
1119,1123,1121
1074,1115,1077
1074,1137,1115
1115,1135,1116
1119,1117,1123
1125,1124,1135
1070,1318,1244
1119,1118,1117
1077,1115,1078
1077,1075,1074
1109,1114,1113
1081,1080,1114
1111,1113,1112
1114,1080,1115
1073,1070,1074
1321,574,2094
1070,1073,1072
1072,1071,1070
1064,1062,1065
1075,1077,1076
1111,1110,1113
1121,1120,1119
1318,1275,1244
1067,1070,1069
1114,1109,1102
1109,1108,1105
1105,1108,1107
1106,1105,1107
1109,1104,1102
1105,1104,1109
1103,1102,1104
1100,1114,1101
1079,1078,1080
1100,1099,1114
1114,1102,1101
1099,1098,1097
1114,1096,1081
1097,1096,1114
1099,1097,1114
1094,1096,1095
1113,1110,1109
1087,1089,1088
1094,1093,1081
1084,1083,1082
1086,1085,1084
1084,1082,1086
1087,1086,1082
1092,1091,1081
1082,1091,1090
1091,1082,1081
1092,1081,1093
1089,1082,1090
1089,1087,1082
1047,1049,1048
1094,1081,1096
1055,1054,1056
1057,1056,1058
1056,1054,1058
1053,1052,1051
1066,1051,1042
1058,1054,1053
1051,1066,1053
1066,1065,1062
1062,1061,1066
1062,1064,1063
1059,1058,1060
1066,1060,1058
1070,1067,622
1066,1061,1060
1058,1053,1066
1067,1069,1068
1051,1050,1043
1046,1049,1047
1044,1043,1045
1043,1050,1045
1045,1050,1046
1036,1039,1038
1038,1037,1036
1050,1049,1046
1039,1041,1040
1039,1036,1041
1042,1041,1066
1036,1035,1041
1035,1033,1032
1067,1066,949
1031,1041,1032
1032,1041,1035
1033,1035,1034
1066,1041,1029
1043,1042,1051
1070,575,1321
1078,1115,1080
1306,1303,1296
1303,1306,1304
1029,1041,1031
1705,1704,1702
1707,1709,1708
1706,1709,1707
1710,1709,1720
1703,1702,1704
1720,1711,1710
1713,1712,1711
1715,1714,1713
1713,1716,1715
1719,1716,1713
1720,1719,1711
1719,1717,1716
1717,1719,1718
1719,1713,1711
1702,1700,1699
1698,1697,1696
1698,1702,1699
1725,1694,1691
1696,1695,1706
1694,1724,1695
1702,1698,1696
1709,1706,1695
1702,1696,1706
1720,1709,1721
1721,1709,1695
1706,1705,1702
1722,1724,1723
1724,1722,1721
1695,1724,1721
1725,1724,1694
1694,1693,1691
1700,1702,1701
1795,1794,1791
1795,1798,1796
1791,1794,1793
1798,1795,1791
1789,1791,1790
1792,1791,1793
1799,1791,1789
1803,1802,1801
1808,1805,1804
1804,1803,1808
1799,1798,1791
1799,1803,1800
1797,1796,1798
1800,1803,1801
1803,1799,1808
1799,1789,1787
1740,1738,1737
1740,1739,1738
1737,1736,1735
1734,1733,1735
1740,1735,1733
1735,1740,1737
1740,1745,1741
1799,1787,1809
1788,1787,1789
1742,1744,1743
1744,1742,1741
1745,1744,1741
1785,1784,1786
1786,1810,1787
1740,1733,1745
1784,1893,1786
1726,1691,1690
1726,1725,1691
1726,1690,1688
1685,1684,1683
1727,1726,1671
1689,1688,1690
1730,1729,1732
1732,1745,1733
1746,1745,1732
1732,1729,1727
1730,1732,1731
1758,1748,1732
1747,1746,1748
1746,1732,1748
1727,1758,1732
1729,1728,1727
1687,1686,1685
1692,1691,1693
1679,1678,1676
1680,1676,1674
1676,1680,1679
1678,1677,1676
1674,1676,1675
1680,1674,1673
1687,1683,1681
1688,1687,1671
1683,1682,1681
1687,1685,1683
1673,1671,1687
1671,1673,1672
1673,1687,1681
1758,1727,1671
1680,1673,1681
1671,1726,1688
1664,1764,1670
1670,1758,1671
1749,1751,1750
1751,1749,1748
1753,1755,1754
1753,1752,1756
1756,1755,1753
1752,1758,1756
1751,1748,1752
1781,1780,1782
1783,1782,1779
1780,1779,1782
1778,1776,1774
1778,1777,1776
1779,1778,1768
1776,1775,1774
1904,1783,1779
1758,1757,1756
1758,1760,1759
1761,1760,1762
1763,1762,1764
1764,1762,1760
1760,1670,1764
1758,1670,1760
1772,1770,1773
1770,1772,1771
1774,1773,1769
1770,1769,1773
1768,1767,1766
1768,1766,1779
1768,1778,1769
1779,1766,1904
1769,1778,1774
1765,1764,1656
1752,1748,1758
1905,1766,1765
2039,1905,1765
1784,1783,1893
1824,1822,1821
1825,1824,1821
1822,1824,1823
1821,1820,1825
1828,1819,1829
1820,1828,1825
1828,1820,1819
1829,1819,1817
1825,1828,1826
1828,1827,1826
1838,1840,1839
1838,1841,1840
1879,1878,1842
1819,1818,1817
1815,1814,1812
1816,1830,1829
1815,1832,1816
1812,1811,1815
1810,1832,1811
1813,1812,1814
1815,1811,1832
1837,1836,1835
1838,1837,1835
1831,1830,1832
1833,1832,1835
1832,1841,1835
1833,1835,1834
1830,1816,1832
1841,1884,1842
1838,1835,1841
1817,1816,1829
1832,1884,1841
1850,1849,1852
1852,1851,1850
1849,1845,1852
1847,1845,1848
1845,1847,1846
1859,1853,1844
1853,1852,1845
1844,1853,1845
1845,1849,1848
1857,1855,1858
1857,1856,1855
1855,1854,1858
1859,1858,1853
1859,1861,1860
1861,1859,1862
1862,1859,1863
1854,1853,1858
1864,1859,1865
1864,1863,1859
1843,1865,1859
1859,1844,1843
1842,1867,1843
1867,1842,1878
1866,1865,1867
1872,1868,1867
1867,1878,1873
1867,1865,1843
1871,1870,1868
1868,1872,1871
1870,1869,1868
1877,1876,1875
1877,1874,1873
1874,1877,1875
1873,1872,1867
1877,1873,1878
1884,1832,1810
1807,1806,1808
1787,1810,1809
1805,1808,1806
1884,1881,1879
1884,1810,1885
1880,1879,1881
1884,1882,1881
1842,1884,1879
1885,1810,1786
1883,1882,1884
1886,1885,1892
1887,1886,1888
1888,1890,1889
1890,1888,1891
1888,1892,1891
1892,1888,1886
1808,1799,1809
1892,1885,1786
1895,1894,1896
1897,1894,1900
1897,1896,1894
1899,1898,1897
1899,1897,1900
1894,1893,1900
1900,1893,1783
1903,1902,1901
1901,1904,1903
1901,1900,1783
1910,1907,1906
1908,1907,1910
1906,1905,1916
1892,1786,1893
1901,1783,1904
1905,1904,1766
1927,1926,1928
1925,1924,1926
1926,1924,1930
1924,1923,1942
1942,1930,1924
1934,1933,1936
1936,1935,1934
1933,1932,1936
1929,1928,1930
1931,1930,1937
1936,1932,1937
1928,1926,1930
1937,1932,1931
1914,1913,1912
1911,1914,1912
1911,1910,1915
1911,1915,1914
1916,1915,1910
1918,1917,1922
1919,1918,1920
1922,1917,1946
1910,1906,1916
1920,1918,1921
1922,1942,1923
1921,1918,1922
1937,1930,1938
1942,1938,1930
1943,1942,1922
1942,1940,1939
1940,1942,1941
1942,1939,1938
1922,1946,1943
1916,1905,2039
1909,1908,1910
1917,1916,1946
1670,1669,1668
1644,1648,1645
1645,1647,1646
1643,1642,1644
1627,1649,1642
1598,1656,1610
1598,1597,1570
1599,1598,1610
1649,1644,1642
1654,1652,1650
1654,1653,1652
1652,1651,1650
1645,1648,1647
1649,1610,1656
1648,1644,1649
1650,1649,1656
1656,1654,1650
1570,1597,1591
1570,1574,1571
1566,1569,1568
1566,1570,1569
1531,1530,1529
1567,1566,1568
1564,1566,1565
1554,1557,1556
1566,1564,1570
1541,1540,1542
1540,1543,1542
1543,1540,1539
1539,1544,1543
1539,1538,1545
1598,1570,1564
1572,1571,1574
1660,1659,1658
1658,1657,1661
1660,1658,1661
1654,1656,1655
1562,1598,1564
1765,1656,1598
1598,2039,1765
1563,1562,1564
1668,1666,1664
1666,1668,1667
1665,1664,1666
1656,1764,1657
1663,1662,1661
1661,1657,1663
1663,1657,1664
1764,1664,1657
2046,1598,2065
1552,1559,1558
1561,1560,1559
1557,1554,1558
1554,1553,1552
1552,1558,1554
1544,1539,1545
2063,2065,2064
1552,1561,1559
2046,2065,2063
1552,1551,1562
1552,1562,1561
1549,1547,1550
1547,1549,1548
1550,1547,1551
2065,1562,1551
1598,1562,2065
2068,1551,1547
1554,1556,1555
2060,2063,2062
1532,1531,1533
1527,1526,1525
1525,1524,1527
1518,1523,1520
1518,1524,1523
1520,1519,1518
1527,1524,1535
1534,1533,1528
1517,1546,1538
1546,1545,1538
1527,1535,1528
1524,1518,1536
1535,1524,1536
1536,1518,1538
1538,1537,1536
1535,1534,1528
1531,1528,1533
1517,1538,1518
1531,1529,1528
1547,1515,2074
1515,1517,1516
1514,1513,1515
2081,1513,1512
2081,1512,2083
2083,2094,2086
1513,2077,1515
2082,2081,2083
2079,2078,2081
2077,2076,2075
2077,2075,1515
2077,1513,2078
2086,2085,2083
2084,2083,2085
2081,2080,2079
1513,2081,2078
1512,1510,2083
1515,1546,1517
1522,1520,1523
2074,1515,2075
2074,2068,1547
2087,2086,2088
2089,2092,2091
2094,2092,2089
2091,2090,2089
2089,2088,2094
1551,2067,2065
2066,2065,2067
2068,2067,1551
2074,2072,2070
2070,2069,2068
2071,2070,2072
2068,2074,2070
2073,2072,2074
2094,2096,2095
2083,1331,2094
2094,2093,2092
2097,2096,448
2099,2101,2100
2101,2099,2098
2097,447,2098
2094,574,2096
2103,2102,2101
2105,2104,2103
2103,2109,2105
2106,2105,2107
2109,2108,2107
2111,2110,2109
2105,2109,2107
2109,2103,446
2098,447,2101
2086,2094,2088
2103,2101,447
1515,1547,1546
1916,1947,1946
1945,1944,1946
1944,1943,1946
1949,1948,1969
1951,1950,1955
1957,1950,1964
1970,1948,2039
1953,1952,1954
1954,1952,1951
1955,1954,1951
1957,1956,1955
1963,1959,1958
1960,1959,1962
1950,1957,1955
1958,1957,1963
1950,1949,1964
1968,1966,1965
1966,1968,1967
1965,1964,1968
1964,1949,1968
1970,1969,1948
1970,1972,1971
1964,1963,1957
1961,1960,1962
1962,1959,1963
1974,1973,1972
1977,1976,1975
1977,1975,1982
1974,1984,1975
1974,2037,2009
1972,1970,2039
1968,1949,1969
2037,1974,1972
1979,1977,1981
1981,1980,1979
1978,1977,1979
1983,1982,1984
1985,1984,1986
1982,1981,1977
1986,1984,2004
1987,1986,1992
1990,1989,1988
1988,1987,1990
1993,1998,1997
1993,1992,1986
1991,1990,1987
1987,1992,1991
1998,1993,1986
1998,1986,2004
1975,1984,1982
2006,2004,1974
2005,2004,2006
2004,1984,1974
2007,1974,2009
2012,2011,2013
2013,2011,2010
2009,2008,2007
2007,2006,1974
1997,1996,1995
1995,1994,1997
1997,1994,1993
2003,2002,1999
2002,2000,1999
2000,2002,2001
2003,1999,1998
1998,2004,2003
2009,2036,2010
1947,2039,1948
2056,2055,2060
2054,2053,2055
2053,2063,2055
2060,2059,2056
2058,2057,2059
2059,2057,2056
2053,2048,2063
2044,2046,2045
2047,2046,2048
2044,2040,1598
1598,2046,2044
2051,2049,2053
2049,2048,2053
2049,2051,2050
2046,2063,2048
2053,2052,2051
2040,2044,2043
2117,2116,2115
2115,2114,2117
2112,2111,2124
2114,2113,2117
2113,2122,2117
2122,2113,2112
2118,2117,2119
2122,2121,2120
2117,2120,2119
2122,2112,2123
2126,2125,2124
2126,2124,443
2120,2117,2122
2112,2124,2123
2124,2111,443
2060,2055,2063
2025,2024,2023
2025,2023,2020
2014,2036,2025
2038,2037,2039
2026,2025,2036
2032,2026,2036
2036,2014,2010
2020,2023,2022
2015,2014,2020
2015,2019,2016
2013,2010,2014
2020,2014,2025
2017,2019,2018
2019,2017,2016
2020,2019,2015
2022,2021,2020
2009,2037,2036
1916,2039,1947
2042,2041,2040
2043,2042,2040
2127,2129,2128
2129,2127,2130
2127,2126,2130
2029,2027,2026
2028,2027,2029
2029,2032,2031
2026,2032,2029
2035,2034,2033
2031,2030,2029
2032,2036,2033
2035,2033,2036
2037,1972,2039
446,2111,2109
1598,2040,2039
2061,2060,2062
2131,2130,2126
1664,1670,1668
1023,1022,1024
1025,1024,1018
1022,1021,1024
1025,1028,1026
1019,1021,1020
1021,1019,1024
1016,1018,1017
1019,1018,1024
1025,1018,1016
1026,1028,1027
1013,1066,1029
1028,1014,1029
1031,1030,1029
1015,1014,1016
1014,1013,1029
1014,1028,1025
1016,1014,1025
1013,987,1066
1009,1008,1007
1013,1012,1011
1010,1009,1011
1009,1007,1011
1004,1003,1005
1006,1011,1007
1006,1001,1011
1001,1006,1005
1002,1001,1005
1003,1002,1005
987,1011,1001
1000,999,997
998,997,999
995,1001,997
1000,997,1001
1011,987,1013
996,995,997
994,988,995
993,988,994
995,988,987
992,991,993
989,988,991
989,991,990
991,988,993
986,985,984
987,984,983
984,987,986
981,980,978
983,982,981
983,981,973
983,1066,987
995,987,1001
974,977,975
978,974,973
974,978,977
977,976,975
978,980,979
972,971,973
968,970,969
968,973,971
968,967,973
973,967,983
965,963,962
966,965,962
966,962,961
968,971,970
963,965,964
967,966,961
978,973,981
1066,983,949
949,983,967
960,959,958
956,960,958
961,960,950
956,958,957
960,956,950
954,952,956
956,955,954
950,956,952
950,949,961
949,948,943
947,945,948
943,948,945
944,943,945
945,947,946
950,952,951
849,949,943
961,949,967
954,953,952
928,930,929
938,937,940
927,930,928
938,940,939
937,936,940
940,933,941
933,940,936
933,935,934
930,932,931
932,927,923
932,930,927
936,935,933
942,941,943
849,943,941
932,923,933
923,927,926
933,923,922
923,926,924
925,924,926
917,916,915
921,919,922
919,921,920
919,918,922
900,922,918
917,914,906
905,901,918
901,905,902
918,906,905
906,914,911
906,918,917
915,914,917
941,922,900
933,922,941
913,912,914
907,906,911
912,911,914
910,909,908
910,908,907
910,907,911
903,902,904
894,893,895
893,892,896
890,884,891
889,888,890
893,896,895
904,902,905
899,897,896
849,1067,949
901,900,918
897,899,898
896,892,899
900,899,879
899,892,880
884,888,885
884,883,892
886,888,887
884,892,891
888,884,890
880,892,883
880,882,881
882,880,883
880,879,899
878,877,879
888,886,885
849,900,879
877,851,879
862,874,872
872,874,873
871,869,872
874,876,875
872,869,864
867,866,868
870,869,871
868,864,869
876,862,861
876,874,862
858,852,861
852,877,861
861,877,876
864,863,862
861,859,858
861,860,859
855,858,857
872,864,862
852,858,853
865,864,868
852,851,877
851,850,849
619,575,1070
580,579,575
851,849,879
574,1321,575
575,579,576
577,579,578
449,574,573
449,573,462
573,571,462
2096,574,448
577,576,579
462,569,463
462,571,569
573,572,571
619,1070,622
836,828,849
828,835,829
835,828,836
849,848,847
849,828,823
844,836,847
854,853,855
827,824,828
623,1067,849
619,581,575
824,827,825
828,824,823
623,849,660
575,581,580
584,582,581
822,783,823
827,826,825
569,571,570
846,844,847
849,847,836
853,858,855
849,941,900
856,855,857
845,844,846
836,844,838
839,841,840
843,838,844
838,843,839
837,836,838
819,821,820
822,821,819
818,822,819
830,834,831
833,832,834
830,829,834
839,843,841
835,834,829
842,841,843
804,807,805
807,806,805
814,813,811
817,816,815
813,812,811
801,809,808
810,809,800
800,809,801
811,810,814
808,807,804
814,810,815
831,834,832
623,622,1067
621,620,619
626,623,628
818,783,822
626,624,623
625,624,626
660,628,623
817,815,818
569,568,553
567,566,568
581,619,586
563,568,566
563,553,568
564,566,565
569,553,463
660,849,823
622,621,619
627,626,628
615,617,616
619,618,586
629,628,659
596,618,617
784,815,799
783,818,815
799,815,810
553,464,463
468,466,465
465,464,549
566,564,563
562,561,560
532,468,465
615,614,617
559,562,560
562,554,563
466,468,467
554,562,559
800,799,810
808,804,802
866,865,868
462,461,450
803,802,804
797,794,799
801,808,802
796,794,797
795,794,796
794,784,799
784,794,791
783,782,781
784,791,789
783,815,784
792,791,794
785,789,786
789,791,790
793,792,794
761,783,781
761,823,783
788,787,786
789,785,784
773,775,774
775,777,776
772,775,773
778,777,780
772,781,780
780,779,778
777,772,780
772,771,769
772,777,775
769,768,772
770,769,771
768,781,772
786,789,788
761,781,768
765,761,768
761,731,660
763,762,765
768,766,765
660,823,761
761,765,762
760,753,761
756,760,759
765,764,763
668,731,669
660,662,661
662,660,668
662,667,663
671,670,672
663,667,666
670,669,672
668,667,662
668,660,731
673,672,669
767,766,768
758,757,756
758,756,759
756,755,753
753,755,754
756,753,760
753,752,751
751,731,753
731,751,734
731,761,753
750,734,751
746,750,749
734,733,732
734,732,731
735,734,750
669,731,687
746,749,748
660,659,628
747,746,748
745,744,746
743,750,744
738,742,740
743,738,737
738,743,742
742,741,740
743,735,750
731,730,727
736,735,737
717,731,718
731,717,687
729,727,730
727,726,721
728,727,729
726,723,721
727,721,718
731,727,718
735,743,737
719,718,721
744,750,746
739,738,740
723,726,724
721,723,722
724,726,725
719,721,720
702,705,704
708,711,710
710,709,708
703,702,704
688,715,714
715,687,717
688,687,715
715,717,716
712,690,688
711,690,712
690,711,707
712,714,713
712,688,714
690,689,688
676,675,685
685,675,686
685,684,683
673,669,686
677,683,682
683,676,685
695,694,693
669,687,686
692,691,700
698,693,692
691,707,706
696,695,693
701,706,705
701,700,706
692,700,698
706,700,691
707,711,708
699,698,700
683,677,676
682,678,677
696,698,697
696,693,698
679,681,680
681,679,682
682,679,678
691,690,707
701,705,702
675,673,686
658,657,659
657,630,629
665,664,663
637,657,656
666,665,663
636,657,637
613,612,614
630,636,631
633,636,634
631,633,632
612,611,596
633,631,636
630,657,636
596,617,612
656,655,650
659,657,629
637,656,649
652,654,653
635,634,636
655,652,650
651,650,652
650,649,656
596,595,618
592,591,590
610,596,611
592,590,618
592,594,593
594,592,595
596,610,597
595,592,618
654,652,655
588,618,590
557,555,558
558,554,559
557,556,555
558,555,554
586,585,584
583,582,584
586,584,581
553,550,549
550,553,552
552,551,550
563,554,553
547,546,548
549,548,543
548,546,545
549,532,465
588,587,586
543,545,544
543,548,545
541,543,542
588,590,589
541,533,549
540,534,533
534,540,539
532,549,533
540,533,541
539,537,536
535,534,536
534,539,536
538,537,539
469,532,531
549,543,541
618,588,586
532,469,468
610,609,600
612,617,614
640,638,649
640,639,638
649,638,637
648,640,649
647,640,648
600,597,610
531,529,478
608,600,609
601,600,608
599,598,600
598,597,600
601,608,602
526,529,528
641,640,647
646,642,641
642,646,643
645,644,643
643,646,645
606,605,604
523,522,524
606,603,607
603,606,604
522,521,524
602,607,603
607,602,608
521,520,524
646,641,647
526,528,527
526,525,482
525,524,520
518,520,519
525,520,518
518,486,483
486,518,517
526,482,481
482,525,483
483,486,485
483,525,518
516,514,517
487,514,492
514,487,517
494,492,514
491,487,492
502,514,513
517,487,486
515,514,516
511,510,509
529,526,478
502,511,503
501,514,502
513,511,502
511,508,506
511,509,508
507,506,508
503,505,504
505,503,506
506,503,511
501,500,494
492,494,493
500,498,494
514,501,494
497,496,498
496,495,494
498,496,494
499,498,500
512,511,513
529,531,530
675,674,673
464,553,549
799,798,797
455,458,457
458,455,460
456,455,457
460,455,452
459,458,460
531,478,477
449,448,574
443,2111,446
447,2097,448
452,451,450
453,452,455
455,454,453
450,461,452
462,450,449
461,460,452
470,469,472
469,477,473
475,477,476
473,472,469
526,479,478
469,531,477
480,479,481
481,479,526
473,475,474
475,473,477
364,363,362
365,362,366
362,365,364
366,362,369
367,366,368
362,360,370
472,471,470
445,444,443
445,443,446
435,434,433
440,439,438
440,437,441
440,438,437
441,2131,442
437,430,441
435,432,431
432,435,433
431,430,435
430,429,428
435,430,437
436,435,437
428,441,430
443,442,2131
386,388,387
371,370,372
372,370,373
369,362,370
388,386,385
441,428,2133
426,425,423
420,427,426
424,423,425
421,426,423
427,2133,428
388,385,389
366,369,368
422,421,423
443,2131,2126
360,373,370
374,373,359
359,373,360
362,361,360
355,352,356
358,357,359
352,357,356
389,384,383
357,352,375
357,375,374
382,381,383
377,375,351
375,377,376
359,357,374
389,383,381
352,351,375
483,485,484
354,353,355
488,491,489
490,489,491
487,491,488
351,378,377
381,380,379
351,350,349
351,349,378
349,348,347
347,346,345
345,378,347
347,378,349
378,345,379
352,355,353
389,381,390
344,379,345
342,344,343
395,379,344
390,381,379
342,395,344
341,340,338
395,342,397
338,340,339
390,393,392
394,393,390
379,394,390
390,392,391
338,335,334
395,397,396
399,341,338
334,332,338
394,379,395
341,397,342
337,335,338
337,336,335
333,332,334
328,327,329
326,330,329
327,326,329
331,330,332
330,324,332
324,330,326
324,323,322
324,326,325
400,332,324
322,321,319
318,324,319
320,319,321
319,324,322
338,332,400
389,385,384
324,318,400
2132,2131,2133
2134,2133,427
2138,2135,2140
2138,2137,2135
2135,2134,2140
2135,2137,2136
427,2141,2134
2140,2139,2138
2182,2184,2183
2142,2141,2144
2177,2176,2175
2140,2134,2141
2175,2178,2177
2146,2141,415
2145,2141,2146
2144,2143,2142
2145,2144,2141
2150,2149,2146
2155,2150,2156
2146,2148,2147
2150,2155,2153
2150,2146,2156
2149,2148,2146
2151,2150,2153
2152,2151,2153
2169,2168,2167
2169,2167,2
2166,2165,2167
2153,2155,2154
2131,441,2133
2181,2187,2182
2187,2185,2184
2181,2180,2189
2187,2184,2182
2179,2178,2173
2174,2173,2178
2175,2174,2178
2189,2180,2179
2173,2193,2179
2187,2186,2185
2188,2187,2189
2179,2193,2189
2189,2187,2181
2191,2193,2192
2193,2191,2189
2189,2191,2190
2194,2193,2173
2173,2195,2194
2197,2195,2171
2172,2195,2173
2197,2196,2195
2195,2172,2171
2202,2199,2171
2198,2197,2199
2201,2200,2199
2170,2169,2171
2199,2197,2171
2202,2201,2199
3,5,4
2171,2169,1
6,3,7
6,5,3
7,3,8
3,2,8
2202,2171,1
2169,2,1
2,2167,2164
427,418,415
419,418,420
2141,427,415
417,416,418
415,414,2158
416,415,418
2146,415,2156
2156,2158,2157
2158,2156,415
407,2160,2159
2163,2162,2161
2161,18,2
18,2161,93
2159,2158,413
2,2163,2161
414,413,2158
418,427,420
404,402,407
402,404,403
401,400,402
398,397,399
400,399,338
397,341,399
2160,407,295
411,410,408
412,407,2159
411,408,412
407,406,405
408,407,412
405,404,407
409,408,410
412,2159,413
402,317,407
402,400,318
2167,2165,2164
10,9,8
8,2,10
10,12,11
12,10,13
14,13,15
16,13,18
18,13,10
29,28,27
27,26,29
30,25,31
25,30,26
24,31,25
26,30,29
15,13,16
2,2164,2163
18,17,16
35,21,19
21,24,22
33,24,21
2,18,10
22,24,23
84,40,19
21,20,19
18,84,19
24,32,31
32,24,33
35,34,21
33,21,34
38,40,39
38,36,35
38,37,36
35,19,38
19,40,38
40,42,41
2160,106,2161
426,421,420
318,317,402
2103,447,446
316,315,313
317,313,312
313,317,316
315,314,313
311,407,312
407,311,303
310,309,307
307,306,304
307,309,308
307,303,311
305,304,306
300,303,302
300,302,301
304,303,307
307,311,310
295,407,303
295,300,299
298,297,299
297,295,299
282,281,280
277,274,278
287,286,285
285,284,287
282,272,287
287,283,282
280,279,273
287,284,283
274,279,278
280,273,282
277,276,274
300,295,303
296,295,297
295,294,293
295,293,292
274,273,279
273,272,282
287,289,288
275,274,276
290,109,292
292,291,290
272,290,289
272,289,287
272,109,290
261,271,270
268,270,269
268,262,270
268,267,266
272,271,253
292,2160,295
266,265,263
263,262,266
263,265,264
262,261,270
256,261,259
259,261,260
257,259,258
261,253,271
257,256,259
255,254,256
256,254,261
252,251,253
251,250,222
253,251,216
249,248,250
254,253,261
268,266,262
253,216,272
106,2160,292
246,245,244
244,243,237
246,244,236
242,241,240
240,238,243
240,243,242
238,240,239
246,235,247
246,236,235
234,248,235
235,248,247
237,236,244
222,248,234
229,234,233
216,251,217
238,237,243
222,250,248
232,231,230
234,229,227
232,230,233
228,227,229
226,225,227
227,222,234
222,227,225
251,221,220
220,218,217
220,217,251
222,221,251
223,222,225
219,218,220
225,224,223
229,233,230
214,213,215
215,213,209
212,210,213
211,210,212
203,202,201
203,201,199
200,199,201
210,209,213
208,207,209
215,209,146
205,204,206
204,198,206
198,204,199
150,207,206
203,199,204
198,152,206
207,147,209
197,196,198
195,193,196
193,195,194
152,196,193
192,190,189
190,192,191
193,192,186
186,192,189
187,186,189
186,185,193
187,189,188
184,183,182
182,181,180
185,182,152
184,182,185
152,193,185
196,152,198
215,146,216
182,180,153
272,216,109
86,85,92
85,84,93
93,92,85
88,87,89
91,87,92
92,87,86
18,93,84
89,87,91
78,80,79
84,80,76
78,77,80
80,83,81
80,84,83
90,89,91
83,82,81
76,80,77
105,99,2161
104,103,105
105,103,99
109,216,110
108,107,106
108,292,109
106,292,108
96,95,97
99,97,93
95,94,93
97,99,98
97,95,93
101,100,99
99,102,101
99,103,102
99,93,2161
84,42,40
52,54,53
54,52,59
52,51,47
69,61,60
59,57,54
58,57,59
60,59,52
52,43,60
55,54,57
60,43,74
45,44,43
43,46,45
49,48,51
47,46,43
47,51,48
47,43,52
49,51,50
42,76,43
74,73,70
69,68,67
70,73,71
74,70,69
76,75,74
72,71,73
69,60,74
61,69,64
55,57,56
67,66,65
64,63,62
65,64,67
62,61,64
69,67,64
74,43,76
42,84,76
2161,106,105
146,209,147
147,150,148
142,110,216
206,151,150
206,152,151
150,149,148
207,150,147
143,142,145
142,141,131
143,145,144
154,153,156
156,155,154
157,156,158
153,180,156
152,182,153
117,110,142
179,178,177
177,176,179
176,159,180
171,175,174
171,174,173
171,173,172
176,175,160
159,176,160
175,161,160
158,156,159
162,175,171
166,170,168
169,168,170
162,171,170
175,162,161
156,180,159
180,179,176
167,166,168
118,120,119
126,120,131
117,142,118
127,126,129
124,121,125
121,120,125
125,120,126
120,118,131
112,114,113
115,114,111
112,111,114
110,115,111
121,123,122
121,124,123
115,117,116
110,117,115
139,136,141
137,139,138
139,137,136
131,118,142
164,166,165
164,162,170
164,163,162
166,164,170
131,130,129
129,128,127
131,129,126
135,133,132
133,135,134
131,141,132
135,132,141
141,136,135
141,140,139
216,145,142
146,145,216
312,407,317
