# China region 2
90 87
# Outer Vertices
109.566704,18.168880
109.563599,18.251659
109.473900,18.208050
109.494102,18.241381
109.447197,18.282221
109.222702,18.303049
109.170303,18.280830
109.135002,18.354719
108.881897,18.426941
108.782997,18.486380
108.689400,18.500830
108.671097,18.563330
108.694702,18.694441
108.667801,18.791660
108.622200,18.833330
108.654099,18.929440
108.616898,19.096661
108.682999,19.149441
108.627998,19.264999
108.690300,19.381100
108.752998,19.383051
108.956398,19.534439
109.204102,19.692770
109.230003,19.726940
109.305000,19.709721
109.303596,19.782770
109.211899,19.751659
109.166100,19.722771
109.162201,19.797489
109.286598,19.916941
109.514397,19.853331
109.553001,19.955271
109.580101,19.983070
109.706596,20.007219
109.800003,19.950270
109.817497,19.988050
109.838600,19.926380
109.934998,19.992220
109.978600,19.944719
109.989403,19.907770
110.041100,19.977489
110.117798,19.998880
110.152496,20.060551
110.341904,20.055269
110.381104,20.035000
110.380501,20.074711
110.578598,19.971380
110.607201,19.920549
110.608002,19.989441
110.568298,20.035549
110.594704,20.106661
110.677696,20.157770
110.769096,20.016939
110.900002,19.998880
110.930801,20.001381
110.995003,19.742769
111.031097,19.639999
110.966599,19.633329
110.868301,19.536110
110.826599,19.549721
110.817703,19.596380
110.758301,19.450830
110.625000,19.246111
110.583603,19.156380
110.480499,19.167770
110.510201,19.126110
110.547501,19.138330
110.565804,19.065550
110.511597,18.980000
110.460297,18.852209
110.431900,18.826660
110.488899,18.792770
110.496902,18.875549
110.534103,18.784439
110.432503,18.729160
110.413902,18.664721
110.396400,18.703609
110.141602,18.564159
110.035202,18.506100
110.080498,18.488880
110.051102,18.385281
109.970001,18.381660
109.991402,18.430830
109.829399,18.381100
109.752800,18.402220
109.726898,18.254990
109.706596,18.198879
109.675797,18.238331
109.602798,18.207781
109.566704,18.168880
# Triangles
12,9,8
7,6,5
17,15,7
12,8,7
14,13,15
13,12,7
10,9,11
11,9,12
13,7,15
7,5,4
87,86,85
1,89,88
1,88,87
4,3,1
2,1,3
4,1,84
21,7,84
84,1,87
85,84,87
4,84,7
24,84,78
20,19,18
20,17,21
20,18,17
15,17,16
28,27,26
23,22,24
22,21,24
28,26,25
17,7,21
29,25,30
29,28,25
24,64,30
21,84,24
24,30,25
34,30,36
31,33,32
31,30,33
36,35,34
30,34,33
37,36,38
36,30,64
78,84,83
78,83,82
82,81,80
82,79,78
79,82,80
24,78,77
76,75,74
77,76,70
74,70,76
71,70,74
64,77,70
77,64,24
68,70,69
72,71,73
68,67,65
71,74,73
68,64,70
65,64,68
66,65,67
62,61,64
63,62,64
64,61,47
64,39,36
38,36,39
39,41,40
47,44,41
46,44,47
47,41,39
42,41,43
48,50,49
45,44,46
41,44,43
60,59,58
47,39,64
60,58,57
57,56,55
57,55,60
60,55,52
52,51,50
52,48,47
52,50,48
52,47,60
52,55,53
55,54,53
61,60,47
