# Congo region 0
234 231
# Outer Vertices
18.625999,3.478856
18.642220,3.210555
18.611660,3.131943
18.539330,3.075680
18.402769,2.731388
18.342020,2.612628
18.219990,2.427221
18.093330,2.229443
18.078329,1.655277
18.038601,1.445555
17.878880,0.953333
17.966930,0.447778
17.948700,0.352615
17.803600,0.148611
17.709990,-0.174167
17.736771,-0.316365
17.736931,-0.443611
17.635550,-0.670833
17.306940,-1.015278
16.968050,-1.153889
16.807220,-1.316389
16.583879,-1.766667
16.414440,-1.981111
16.206940,-2.158889
16.183880,-2.245833
16.195820,-2.822500
16.188881,-3.061666
16.227770,-3.322222
15.983330,-3.756945
15.911110,-3.919722
15.843330,-3.969167
15.569440,-4.037222
15.516950,-4.096802
15.487070,-4.200966
15.480000,-4.225638
15.473330,-4.248890
15.428610,-4.293612
15.272870,-4.306761
15.151940,-4.420000
14.846110,-4.791668
14.718890,-4.885000
14.655000,-4.910001
14.495830,-4.840834
14.419040,-4.887648
14.383330,-4.599445
14.364720,-4.557778
14.476660,-4.456390
14.487500,-4.426945
14.399160,-4.341390
14.415280,-4.274167
13.991110,-4.465278
13.965000,-4.495001
13.880270,-4.484723
13.828610,-4.426111
13.739160,-4.441667
13.700550,-4.723334
13.494160,-4.803889
13.410280,-4.883056
13.375550,-4.786668
13.194720,-4.683611
13.145280,-4.589168
13.100830,-4.572501
13.091050,-4.633072
12.922220,-4.485277
12.895830,-4.415277
12.780830,-4.388889
12.664440,-4.521667
12.650000,-4.559445
12.412780,-4.602500
12.292220,-4.793612
12.206380,-4.758889
12.166390,-4.895835
12.010070,-5.020615
11.980000,-4.987779
11.756940,-4.646945
11.799440,-4.592778
11.749170,-4.512501
11.381660,-4.192223
11.336390,-4.085835
11.158200,-3.943634
11.141510,-3.922898
11.244720,-3.678611
11.439170,-3.585000
11.478330,-3.521389
11.560550,-3.517222
11.694720,-3.696389
11.884720,-3.699167
11.925000,-3.626667
11.842220,-3.579444
11.841380,-3.551389
11.975000,-3.322222
11.958050,-3.291389
11.699720,-3.166945
11.731940,-3.037778
11.766110,-3.047223
11.801660,-3.008890
11.632500,-2.818611
11.564720,-2.867222
11.543330,-2.856945
11.546110,-2.793889
11.611940,-2.715833
11.647500,-2.613334
11.574170,-2.333333
11.681110,-2.356667
11.735270,-2.436666
11.771660,-2.396389
11.964160,-2.333333
12.021660,-2.391389
12.478050,-2.327223
12.517220,-2.093055
12.448050,-2.024445
12.452770,-1.877222
12.495270,-1.923889
12.524720,-1.905278
12.520550,-1.872500
12.655000,-1.824445
12.845270,-1.954444
12.904440,-2.146945
12.972770,-2.190834
13.011110,-2.295556
13.019440,-2.347778
13.486940,-2.435277
13.725830,-2.186111
13.727220,-2.151111
13.770550,-2.093055
13.930270,-2.357779
13.864440,-2.423056
13.878880,-2.476389
14.087770,-2.495000
14.128330,-2.454445
14.255000,-2.342222
14.158330,-2.228611
14.225550,-2.190278
14.264440,-1.966111
14.429720,-1.891667
14.421390,-1.812778
14.466660,-1.680556
14.383890,-1.610833
14.433890,-1.578611
14.501660,-1.390278
14.444160,-1.331944
14.481940,-1.212778
14.416390,-1.033448
14.518610,-0.609167
14.456660,-0.518611
14.306660,-0.433333
14.177500,-0.452500
14.160830,-0.357778
14.120830,-0.276111
13.886940,-0.253056
13.852220,-0.167500
13.950000,0.033333
13.913330,0.042500
13.888610,0.222778
13.969720,0.362778
14.066390,0.428055
14.072220,0.485000
14.102780,0.546389
14.279160,0.553611
14.472500,0.846111
14.365270,1.090277
14.312770,1.111111
14.273890,1.326388
14.235170,1.363793
14.159440,1.395277
14.073880,1.375277
13.903610,1.438888
13.798330,1.433888
13.778890,1.371944
13.601390,1.331944
13.521940,1.271944
13.378330,1.296388
13.305550,1.234166
13.185870,1.223126
13.152220,1.253889
13.225550,1.299722
13.246380,1.395555
13.137500,1.568611
13.141940,1.703055
13.173890,1.776111
13.161110,1.904444
13.288330,2.066944
13.294220,2.164074
13.730000,2.160277
14.378330,2.161388
14.523890,2.160554
14.567830,2.203994
14.805270,2.060833
14.861390,2.112499
14.910830,2.053332
14.887780,2.003888
14.953880,2.003611
14.980000,2.031943
15.072220,1.980000
15.141390,2.008333
15.151390,2.039721
15.272770,1.992222
15.337220,1.920555
15.486380,1.976388
15.871940,1.825000
15.932770,1.780555
16.017771,1.761111
16.072220,1.654166
16.162491,1.726666
16.124161,1.873888
16.060551,1.973333
16.089991,2.166388
16.206409,2.221102
16.501659,2.849443
16.482771,3.156666
16.588881,3.481943
16.699160,3.545277
16.861940,3.524444
16.876659,3.565832
16.987770,3.535277
17.077221,3.576666
17.356100,3.615277
17.413879,3.679721
17.493601,3.710833
17.579439,3.648333
17.759991,3.630555
17.864990,3.536110
17.938881,3.577499
17.988880,3.539166
18.049440,3.566388
18.143881,3.550832
18.183880,3.482777
18.233879,3.499166
18.272499,3.583055
18.398050,3.577499
18.481380,3.641943
18.533331,3.598888
18.548880,3.553332
18.625999,3.478856
# Triangles
78,77,85
79,78,81
80,79,81
84,82,85
82,81,78
85,82,78
77,86,85
75,74,73
86,76,68
89,88,87
65,87,86
89,87,90
87,65,90
77,76,86
84,83,82
98,97,99
100,96,101
96,100,99
97,96,99
92,94,93
94,92,91
91,108,95
94,91,95
96,95,101
101,95,107
101,107,104
108,91,90
102,101,104
75,68,76
73,72,71
73,71,70
70,69,68
65,86,68
68,75,70
58,57,56
54,58,56
64,61,60
58,60,59
54,60,58
56,55,54
63,62,61
60,54,64
67,66,68
65,64,121
121,54,127
54,121,64
63,61,64
120,90,65
65,68,66
53,52,50
51,50,52
49,127,53
126,121,127
31,129,128
128,127,49
129,31,130
127,54,53
120,65,121
70,75,73
122,121,126
103,102,104
105,104,107
106,105,107
95,108,107
119,117,120
117,119,118
113,112,109
109,112,110
117,116,109
108,117,109
113,109,116
117,108,120
120,108,90
112,111,110
114,113,115
177,179,178
113,116,115
175,173,172
169,179,176
175,171,176
176,179,177
180,179,181
183,182,181
181,179,183
172,171,175
173,175,174
123,122,124
124,122,125
150,149,148
131,130,132
155,151,158
151,150,148
148,147,145
158,151,148
147,146,145
152,151,153
171,170,169
179,169,167
179,167,183
168,167,169
183,167,166
169,176,171
154,153,151
158,157,156
158,156,155
166,165,164
184,166,164
183,166,184
151,155,154
184,164,163
134,132,130
122,126,125
50,49,53
44,46,45
49,31,128
132,134,133
49,48,47
42,44,43
42,41,40
42,40,39
49,47,38
26,130,31
39,47,46
46,42,39
135,134,136
42,46,44
23,136,134
144,158,145
161,160,162
160,190,162
158,148,145
136,139,138
23,139,136
138,137,136
140,139,141
159,158,144
159,144,143
20,143,141
141,143,142
143,202,159
22,141,139
159,197,160
39,38,47
37,36,34
32,49,37
34,33,37
33,32,37
34,36,35
32,31,49
28,31,30
28,30,29
130,25,24
26,28,27
26,31,28
26,25,130
134,130,24
22,21,141
23,134,24
20,141,21
19,18,14
19,202,143
19,143,20
14,202,19
14,17,15
16,15,17
13,202,14
10,13,11
12,11,13
14,18,17
23,22,139
49,38,37
13,10,202
194,193,197
193,190,160
198,197,199
190,193,191
195,194,196
193,192,191
196,194,197
160,197,193
202,201,200
202,10,203
199,197,200
205,204,207
203,207,204
200,197,202
159,202,197
190,189,187
187,189,188
185,184,163
186,185,187
187,185,163
208,207,7
206,205,207
210,209,212
212,211,210
212,209,214
209,208,214
8,207,203
187,162,190
207,8,7
7,6,216
7,216,208
6,221,216
214,208,216
224,223,226
226,223,221
221,4,226
222,221,223
213,212,214
5,4,221
4,3,226
226,3,227
3,1,227
1,3,2
227,1,229
5,221,6
233,229,1
221,220,219
218,217,219
219,216,221
217,216,219
215,214,216
229,233,232
228,227,229
231,230,229
229,232,231
224,226,225
8,203,9
10,9,203
163,162,187
