# Macau region 0
175 172
# Outer Vertices
113.528732,22.181513
113.528900,22.181900
113.529404,22.183901
113.529701,22.185801
113.529999,22.187799
113.530602,22.189400
113.531097,22.191099
113.531700,22.193300
113.531700,22.195601
113.531700,22.197800
113.531700,22.200001
113.531403,22.201900
113.531898,22.203899
113.532501,22.205799
113.533302,22.207500
113.534203,22.208900
113.535004,22.210600
113.536102,22.211700
113.537804,22.212200
113.539398,22.213100
113.541100,22.213600
113.543098,22.214199
113.545303,22.214399
113.547203,22.214399
113.549400,22.214199
113.551399,22.213600
113.553299,22.213100
113.555298,22.212500
113.556900,22.211901
113.558899,22.211399
113.560600,22.210602
113.560539,22.210421
113.562202,22.209999
113.563904,22.209200
113.565300,22.208300
113.566902,22.207500
113.568604,22.206100
113.570000,22.205299
113.571404,22.204700
113.572502,22.203600
113.572739,22.203079
113.573303,22.202801
113.574402,22.201700
113.575600,22.200600
113.576698,22.198900
113.577797,22.197800
113.579201,22.196400
113.580299,22.195299
113.581398,22.194201
113.582497,22.192801
113.583298,22.191401
113.584702,22.190300
113.585602,22.188900
113.586403,22.187500
113.587502,22.186100
113.588303,22.184700
113.589401,22.183300
113.590302,22.181900
113.591103,22.180300
113.591698,22.178900
113.592796,22.177500
113.593300,22.175800
113.594200,22.174200
113.595001,22.172501
113.595596,22.171101
113.596100,22.169399
113.596901,22.167801
113.597198,22.166100
113.597801,22.164200
113.598297,22.161900
113.598900,22.160000
113.599197,22.158300
113.599197,22.156099
113.599701,22.154400
113.600304,22.152500
113.600800,22.150801
113.601402,22.149200
113.601700,22.146900
113.602203,22.145300
113.602501,22.143101
113.602798,22.141100
113.603104,22.139200
113.603600,22.137199
113.603600,22.135300
113.603897,22.133101
113.603897,22.131100
113.603600,22.128901
113.603600,22.126699
113.603600,22.124201
113.603600,22.122200
113.603897,22.119699
113.603897,22.118099
113.603600,22.115601
113.603302,22.113899
113.603104,22.111700
113.602501,22.110001
113.601898,22.108101
113.601097,22.106400
113.600304,22.105000
113.599701,22.103300
113.598602,22.102200
113.597504,22.100800
113.596397,22.099400
113.595299,22.098301
113.593903,22.096901
113.592796,22.096100
113.591103,22.095301
113.589401,22.094400
113.587799,22.093901
113.585800,22.093300
113.583900,22.093100
113.582199,22.092501
113.580299,22.092199
113.577797,22.092199
113.575600,22.091900
113.572800,22.091700
113.570801,22.091700
113.568604,22.091700
113.566101,22.091700
113.563904,22.091900
113.561699,22.092199
113.559998,22.092800
113.558296,22.093599
113.556900,22.094400
113.555298,22.095800
113.554199,22.096901
113.553101,22.098101
113.551903,22.099400
113.550797,22.100599
113.550003,22.101900
113.549400,22.103600
113.548897,22.105301
113.548302,22.106899
113.547501,22.108601
113.546898,22.110600
113.546898,22.112499
113.546402,22.114401
113.545799,22.116699
113.545799,22.118299
113.545799,22.120600
113.545601,22.122499
113.545601,22.125000
113.545601,22.127199
113.544998,22.129200
113.544701,22.131100
113.544403,22.133101
113.544197,22.135000
113.543900,22.136700
113.543297,22.138599
113.542503,22.139999
113.541901,22.141899
113.541397,22.143600
113.540604,22.145300
113.540001,22.147200
113.539398,22.148600
113.538597,22.150600
113.537804,22.151899
113.536903,22.153601
113.536102,22.155001
113.535301,22.156401
113.534401,22.157801
113.533600,22.159201
113.532799,22.160601
113.531700,22.161900
113.531097,22.163601
113.529999,22.165001
113.529198,22.166401
113.528603,22.168301
113.528099,22.169701
113.527496,22.171700
113.527496,22.173901
113.527496,22.176399
113.527802,22.178301
113.528297,22.180300
113.528732,22.181513
# Triangles
148,72,151
150,149,148
150,148,151
69,153,151
145,80,146
145,144,80
144,143,142
147,73,148
159,50,160
50,161,160
162,46,2
50,162,161
153,152,151
55,157,155
157,156,155
55,158,157
61,155,154
53,159,158
65,154,153
130,127,131
129,128,127
129,127,130
131,127,126
119,124,122
121,119,122
124,123,122
125,124,119
125,118,126
117,131,126
138,137,136
141,139,88
141,140,139
113,139,135
138,136,139
132,131,117
133,132,135
135,134,133
132,116,135
139,136,135
142,141,87
80,144,142
146,77,147
169,168,170
170,172,171
1,173,172
170,168,167
164,1,167
165,164,167
167,166,165
167,1,170
172,170,1
162,2,1
1,174,173
44,6,5
4,3,5
164,162,1
5,3,44
36,7,6
9,8,26
7,28,8
31,7,34
163,162,164
10,12,11
12,10,13
10,14,13
15,14,20
20,14,10
28,27,8
7,31,28
16,15,18
16,18,17
29,31,30
31,29,28
31,33,32
19,18,20
20,22,21
22,20,10
18,15,20
25,10,9
25,23,10
23,25,24
22,10,23
9,26,25
27,26,8
2,44,3
119,121,120
117,126,118
115,135,116
117,116,132
135,115,114
139,113,89
112,111,110
112,110,113
135,114,113
110,89,113
108,106,110
110,106,101
107,106,108
104,106,105
103,102,101
103,101,106
98,101,100
98,110,101
106,104,103
109,108,110
98,100,99
98,97,95
98,95,93
96,95,97
93,95,94
89,93,92
90,92,91
90,89,92
89,88,139
110,93,89
87,141,88
80,142,81
77,79,78
146,79,77
146,80,79
86,85,84
142,86,83
84,83,86
83,82,81
81,142,83
86,142,87
110,98,93
77,75,147
48,47,50
44,2,45
47,46,50
46,45,2
53,52,50
159,53,50
50,49,48
51,50,52
55,54,53
44,40,6
37,36,40
7,36,34
35,34,36
31,34,33
42,41,40
42,40,44
38,40,39
40,38,37
36,6,40
44,43,42
50,46,162
70,69,72
67,66,65
68,67,69
67,153,69
73,147,74
75,74,147
59,55,155
72,71,70
151,72,69
65,153,67
59,58,55
58,56,55
56,58,57
53,158,55
63,65,64
65,63,62
61,60,59
62,61,65
155,61,59
61,154,65
73,72,148
77,76,75
118,125,119
