# Kuwait region 1
35 32
# Outer Vertices
46.541611,29.104160
46.555260,29.112490
46.883598,29.502769
47.128868,29.974710
47.169979,30.015270
47.356930,30.082211
47.731369,30.083879
47.950439,30.013020
47.944439,30.011660
48.009159,29.799440
48.081928,29.735830
48.167210,29.553049
48.138321,29.547220
48.003880,29.631390
47.948601,29.619720
47.918049,29.569719
47.702770,29.405550
47.707211,29.375830
47.829708,29.393049
47.816101,29.329990
47.877209,29.335279
47.978600,29.397770
48.086102,29.353050
48.090549,29.230000
48.314709,28.771391
48.391102,28.739161
48.378040,28.694160
48.415321,28.546860
48.419731,28.544359
47.684151,28.561939
47.575260,28.699989
47.539150,28.856100
47.460819,28.998880
46.698040,29.086380
46.541611,29.104160
# Triangles
2,1,33
1,34,33
2,33,32
30,29,31
31,19,32
23,20,19
23,19,31
19,17,32
5,3,16
5,4,3
3,2,16
19,18,17
16,32,17
6,16,15
16,6,5
16,2,32
31,29,24
23,21,20
22,21,23
31,24,23
28,27,29
26,25,24
27,26,24
29,27,24
9,6,14
8,7,6
6,9,8
14,6,15
12,11,10
13,10,9
10,13,12
13,9,14
