# Iran region 1
443 440
# Outer Vertices
44.794651,39.650650
44.810490,39.642731
44.888599,39.605820
44.950260,39.435810
45.115822,39.312199
45.187481,39.210270
45.337761,39.172489
45.430538,39.004711
45.871929,38.879978
46.166660,38.839981
46.177959,38.844219
46.354710,38.910542
46.533600,38.870819
46.539925,38.876720
46.838322,39.155258
47.025539,39.189419
47.099709,39.304428
47.355259,39.437481
47.454430,39.496380
47.746929,39.621090
47.806648,39.677212
47.976372,39.719700
48.338871,39.425541
48.359711,39.384708
48.150261,39.309151
48.119980,39.263599
48.134991,39.208881
48.293880,39.112492
48.323879,39.026371
48.276089,38.981651
48.018879,38.909149
48.013882,38.856930
48.103039,38.783600
48.243870,38.727760
48.243599,38.667210
48.333599,38.601101
48.429989,38.626091
48.610538,38.405819
48.665531,38.390541
48.860500,38.440250
48.871380,38.288879
49.001099,37.759430
49.069710,37.671650
49.274712,37.545818
49.478870,37.483601
50.077492,37.411652
50.202209,37.383881
50.315269,37.153049
50.740822,36.900829
51.087490,36.732491
51.798599,36.601940
51.972759,36.579990
52.615551,36.709148
53.244709,36.850269
53.949162,36.914711
54.008598,36.948318
54.002209,36.904991
53.634430,36.853321
53.668598,36.820820
53.894711,36.793598
54.019161,36.818600
54.031651,36.948318
53.988319,36.982208
54.015820,37.021931
53.909420,37.351521
54.231651,37.327209
54.551651,37.446091
54.691650,37.467480
54.805820,37.561649
54.833050,37.746380
55.296101,38.001659
55.442760,38.086102
55.798599,38.122478
55.982761,38.072491
56.326649,38.084148
56.352772,38.132759
56.318878,38.173321
56.385540,38.231369
56.538879,38.266102
56.695259,38.266930
56.756378,38.284988
56.857208,38.231369
57.050819,38.193600
57.176090,38.280270
57.239151,38.273869
57.371090,38.093040
57.348320,37.998871
57.505260,37.929989
57.778320,37.907761
58.124432,37.799992
58.198040,37.786381
58.223869,37.684711
58.451649,37.641369
58.498039,37.647770
58.544430,37.703602
58.778591,37.661930
58.926090,37.669979
59.171650,37.563042
59.249989,37.513321
59.322762,37.541370
59.371090,37.503880
59.389709,37.333050
59.519711,37.196091
59.566929,37.208881
59.620258,37.131931
59.774429,37.131649
60.029430,37.036930
60.364712,36.645538
61.157200,36.649990
61.189701,36.561371
61.142490,36.392761
61.169979,36.302212
61.226089,36.115261
61.125259,35.970821
61.244991,35.897209
61.231091,35.667488
61.278721,35.606750
61.277760,35.520260
61.239151,35.481091
61.186100,35.296940
61.104431,35.279148
61.113880,35.201649
61.065262,34.812759
60.863602,34.576389
60.733601,34.541660
60.756649,34.483318
60.897770,34.345821
60.911091,34.316380
60.671650,34.313599
60.513599,34.150822
60.521370,33.999149
60.554150,33.813320
60.505260,33.739151
60.522758,33.653042
60.649151,33.574989
60.901649,33.554428
60.928600,33.504429
60.858318,33.493870
60.851650,33.418049
60.591091,33.163040
60.581928,33.071659
60.741650,32.578869
60.857769,32.234718
60.810261,31.873600
60.843868,31.498329
61.619431,31.395821
61.713600,31.383329
61.771099,31.318331
61.765820,31.245270
61.847210,31.048880
61.803871,30.945820
61.812759,30.843611
61.253040,30.259991
60.866871,29.862431
61.355259,29.388330
61.419979,29.164440
61.511101,29.088600
61.547581,28.984940
61.651371,28.785271
62.039711,28.500549
62.394711,28.421659
62.592480,28.233601
62.781368,28.266939
62.757771,28.000271
62.821930,27.760269
62.839710,27.474440
62.764709,27.271940
62.919708,27.214991
63.198040,27.267771
63.317760,27.169439
63.341930,27.122490
63.278591,27.121941
63.254169,27.018641
63.286930,26.881100
63.206379,26.842220
63.181099,26.633881
63.140270,26.635269
62.772480,26.649719
62.613602,26.579990
62.371368,26.542490
62.273319,26.429440
62.276669,26.354059
62.135818,26.380831
62.123600,26.318331
61.858040,26.234711
61.832760,26.179440
61.769428,25.809719
61.686371,25.794991
61.646931,25.306110
61.610970,25.193319
61.549709,25.250000
61.516380,25.181110
61.510540,25.147221
61.423038,25.097500
61.438599,25.075270
61.215260,25.124161
60.615822,25.275829
60.598049,25.409439
60.554710,25.440550
60.488041,25.440550
60.427761,25.415831
60.393600,25.369440
60.405540,25.333879
60.441929,25.327221
60.441101,25.268330
60.279709,25.378611
60.189159,25.358601
60.195541,25.321659
60.109150,25.338329
60.086102,25.377220
60.003601,25.379440
59.893879,25.344990
59.838871,25.410830
59.599152,25.395550
59.516102,25.460550
59.450550,25.477770
59.102211,25.396660
58.898319,25.524170
58.542210,25.593330
58.134991,25.541380
58.045551,25.576941
57.974430,25.687220
57.933319,25.700270
57.769428,25.635269
57.786930,25.698330
57.753880,25.743330
57.695541,25.744160
57.310551,25.777769
57.263882,25.932770
57.198040,25.995001
57.166931,26.095831
57.213871,26.172489
57.074162,26.447220
57.091099,26.496670
57.064430,26.716110
56.961102,26.914989
56.923870,26.982500
56.841099,27.034439
56.885269,27.070829
56.843601,27.080000
56.806599,27.138960
56.438320,27.175280
56.132771,27.160271
56.076382,27.112499
55.637211,26.976940
55.587212,26.905270
55.593319,26.844990
55.582760,26.792219
55.243881,26.781660
54.841648,26.516380
54.617489,26.500271
54.557209,26.582220
54.399712,26.596661
54.290821,26.718330
54.154148,26.701660
54.025269,26.745279
53.713329,26.701660
53.475269,26.868610
53.465260,26.948879
53.423870,26.982491
53.186378,27.052500
52.985271,27.143600
52.603039,27.350830
52.577770,27.397779
52.668049,27.410000
52.670818,27.444160
52.479710,27.619440
52.372211,27.645830
52.020260,27.830271
51.582211,27.849159
51.476940,27.931660
51.316101,28.105551
51.303322,28.055269
51.263321,28.154091
51.283329,28.235550
51.142208,28.398609
51.057491,28.734440
51.004162,28.803600
50.885269,28.825830
50.838600,28.880831
50.800541,28.972500
50.830269,28.993050
50.895550,28.943331
50.928879,29.013330
50.922211,29.066669
50.817490,29.139160
50.674709,29.118330
50.634991,29.152769
50.668598,29.408600
50.621380,29.495831
50.606930,29.467489
50.492210,29.594160
50.132771,29.952770
50.143040,30.056660
50.062481,30.198330
50.006378,30.218880
49.915272,30.204170
49.816929,30.147221
49.551380,30.007500
49.501381,30.053881
49.487492,30.148331
49.455540,30.162781
49.231930,30.157770
49.216648,30.264721
49.154709,30.224991
48.923870,30.380831
48.957489,30.398050
49.211102,30.355270
49.260540,30.443050
49.100269,30.516109
48.953041,30.499720
48.943878,30.476660
49.023602,30.454990
49.005260,30.408600
48.914150,30.408051
48.863880,30.347219
48.918049,30.248600
48.943321,30.162781
48.917210,30.038879
48.861370,30.019720
48.636662,30.049721
48.659988,29.988880
48.626659,29.955549
48.537300,29.963831
48.545181,29.944540
48.447762,29.993050
48.379429,30.129440
48.402760,30.202770
48.274151,30.329161
48.198040,30.317770
48.153591,30.421659
48.069592,30.460730
48.033329,30.553600
48.036930,30.994711
47.693871,31.001110
47.697201,31.407770
47.864429,31.798599
47.517200,32.148319
47.503040,32.253601
47.413311,32.341091
47.440819,32.383320
47.362492,32.474701
47.154701,32.457760
46.783039,32.708328
46.638039,32.819988
46.423870,32.937481
46.283600,32.966660
46.148041,32.953041
46.103321,32.971088
46.097481,33.005550
46.144989,33.048038
46.146381,33.069439
46.049160,33.090820
46.055538,33.121651
46.111370,33.112759
46.198589,33.191090
46.124699,33.308601
45.996929,33.495541
45.874699,33.491650
45.948589,33.556648
45.905491,33.633190
45.751930,33.588871
45.550259,33.888599
45.405819,33.971088
45.567490,34.219700
45.584709,34.302479
45.551929,34.344151
45.487759,34.335819
45.435539,34.448589
45.522758,34.497761
45.513321,34.581661
45.531929,34.600540
45.714710,34.557209
45.708321,34.659149
45.651089,34.726929
45.691929,34.819149
45.766102,34.845821
45.772480,34.914429
45.870258,34.909710
45.921371,35.078602
45.941929,35.095539
46.032490,35.057758
46.155258,35.099152
46.193039,35.211102
46.119148,35.244431
46.148041,35.301651
45.992210,35.481091
45.979980,35.584709
46.020260,35.576099
46.019150,35.675541
46.134430,35.697201
46.318600,35.769711
46.348869,35.799992
46.340260,35.825550
45.785259,35.814991
45.743320,35.828041
45.634991,35.965542
45.505550,36.020538
45.384708,35.981930
45.334980,36.004429
45.369148,36.080269
45.250820,36.420269
45.121368,36.411930
45.014709,36.535259
45.066662,36.673870
45.016930,36.749989
44.867199,36.785259
44.841648,36.819710
44.906651,36.888321
44.909710,37.023869
44.768040,37.105259
44.786671,37.148151
44.794430,37.163872
44.773319,37.227482
44.821930,37.271099
44.801651,37.321659
44.592758,37.436932
44.558041,37.648041
44.618870,37.716091
44.538040,37.780540
44.419151,37.817760
44.344990,37.880260
44.245541,37.883869
44.222210,37.906368
44.477760,38.323040
44.440819,38.393318
44.325260,38.378040
44.303600,38.430538
44.317211,38.613041
44.260818,38.721649
44.304989,38.815540
44.291100,38.859711
44.210819,38.891102
44.159420,39.002209
44.216648,39.129150
44.080818,39.306931
44.034161,39.379711
44.070271,39.411652
44.307758,39.386929
44.416088,39.425259
44.471088,39.698872
44.605820,39.780540
44.794651,39.650650
# Triangles
344,343,341
355,345,344
342,341,343
344,382,356
349,348,347
347,346,350
351,350,346
351,346,355
347,350,349
352,351,354
346,345,355
332,331,330
333,332,330
327,326,320
329,328,330
330,328,310
310,333,330
339,338,340
338,337,336
340,338,336
334,333,335
336,335,333
336,333,309
340,48,341
315,328,327
382,344,341
368,367,366
372,365,360
366,365,372
360,365,364
364,363,362
368,366,369
370,369,371
371,369,372
373,372,378
375,374,373
373,376,375
369,366,372
364,362,360
358,357,359
359,357,360
354,353,352
355,344,356
354,351,355
382,360,357
376,378,377
378,372,382
360,362,361
378,382,381
378,376,373
379,381,380
381,379,378
382,372,360
357,356,382
49,340,336
290,289,291
286,285,287
287,285,288
289,288,284
325,324,323
320,325,323
293,292,291
323,322,320
321,320,322
291,289,293
276,275,274
277,276,283
272,271,273
274,273,271
276,274,268
59,289,284
280,279,282
280,282,281
278,282,279
278,277,282
284,283,276
277,283,282
285,284,288
268,284,276
59,294,289
315,320,316
316,320,319
328,315,311
317,316,319
304,307,306
317,319,318
310,328,311
311,315,314
313,312,311
305,304,306
311,314,313
310,309,333
327,320,315
308,301,300
302,301,303
298,297,300
298,300,299
308,300,297
304,303,307
307,303,308
297,296,308
295,336,308
295,308,296
295,49,336
308,303,301
293,289,294
308,336,309
295,294,50
326,325,320
49,295,50
409,411,410
414,412,409
411,409,412
412,414,413
424,421,420
424,420,419
416,415,418
418,417,416
7,418,8
419,418,424
8,418,415
400,399,398
404,401,9
398,397,400
400,397,401
401,397,396
408,406,405
409,408,405
408,407,406
402,404,403
404,402,401
409,404,9
409,405,404
409,9,414
9,415,414
401,396,393
430,429,428
428,427,425
439,434,431
431,430,5
422,421,423
436,435,437
437,435,438
432,431,433
438,435,434
433,431,434
434,439,438
430,428,425
425,424,7
425,5,430
7,6,5
431,5,4
7,5,425
421,424,423
3,431,4
440,442,441
442,440,439
3,2,1
442,439,1
1,439,3
431,3,439
425,427,426
418,7,424
396,395,394
386,385,388
386,388,387
382,341,383
385,384,383
385,390,388
391,385,383
389,388,390
393,392,42
391,383,392
385,391,390
401,393,9
383,44,392
43,392,44
45,44,47
341,47,383
47,46,45
47,44,383
47,341,48
37,36,35
37,35,41
38,37,41
41,35,393
40,39,38
41,40,38
393,42,41
43,42,392
340,49,48
34,393,35
8,415,9
10,9,12
15,13,31
13,15,14
12,11,10
393,12,9
15,17,16
30,18,17
25,19,18
24,21,20
24,20,19
15,31,17
31,13,12
31,12,32
31,30,17
12,393,34
34,33,32
12,34,32
30,29,26
26,25,30
25,24,19
27,26,29
22,24,23
29,28,27
24,22,21
30,25,18
396,394,393
274,271,270
250,249,251
232,231,233
234,233,222
255,254,253
256,255,258
252,251,253
255,253,259
248,253,251
248,251,249
231,230,229
221,220,219
235,218,217
219,218,221
235,234,218
218,234,221
226,231,228
228,231,229
226,228,227
224,222,225
222,224,223
226,225,231
233,225,222
222,221,234
233,231,225
235,217,153
264,263,262
261,264,262
257,256,258
261,260,265
255,259,258
259,265,260
270,269,268
266,284,268
265,264,261
267,266,268
266,265,244
266,242,284
265,259,244
245,248,246
246,248,247
248,245,244
235,238,236
244,259,253
242,60,284
243,242,244
238,237,236
240,239,238
153,240,238
241,140,242
238,235,153
244,242,266
244,253,248
241,240,144
215,217,216
206,208,207
206,209,208
205,204,202
202,201,205
214,213,212
212,215,214
209,205,200
205,209,206
209,212,210
199,212,209
205,201,200
211,210,212
200,199,209
195,194,193
195,193,191
192,191,193
190,189,188
191,190,195
197,195,187
204,203,202
195,197,196
187,198,197
187,190,188
195,190,187
199,158,212
184,199,198
198,185,184
185,198,187
185,187,186
212,158,215
199,184,158
182,184,183
182,180,179
180,182,181
159,182,179
159,179,166
166,178,177
161,163,162
164,163,161
164,159,166
166,179,178
184,182,159
155,217,215
174,177,176
174,176,175
174,173,172
174,172,167
174,167,177
168,172,171
166,165,164
169,168,171
167,172,168
171,170,169
177,167,166
164,161,159
294,51,50
294,59,52
52,58,53
58,52,59
53,58,57
284,60,59
53,57,54
61,63,62
55,54,56
54,57,56
64,63,65
61,66,65
60,66,61
61,65,63
102,104,103
129,92,91
67,60,87
129,91,60
104,102,129
66,60,67
68,67,74
98,100,99
101,98,97
101,92,102
101,100,98
95,101,97
51,294,52
69,68,70
71,70,72
70,68,73
74,78,75
73,72,70
81,74,86
75,77,76
75,78,77
79,74,81
80,79,81
78,74,79
81,86,82
68,74,73
91,90,89
87,60,91
93,95,94
93,92,101
101,95,93
97,96,95
83,82,84
85,82,86
82,85,84
88,87,91
88,91,89
86,74,87
74,67,87
129,102,92
140,143,141
60,242,140
141,143,142
153,152,144
241,143,140
132,60,140
133,139,134
139,133,140
134,139,138
138,137,134
136,135,137
137,135,134
150,144,152
132,140,133
155,154,153
156,155,157
160,159,161
158,157,155
159,158,184
153,217,155
145,148,146
148,145,150
146,148,147
149,148,150
145,144,150
151,150,152
240,153,144
132,130,129
130,132,131
104,129,124
127,126,128
128,126,125
129,128,124
104,106,105
107,106,104
125,124,128
123,122,124
107,124,120
124,107,104
121,124,122
60,132,129
121,120,124
120,119,118
118,117,116
116,115,118
118,115,120
120,115,113
110,109,108
111,110,113
110,108,107
113,110,107
112,111,113
113,115,114
120,113,107
143,241,144
158,155,215
274,270,268
