# Ireland region 0
307 304
# Outer Vertices
-7.253056,55.070541
-7.251112,55.046101
-7.073611,55.037769
-6.974723,55.136662
-6.968056,55.189709
-6.754445,55.167210
-6.496945,55.245270
-6.076945,55.198040
-6.033611,55.154991
-6.056667,55.055538
-5.978612,55.052212
-5.966111,55.024151
-5.993334,54.983051
-5.848056,54.898602
-5.785278,54.833050
-5.787223,54.853321
-5.718334,54.838039
-5.687222,54.777489
-5.696667,54.748878
-5.871389,54.687481
-5.924167,54.633881
-5.904723,54.602211
-5.670279,54.671101
-5.577223,54.678051
-5.474723,54.530270
-5.435556,54.460541
-5.499167,54.331928
-5.567500,54.387489
-5.559723,54.515820
-5.680556,54.573040
-5.712778,54.533871
-5.645278,54.492489
-5.640000,54.403599
-5.710556,54.346931
-5.557778,54.369709
-5.534167,54.313320
-5.648056,54.227211
-5.796667,54.242489
-5.863890,54.223881
-5.894444,54.103039
-6.067779,54.027760
-6.196667,54.095268
-6.270145,54.096870
-6.113890,54.011662
-6.105278,53.992210
-6.228333,53.987770
-6.344445,54.014431
-6.381111,53.917210
-6.337223,53.871929
-6.244722,53.858601
-6.256111,53.807209
-6.180556,53.614429
-6.077778,53.525829
-6.103333,53.488319
-6.192500,53.460270
-6.053334,53.384430
-6.066668,53.361660
-6.143612,53.386662
-6.224723,53.353870
-6.077223,53.193600
-5.994722,52.961102
-6.221667,52.648041
-6.200556,52.555271
-6.403025,52.353649
-6.492500,52.361370
-6.411945,52.285820
-6.321667,52.240261
-6.361389,52.177490
-6.474167,52.206661
-6.585834,52.171101
-6.718889,52.214161
-6.795279,52.204990
-6.831667,52.234440
-6.829167,52.171940
-6.936389,52.120541
-6.916112,52.151371
-6.913334,52.203041
-6.995001,52.282768
-6.953889,52.178322
-7.083611,52.131378
-7.075001,52.160549
-7.551945,52.082489
-7.591111,52.101379
-7.634167,52.068321
-7.548334,52.056381
-7.588334,51.991650
-7.812222,51.941662
-7.847501,51.978039
-7.884167,51.877769
-8.005001,51.859150
-8.010279,51.825260
-8.219168,51.795818
-8.228889,51.828041
-8.181112,51.886101
-8.409445,51.885818
-8.393057,51.875542
-8.338612,51.869709
-8.295834,51.764431
-8.386112,51.706100
-8.515001,51.677490
-8.534168,51.607491
-8.566389,51.637211
-8.754168,51.642208
-8.697779,51.580540
-9.120279,51.552212
-9.230001,51.482208
-9.380001,51.487209
-9.403057,51.545818
-9.587778,51.504711
-9.803335,51.445820
-9.816389,51.486660
-9.619167,51.599152
-9.829723,51.539989
-9.811390,51.558041
-9.485001,51.711380
-9.549446,51.755260
-9.601946,51.688320
-10.102220,51.597210
-10.149440,51.614990
-10.065560,51.624439
-10.103610,51.662769
-9.982779,51.679150
-9.986113,51.709709
-9.905834,51.757771
-9.803612,51.785549
-9.579445,51.869991
-9.759167,51.841381
-10.128060,51.755550
-10.223890,51.774990
-10.176110,51.804440
-10.200560,51.845829
-10.337920,51.783649
-10.341670,51.842209
-10.398060,51.876659
-10.248890,51.901932
-10.266110,51.984711
-9.911112,52.104160
-9.766390,52.144161
-9.872501,52.151371
-9.954723,52.142490
-10.237780,52.115551
-10.472780,52.102489
-10.466950,52.176659
-10.169720,52.287491
-10.167780,52.231659
-10.055830,52.254990
-10.033330,52.287209
-9.970556,52.238041
-9.877501,52.230549
-9.740835,52.244709
-9.835001,52.310551
-9.837778,52.376381
-9.945557,52.402489
-9.928335,52.422489
-9.635279,52.469440
-9.675835,52.545269
-9.616945,52.570820
-9.295000,52.565540
-8.810556,52.661098
-8.742224,52.670818
-8.951668,52.679710
-8.945557,52.773880
-9.115835,52.649712
-9.281668,52.588329
-9.331945,52.595829
-9.275278,52.632488
-9.407223,52.604988
-9.571112,52.663052
-9.623335,52.611099
-9.627779,52.611660
-9.886112,52.550270
-9.911390,52.572491
-9.664446,52.677761
-9.603334,52.737209
-9.490278,52.773319
-9.351946,52.927490
-9.468056,52.927490
-9.350834,53.071098
-9.253056,53.149151
-9.075556,53.116379
-9.085556,53.160820
-8.938334,53.140541
-8.948891,53.185551
-8.984446,53.215549
-8.983334,53.248322
-9.033056,53.271648
-9.490002,53.223598
-9.542778,53.227772
-9.552778,53.289711
-9.600279,53.232208
-9.611668,53.268600
-9.620001,53.319439
-9.557779,53.335541
-9.599445,53.364429
-9.611113,53.331661
-9.649723,53.326649
-9.638334,53.382771
-9.700001,53.361370
-9.775278,53.296940
-9.897223,53.350269
-9.800556,53.410259
-9.948057,53.378601
-10.176110,53.407768
-10.147780,53.443878
-10.054450,53.450821
-10.011390,53.475819
-10.136110,53.519711
-10.201950,53.540821
-10.050280,53.563320
-10.009720,53.601940
-9.699446,53.595829
-9.913334,53.647491
-9.906389,53.758598
-9.607224,53.820541
-9.566946,53.886379
-9.764723,53.894428
-9.902779,53.857769
-9.942780,53.869991
-9.912779,53.949429
-9.812223,53.939709
-9.904167,54.016380
-9.891668,54.085270
-9.936111,54.060822
-9.984446,54.091930
-9.932501,54.145550
-9.998611,54.214432
-10.090560,54.119431
-10.067220,54.088600
-10.124440,54.096371
-10.092780,54.195820
-10.081670,54.257210
-10.009170,54.300819
-9.886112,54.260818
-9.924168,54.221371
-9.920279,54.206928
-9.761391,54.281380
-9.842224,54.304989
-9.843613,54.325550
-9.305002,54.307209
-9.199722,54.239712
-9.218334,54.211651
-9.142223,54.139149
-9.063612,54.276100
-8.936945,54.283600
-8.565834,54.233601
-8.620001,54.257210
-8.539167,54.279991
-8.509167,54.318321
-8.666389,54.337769
-8.583889,54.391102
-8.478889,54.425270
-8.395834,54.461929
-8.210556,54.498051
-8.267223,54.515820
-8.146112,54.633598
-8.381945,54.616379
-8.774445,54.656651
-8.801111,54.691662
-8.623890,54.769428
-8.412500,54.753601
-8.525278,54.811378
-8.506945,54.841648
-8.331945,54.829151
-8.384167,54.853600
-8.370001,54.874439
-8.315834,54.869709
-8.339445,54.903599
-8.423056,54.891102
-8.460001,54.938320
-8.367224,54.941380
-8.454723,54.991650
-8.353889,55.056931
-8.323612,55.024151
-8.292501,55.152489
-8.087778,55.159431
-7.964723,55.183041
-7.863890,55.164440
-7.874167,55.206379
-7.798889,55.249439
-7.811111,55.177212
-7.727778,55.167210
-7.704167,55.094151
-7.668056,55.141930
-7.698611,55.214161
-7.720556,55.216648
-7.735001,55.187771
-7.790556,55.203320
-7.761111,55.254429
-7.657778,55.274429
-7.616945,55.242771
-7.573611,55.161381
-7.532223,55.099152
-7.640000,55.044430
-7.566945,55.048038
-7.597222,55.012489
-7.665001,54.952492
-7.452500,55.047489
-7.454722,55.132210
-7.547501,55.197208
-7.521111,55.283600
-7.262778,55.274712
-7.399167,55.377209
-7.267654,55.355061
-6.938612,55.241100
-6.964445,55.208881
-7.159445,55.145821
-7.253056,55.070541
# Triangles
128,127,129
133,132,134
132,130,134
131,130,132
127,126,136
135,134,130
110,108,111
116,119,117
119,116,121
124,121,116
136,129,127
121,123,122
120,119,121
124,123,121
119,118,117
130,129,136
142,141,140
140,139,144
142,140,144
144,143,142
145,147,146
139,145,144
145,139,147
135,130,136
138,148,139
138,137,148
153,152,151
151,154,153
171,170,172
151,150,149
148,147,139
114,113,111
111,113,112
116,125,124
115,125,116
137,126,125
137,136,126
154,149,157
125,149,137
125,157,149
151,149,154
107,111,108
109,108,110
107,106,105
114,111,107
107,104,114
105,104,107
102,104,103
104,125,114
157,125,104
99,102,101
157,104,102
125,115,114
102,94,158
169,172,170
154,156,155
169,168,167
173,172,167
166,174,167
174,173,167
172,169,167
163,165,164
165,163,162
154,157,156
174,165,175
160,159,161
161,159,181
102,158,157
165,162,175
158,94,159
165,174,166
175,162,161
244,159,82
149,148,137
203,202,204
204,201,205
201,204,202
207,206,208
208,205,209
209,205,200
208,206,205
205,201,200
210,209,200
200,198,197
198,200,199
210,212,211
216,215,219
235,219,214
217,216,218
212,210,213
218,216,219
219,215,214
226,228,227
229,226,225
226,229,228
230,225,231
225,230,229
233,231,225
224,223,222
234,233,225
234,224,221
219,221,220
221,224,222
234,221,235
237,236,235
237,235,238
232,231,233
235,221,219
234,225,224
197,196,200
188,190,189
188,187,186
192,191,188
192,188,186
190,188,191
195,194,196
177,175,178
179,178,175
179,175,161
161,181,179
183,182,184
179,181,180
184,182,244
185,184,244
181,244,182
185,192,186
192,185,213
210,196,193
210,200,196
192,213,210
192,210,193
185,214,213
196,194,193
238,240,239
240,238,214
242,241,243
240,214,241
241,214,185
214,238,235
245,244,246
243,241,244
244,181,159
257,256,258
248,247,249
185,244,241
244,247,246
176,175,177
100,99,101
94,99,98
95,98,97
95,94,98
96,95,97
93,92,91
93,87,159
91,90,93
159,94,93
90,89,93
87,86,83
88,87,89
89,87,93
83,82,87
84,83,85
83,86,85
82,81,77
82,159,87
77,244,82
77,81,80
78,80,79
80,78,77
256,255,258
250,247,251
247,252,251
244,252,247
47,252,77
252,244,77
76,75,73
73,75,74
76,73,72
72,70,64
70,72,71
64,68,65
64,70,69
65,68,67
61,77,64
69,68,64
72,64,77
76,72,77
94,102,99
66,65,67
63,62,61
61,58,77
48,47,58
48,51,50
58,54,48
50,49,48
77,58,47
61,59,58
64,63,61
61,60,59
56,55,57
54,51,48
51,54,53
53,52,51
55,54,57
58,57,54
42,46,45
44,43,45
20,42,41
45,43,42
40,39,38
40,38,41
38,21,41
2,47,46
38,33,21
33,37,36
34,36,35
33,36,34
33,32,30
27,26,25
28,27,25
33,38,37
2,46,42
252,47,295
30,32,31
259,262,261
261,260,259
263,262,264
255,259,258
267,266,269
267,269,268
271,270,269
259,255,262
265,264,262
262,254,265
262,255,254
254,252,295
266,265,272
254,274,265
254,295,276
265,274,272
292,294,293
294,292,295
281,295,292
253,252,254
266,272,269
271,269,272
254,275,274
275,254,276
272,274,273
278,277,279
276,279,277
276,281,279
292,282,281
282,292,290
284,286,285
289,282,290
287,284,288
287,286,284
283,289,288
289,283,282
283,288,284
280,279,281
281,276,295
291,290,292
5,42,20
20,19,12
19,14,13
21,30,29
47,1,295
5,2,42
9,20,12
13,12,19
11,10,12
47,2,1
28,23,29
29,23,22
24,28,25
23,28,24
33,30,21
14,16,15
16,14,17
18,17,14
19,18,14
22,21,29
1,296,295
297,0,300
296,1,0
0,297,296
300,0,305
298,297,299
301,300,302
299,297,300
304,302,300
300,305,304
3,5,4
3,2,5
9,5,20
5,9,6
7,9,8
9,7,6
304,303,302
12,10,9
21,20,41
250,249,247
