# Madagascar region 0
291 288
# Outer Vertices
47.285530,-14.846900
47.454990,-14.665280
47.500820,-14.711670
47.499439,-14.848340
47.412491,-14.971390
47.411098,-15.098610
47.438599,-15.108060
47.567211,-14.981390
47.643600,-14.778060
47.796379,-14.571390
47.921101,-14.710000
47.936100,-14.660840
47.918880,-14.635280
47.968601,-14.621670
47.995541,-14.662500
47.987492,-14.760000
48.020821,-14.728060
48.017208,-14.639450
47.931931,-14.570840
47.853600,-14.598340
47.807491,-14.546110
47.755550,-14.603610
47.720829,-14.558340
47.713871,-14.357230
47.804440,-14.209720
47.852772,-14.246390
47.927761,-14.253890
47.957211,-14.185000
47.904430,-14.092780
48.011101,-14.138340
47.998322,-14.294730
48.034431,-14.259730
48.020760,-14.217440
48.052490,-14.106110
47.941929,-14.006390
48.023041,-13.965000
47.910549,-13.897500
47.872490,-13.776670
47.894161,-13.713890
47.905270,-13.596390
47.961929,-13.585000
47.964432,-13.528060
48.007210,-13.581390
48.047771,-13.550000
48.030819,-13.514720
48.083321,-13.539450
48.096931,-13.602780
48.143600,-13.596110
48.179989,-13.754170
48.241940,-13.804450
48.287209,-13.808060
48.335541,-13.773060
48.334148,-13.554170
48.368599,-13.549170
48.394989,-13.586670
48.455818,-13.516950
48.526932,-13.526110
48.518040,-13.403890
48.597759,-13.448890
48.739712,-13.427230
48.841648,-13.266110
48.812481,-13.198060
48.897209,-12.976950
48.959431,-12.822230
48.870270,-12.605000
48.886929,-12.555280
48.836929,-12.569730
48.781101,-12.438340
48.730820,-12.434170
48.766380,-12.399170
48.888050,-12.460280
48.907211,-12.495840
48.948040,-12.482780
48.969151,-12.357780
49.063881,-12.276670
49.086651,-12.298060
49.198879,-12.154170
49.151100,-12.099170
49.095268,-12.099170
49.157211,-12.053890
49.225269,-12.105280
49.207489,-12.003340
49.274429,-11.947780
49.347210,-12.061950
49.371929,-12.207230
49.261929,-12.143890
49.232491,-12.225000
49.287491,-12.235840
49.316380,-12.297500
49.356380,-12.299450
49.359711,-12.235840
49.395260,-12.232780
49.458599,-12.376110
49.498600,-12.346390
49.543880,-12.384450
49.487492,-12.411390
49.588039,-12.479170
49.596661,-12.532500
49.575550,-12.541950
49.561378,-12.632230
49.648602,-12.693060
49.653320,-12.806110
49.710541,-12.779730
49.717209,-12.740840
49.801659,-12.800280
49.811100,-12.865280
49.938599,-13.030560
49.979431,-13.346670
50.026661,-13.348890
50.076649,-13.610840
50.101940,-13.627500
50.213329,-14.613060
50.238319,-14.711390
50.280270,-14.867230
50.446930,-15.185000
50.499439,-15.251950
50.436378,-15.569170
50.240822,-15.968890
50.165539,-15.989450
50.145821,-15.934170
50.033871,-15.866950
49.924431,-15.582780
49.902210,-15.468340
49.902489,-15.426670
49.751381,-15.435840
49.696098,-15.465840
49.637211,-15.547230
49.733601,-15.899720
49.679710,-16.039450
49.709709,-16.127510
49.836102,-16.197229
49.854431,-16.235840
49.824989,-16.356670
49.849430,-16.542509
49.799431,-16.641670
49.719151,-16.714729
49.736660,-16.786400
49.788601,-16.830280
49.817211,-16.844730
49.617210,-16.894171
49.473598,-17.187500
49.420551,-17.326120
49.509708,-17.678341
49.364990,-18.403620
49.035549,-19.184170
48.795551,-19.985840
48.616650,-20.388060
48.433319,-20.996950
48.426929,-21.084169
48.205269,-21.789450
47.919708,-22.431950
47.662209,-23.462231
47.617771,-23.590281
47.592770,-23.561119
47.570541,-23.596390
47.616940,-23.621950
47.575821,-23.839170
47.376099,-24.272511
47.325821,-24.268061
47.315540,-24.458891
47.200821,-24.770000
47.135269,-24.831671
47.133041,-24.928061
47.104710,-24.884451
47.094440,-24.973900
46.974709,-25.048889
46.884430,-25.075001
46.646648,-25.191669
46.503040,-25.161671
46.336651,-25.173620
45.942490,-25.319170
45.613602,-25.522230
45.530270,-25.568609
45.158871,-25.600281
44.808319,-25.335560
44.711380,-25.303890
44.366940,-25.257780
44.297211,-25.168060
44.313320,-25.163059
44.389149,-25.232780
44.411930,-25.211670
44.184429,-25.069170
44.032211,-25.004450
43.840260,-24.514450
43.711929,-24.417231
43.664150,-24.311390
43.654148,-23.829170
43.635818,-23.666670
43.652210,-23.619450
43.745819,-23.581671
43.759430,-23.463610
43.614990,-23.311390
43.596931,-23.099171
43.375820,-22.875280
43.286381,-22.588890
43.221100,-22.251120
43.250271,-22.216400
43.292210,-22.236670
43.296940,-22.170280
43.250542,-22.162781
43.259430,-21.954170
43.299709,-21.865009
43.311378,-21.933620
43.329990,-21.917231
43.334148,-21.758619
43.472210,-21.672501
43.474991,-21.408621
43.508041,-21.312780
43.741100,-21.286119
43.808601,-21.225281
43.949429,-20.788059
44.036098,-20.723900
44.176102,-20.441950
44.251381,-20.382780
44.292759,-20.244450
44.474991,-19.990009
44.473320,-19.881950
44.387489,-19.812229
44.369991,-19.772230
44.412491,-19.691950
44.438320,-19.557230
44.482208,-19.531670
44.469151,-19.438339
44.236099,-19.090281
44.243038,-18.883900
44.261662,-18.853060
44.163601,-18.591120
44.040539,-18.423059
44.031380,-17.756950
43.928879,-17.611950
43.931381,-17.500561
44.118599,-17.185280
44.432491,-16.703621
44.466099,-16.495840
44.398602,-16.364731
44.442760,-16.203899
44.488880,-16.177231
44.861660,-16.226391
45.254711,-15.931390
45.273880,-15.932780
45.291660,-16.110559
45.326931,-16.110279
45.397770,-16.037510
45.365822,-15.987780
45.572491,-15.949170
45.606930,-16.055281
45.645260,-15.907220
45.619160,-15.851390
45.686939,-15.779170
45.822208,-15.824720
45.910820,-15.773060
45.957489,-15.783890
45.955818,-15.845000
46.063599,-15.871950
46.070541,-15.784170
46.011379,-15.823890
46.013050,-15.793610
46.089989,-15.725560
46.171940,-15.703610
46.232491,-15.714170
46.235538,-15.806110
46.270550,-15.912230
46.321098,-15.973340
46.395260,-15.900840
46.477211,-15.966110
46.422771,-15.863060
46.298038,-15.818060
46.360271,-15.737780
46.304440,-15.717230
46.331661,-15.634170
46.574162,-15.443340
46.947208,-15.198890
46.972488,-15.234450
46.984989,-15.282220
47.076382,-15.334450
46.962212,-15.502230
47.093040,-15.479720
47.128880,-15.444730
47.223598,-15.448610
47.236370,-15.412500
47.196098,-15.401390
47.164150,-15.296390
47.111931,-15.305560
47.058041,-15.198060
47.105549,-15.119170
47.216099,-15.033610
47.310551,-14.912500
47.381649,-14.876950
47.358051,-14.846110
47.299992,-14.875280
47.285530,-14.846900
# Triangles
193,192,194
192,191,190
196,195,197
192,197,194
198,197,205
194,197,195
205,197,192
184,183,185
182,181,183
189,183,175
187,189,188
189,187,186
189,186,183
190,189,170
183,186,185
150,209,190
209,192,190
199,198,200
200,202,201
200,198,202
203,202,198
206,208,207
208,206,205
203,205,204
205,203,198
209,208,205
211,210,209
213,211,150
225,224,223
215,214,213
212,211,213
209,150,211
192,209,205
183,181,180
175,174,189
174,173,171
170,189,174
178,177,176
175,179,176
179,175,180
176,179,178
180,175,183
171,173,172
171,170,174
169,190,170
161,168,166
166,168,167
163,165,164
166,165,163
169,168,158
190,169,158
217,216,219
146,221,216
166,163,161
216,215,146
219,218,217
221,220,219
222,144,264
219,216,221
158,154,190
161,160,159
161,163,162
161,159,158
150,190,154
154,158,156
150,154,153
155,154,156
158,157,156
213,149,215
158,168,161
225,223,222
222,221,145
228,227,226
232,228,245
226,245,228
229,228,230
230,228,231
228,232,231
226,225,245
234,236,235
236,234,233
237,236,233
232,237,233
241,240,237
244,243,242
245,242,241
244,242,245
232,241,237
237,240,238
232,245,241
245,262,253
239,238,240
245,252,249
247,246,248
249,252,250
248,246,249
250,252,251
245,249,246
254,256,255
261,260,253
254,253,260
257,256,254
254,258,257
254,260,258
260,259,258
253,252,245
262,245,225
262,261,253
264,263,262
262,225,264
270,269,267
267,269,268
265,267,266
265,270,267
265,264,275
276,275,264
278,277,276
276,264,278
274,273,275
273,270,275
281,280,279
278,6,279
275,270,265
225,222,264
272,271,273
283,282,281
271,270,273
283,281,284
290,289,288
281,285,284
285,281,5
285,4,286
4,285,5
15,7,6
286,4,287
281,279,5
288,287,3
288,2,1
2,288,3
287,4,3
1,290,288
279,6,5
15,6,278
264,141,278
153,152,151
149,213,150
150,153,151
10,8,15
8,10,9
147,146,215
8,7,15
148,147,149
16,15,126
11,13,12
13,11,14
11,10,14
31,17,51
14,10,15
125,17,16
215,149,147
23,22,20
23,20,25
22,21,20
19,18,20
30,26,20
25,24,23
25,20,26
20,18,30
27,30,29
32,31,33
18,17,30
30,27,26
49,35,33
33,35,34
50,33,31
35,48,36
17,31,30
29,28,27
31,51,50
50,49,33
145,221,146
264,144,143
143,141,264
140,278,141
128,15,278
139,128,278
129,139,135
141,143,142
139,278,140
139,129,128
136,135,139
138,137,139
136,139,137
130,129,132
132,134,133
132,131,130
132,135,134
132,129,135
128,127,126
116,122,121
51,17,125
116,123,122
124,123,113
125,124,111
121,120,116
126,15,128
119,118,117
117,116,119
116,114,123
111,124,112
113,123,114
115,114,116
124,113,112
116,120,119
125,16,126
144,222,145
51,125,111
46,38,48
42,38,46
38,40,39
37,36,38
41,40,42
46,43,42
43,46,45
40,38,42
45,44,43
48,47,46
36,48,38
53,52,54
54,56,55
56,54,51
52,51,54
51,59,56
35,49,48
59,58,56
56,58,57
69,68,67
69,67,70
70,67,66
62,61,60
101,63,62
62,60,101
64,63,72
66,65,71
66,71,70
72,71,65
75,73,72
65,64,72
72,63,99
59,109,60
111,59,51
99,98,95
101,100,99
99,63,101
93,92,95
95,88,72
95,98,96
98,97,96
93,95,94
88,95,92
108,107,109
59,111,109
107,106,101
103,102,104
105,104,102
102,101,105
106,105,101
101,60,107
72,99,95
74,73,75
80,76,85
86,76,75
75,88,86
78,77,79
80,79,77
81,80,83
76,80,77
76,86,85
88,87,86
90,89,91
89,88,92
89,92,91
72,88,75
83,80,85
81,83,82
84,83,85
60,109,107
110,109,111
