# Solomon Islands region 11
17 14
# Outer Vertices
157.443802,-7.433890
157.283600,-7.351668
157.106094,-7.347779
157.065506,-7.275002
156.936096,-7.219168
156.623596,-6.871113
156.451096,-6.730834
156.438599,-6.643613
156.485794,-6.604168
156.647705,-6.655834
156.888000,-6.835557
157.106598,-6.966946
157.215805,-7.189168
157.428802,-7.324446
157.508301,-7.301391
157.534897,-7.350279
157.443802,-7.433890
# Triangles
5,10,9
10,5,4
10,4,11
11,4,3
7,6,8
9,8,6
6,5,9
12,2,1
1,16,13
15,13,16
11,3,12
14,13,15
12,1,13
12,3,2
