# Solomon Islands region 12
23 20
# Outer Vertices
159.832199,-8.547503
159.546402,-8.344168
159.138596,-8.139448
158.770004,-7.913335
158.677994,-7.807502
158.588303,-7.764168
158.514099,-7.603890
158.441101,-7.559724
158.465500,-7.535279
158.597198,-7.590835
158.643005,-7.567224
158.710205,-7.610557
158.745804,-7.593057
158.878799,-7.744446
158.981598,-7.798613
158.990005,-7.847502
159.370193,-7.986113
159.533295,-8.106947
159.849899,-8.330004
159.812195,-8.382780
159.756607,-8.393059
159.895004,-8.546114
159.832199,-8.547503
# Triangles
5,4,11
4,13,11
13,4,3
13,3,15
11,13,12
5,11,9
7,6,8
8,6,9
11,10,9
9,6,5
17,1,20
20,1,22
21,20,22
18,20,19
15,14,13
2,15,3
16,15,2
17,16,2
17,2,1
20,18,17
