# Solomon Islands region 4
17 14
# Outer Vertices
162.358002,-10.841950
161.887695,-10.770000
161.587708,-10.584170
161.521896,-10.563890
161.532700,-10.484450
161.491592,-10.420280
161.513596,-10.369170
161.286896,-10.335560
161.291595,-10.216110
161.314102,-10.205840
161.438797,-10.219450
161.844696,-10.449450
162.104401,-10.448610
162.289398,-10.688610
162.257202,-10.808890
162.386597,-10.823060
162.358002,-10.841950
# Triangles
6,5,4
4,3,2
6,4,11
8,7,9
10,9,7
7,6,10
6,11,10
1,14,13
14,1,16
16,15,14
2,11,4
2,1,11
12,11,1
13,12,1
