# Solomon Islands region 8
19 16
# Outer Vertices
157.881104,-8.583336
157.798294,-8.556948
157.585800,-8.447226
157.576904,-8.373337
157.617996,-8.416670
157.628296,-8.387501
157.539093,-8.258059
157.314896,-8.322502
157.266403,-8.335281
157.219101,-8.265558
157.232697,-8.199724
157.308807,-8.198336
157.410202,-8.006947
157.508896,-7.971112
157.608307,-8.053059
157.631607,-8.236391
157.770203,-8.243893
157.905807,-8.479725
157.881104,-8.583336
# Triangles
9,8,7
9,7,11
10,9,11
13,12,14
6,12,11
6,14,12
7,6,11
4,2,1
18,17,1
5,1,17
15,14,6
5,16,15
5,4,1
5,15,6
17,16,5
2,4,3
