# Solomon Islands region 2
29 26
# Outer Vertices
155.712997,-6.881946
155.432693,-6.797502
155.175797,-6.543612
155.216095,-6.516390
155.230499,-6.363056
155.204407,-6.308613
154.985794,-6.211390
154.866592,-6.053334
154.750198,-5.948335
154.718002,-5.676111
154.768005,-5.558334
154.696594,-5.436112
154.748001,-5.432778
154.910507,-5.546667
155.058594,-5.548057
155.296906,-5.910833
155.403793,-5.999445
155.432693,-6.120834
155.562698,-6.217502
155.615005,-6.220000
155.741104,-6.320834
155.909698,-6.512223
155.967697,-6.717224
155.914902,-6.791945
155.923798,-6.735557
155.909698,-6.730835
155.879395,-6.803056
155.819901,-6.779723
155.712997,-6.881946
# Triangles
15,7,6
14,8,7
3,2,1
15,5,16
5,4,17
5,15,6
12,11,10
9,13,10
9,8,13
13,8,14
10,13,12
15,14,7
4,3,18
1,28,27
20,1,27
25,24,22
23,22,24
26,25,27
21,27,25
16,5,17
4,18,17
21,20,27
19,18,20
3,20,18
21,25,22
1,20,3
