# Solomon Islands region 1
24 21
# Outer Vertices
161.381302,-9.631392
161.257401,-9.516113
161.163605,-9.373892
160.866104,-9.156391
160.688004,-8.708891
160.655807,-8.609169
160.718796,-8.564447
160.645493,-8.437780
160.576904,-8.349726
160.596100,-8.322502
160.721603,-8.368059
160.720200,-8.310280
160.808594,-8.362503
160.927200,-8.548336
160.988007,-8.596392
161.010803,-8.653893
160.930496,-8.763615
160.971100,-8.844170
161.039398,-8.860558
161.187393,-9.054726
161.272995,-9.295559
161.343002,-9.465836
161.381607,-9.547245
161.381302,-9.631392
# Triangles
5,4,6
6,16,13
4,16,6
17,4,3
6,13,12
8,7,9
9,7,10
11,10,12
10,7,6
6,12,10
20,2,21
21,2,1
2,20,19
1,22,21
22,1,23
14,16,15
16,4,17
16,14,13
18,17,3
19,18,3
3,2,19
