# Solomon Islands region 7
17 14
# Outer Vertices
160.641403,-9.941391
160.260193,-9.815281
159.951904,-9.810003
159.766403,-9.737503
159.658600,-9.589725
159.605194,-9.446392
159.600494,-9.322502
159.705200,-9.254448
159.869095,-9.363337
159.908798,-9.418613
159.998596,-9.437500
160.356903,-9.415281
160.639404,-9.595837
160.729095,-9.711115
160.805206,-9.774168
160.832504,-9.857780
160.641403,-9.941391
# Triangles
8,5,4
4,3,9
3,10,9
6,5,7
7,5,8
4,9,8
3,2,10
12,1,16
15,14,16
13,16,14
10,1,11
11,1,12
16,13,12
1,10,2
