# Guatemala region 0
94 91
# Outer Vertices
-91.436943,17.257500
-91.091110,17.256660
-90.984161,17.256109
-90.983322,17.591940
-90.982773,17.820000
-90.630280,17.820551
-90.277786,17.821110
-89.925827,17.820829
-89.573334,17.820271
-89.220840,17.819160
-89.142441,17.818680
-89.142776,17.483330
-89.144173,17.147499
-89.158340,16.811390
-89.180557,16.474991
-89.202217,16.138611
-89.217773,15.889720
-88.980827,15.898050
-88.910957,15.892720
-88.871948,15.861110
-88.795013,15.862220
-88.634453,15.724160
-88.622513,15.697780
-88.556953,15.787780
-88.557243,15.850830
-88.496948,15.836940
-88.558617,15.906660
-88.616119,15.946940
-88.603348,15.963610
-88.392227,15.831110
-88.213058,15.723050
-88.313889,15.671380
-88.327789,15.635280
-88.668327,15.350000
-89.008904,15.125270
-89.150833,15.073610
-89.181381,15.003330
-89.154167,14.981380
-89.224716,14.868050
-89.144447,14.648610
-89.154449,14.582500
-89.299438,14.515000
-89.354874,14.427690
-89.396118,14.451660
-89.526947,14.386380
-89.542221,14.420270
-89.573334,14.413330
-89.590286,14.321940
-89.553452,14.286250
-89.575012,14.277220
-89.492706,14.241250
-89.646118,14.199720
-89.743057,14.083890
-89.737778,14.043610
-89.854599,14.059460
-90.037514,13.900270
-90.105827,13.835830
-90.095093,13.745470
-90.339737,13.843050
-90.597778,13.926390
-90.914459,13.920550
-91.225281,13.938330
-91.475281,14.023890
-91.693069,14.146940
-91.901123,14.279440
-92.090843,14.432220
-92.245941,14.548080
-92.187210,14.588330
-92.166397,14.772770
-92.186111,14.843610
-92.150833,14.970270
-92.065826,15.077770
-92.211403,15.262220
-92.009171,15.604720
-91.805557,15.947220
-91.729172,16.074989
-91.379440,16.075821
-91.029167,16.075550
-90.679443,16.075550
-90.446663,16.075001
-90.445831,16.228880
-90.403877,16.352209
-90.393890,16.410820
-90.597504,16.480270
-90.645844,16.549721
-90.678879,16.675819
-90.801392,16.803610
-90.941940,16.861660
-90.950844,16.896379
-90.983322,16.903049
-91.039436,16.894991
-91.204727,17.061100
-91.277222,17.178329
-91.436943,17.257500
# Triangles
67,66,65
68,65,64
65,68,67
68,64,71
69,68,70
74,73,76
73,71,76
71,73,72
68,71,70
71,64,63
54,59,58
77,60,78
57,56,58
56,55,58
79,59,46
76,75,74
71,63,62
62,60,71
71,60,77
59,78,60
78,59,79
60,62,61
71,77,76
79,15,81
91,89,2
90,89,91
2,89,88
0,92,1
92,91,1
5,3,2
5,4,3
91,2,1
86,2,88
84,83,82
81,80,79
82,81,15
84,82,85
86,85,6
6,2,86
6,5,2
6,85,7
85,82,7
86,88,87
82,12,7
54,58,55
54,52,51
52,54,53
51,50,49
54,51,47
49,47,51
48,47,49
47,46,54
45,44,43
46,45,38
38,79,46
43,42,41
43,41,38
41,39,38
39,41,40
36,79,38
37,36,38
35,79,36
19,34,33
34,16,35
22,33,32
38,45,43
16,79,35
13,82,14
14,82,15
17,19,18
17,16,34
19,17,34
9,8,11
82,13,12
8,7,12
11,10,9
11,8,12
79,16,15
21,20,19
22,32,23
29,31,30
31,29,23
32,31,23
23,29,25
28,27,26
25,29,26
23,25,24
26,29,28
21,19,22
33,22,19
59,54,46
