# Zaire region 0
479 476
# Outer Vertices
31.277451,2.178203
31.279720,2.176666
31.302771,2.121388
31.036659,1.765555
30.693331,1.498888
30.475651,1.232531
30.472389,1.231599
30.348600,1.196110
30.332211,1.151388
30.278049,1.168888
30.231661,1.125000
30.216101,0.992500
29.961889,0.830358
29.944160,0.572500
29.962490,0.487222
29.858330,0.366667
29.813881,0.158611
29.777220,0.175278
29.716660,0.072222
29.710819,-0.069301
29.709890,-0.075810
29.653000,-0.474059
29.652700,-0.476124
29.671940,-0.572222
29.632771,-0.646111
29.628330,-0.888889
29.578329,-0.900000
29.597469,-1.385249
29.361099,-1.510278
29.236320,-1.687701
29.232780,-1.692744
29.141100,-1.819722
29.123880,-1.904445
29.170549,-2.086389
29.123600,-2.229167
29.091940,-2.273056
28.993320,-2.285556
28.957769,-2.362223
28.889160,-2.367223
28.863609,-2.410278
28.872780,-2.441199
28.883881,-2.478611
28.853319,-2.513611
28.889160,-2.653889
29.024151,-2.744447
28.987770,-2.770000
28.987490,-2.810556
29.074440,-2.874722
29.148600,-2.996111
29.219160,-3.021111
29.240549,-3.110834
29.210550,-3.236667
29.215321,-3.336621
29.215509,-3.338160
29.246941,-3.594444
29.232491,-3.885000
29.385550,-4.154168
29.423590,-4.449472
29.430820,-4.541112
29.341379,-4.797778
29.351379,-4.951389
29.534439,-5.448056
29.621660,-5.669168
29.631941,-5.748334
29.504709,-5.945834
29.496660,-6.043889
29.550270,-6.295279
29.823050,-6.698333
30.207491,-6.992500
30.381941,-7.283890
30.455830,-7.580279
30.708599,-8.000278
30.769991,-8.190834
30.576260,-8.220806
30.089439,-8.296114
29.408880,-8.401112
28.897631,-8.480904
28.900820,-8.487720
28.955830,-8.605280
28.961660,-8.667780
28.728600,-8.991945
28.525270,-9.162502
28.388050,-9.235279
28.371111,-9.273336
28.402210,-9.311668
28.521549,-9.378149
28.538811,-9.428581
28.587219,-9.570002
28.696381,-9.798336
28.668600,-9.819447
28.624990,-10.142500
28.570271,-10.222500
28.693050,-10.666950
28.618320,-10.721670
28.507219,-10.994450
28.484159,-11.168060
28.395550,-11.395840
28.358049,-11.534170
28.463329,-11.796670
28.812210,-12.071950
29.036940,-12.384450
29.210819,-12.372220
29.481930,-12.460280
29.522221,-12.436950
29.525829,-12.391670
29.480551,-12.385560
29.459431,-12.286390
29.499161,-12.229450
29.805630,-12.158530
29.803881,-12.828890
29.801941,-13.451950
29.663879,-13.437780
29.629709,-13.409450
29.621380,-13.371950
29.682770,-13.306110
29.683599,-13.265000
29.589439,-13.221940
29.170830,-13.399720
29.065830,-13.386950
29.015829,-13.397780
28.961660,-13.347780
28.924709,-13.160280
28.844990,-13.091390
28.822220,-12.989170
28.678881,-12.842220
28.632490,-12.840840
28.596661,-12.894730
28.569990,-12.890840
28.493601,-12.741950
28.533331,-12.671390
28.366100,-12.455550
28.210819,-12.401390
28.151661,-12.431670
28.044720,-12.365000
27.981100,-12.370560
27.955549,-12.301670
27.854710,-12.253340
27.796940,-12.298610
27.674721,-12.302780
27.547211,-12.189720
27.478600,-11.966670
27.241100,-11.793610
27.213600,-11.582500
27.108601,-11.582220
27.032221,-11.596110
26.986099,-11.871670
26.902210,-11.961110
26.723049,-12.018890
26.461100,-11.917220
26.017220,-11.903610
25.874710,-11.789450
25.782221,-11.802500
25.560270,-11.753340
25.518330,-11.778340
25.493050,-11.762220
25.502489,-11.719450
25.359711,-11.641670
25.288601,-11.376390
25.346380,-11.213890
25.332211,-11.193330
24.811100,-11.323610
24.698601,-11.338610
24.531660,-11.459720
24.448330,-11.463610
24.391380,-11.409450
24.312771,-11.397500
24.304440,-11.375560
24.361099,-11.355280
24.410271,-11.280280
24.399719,-11.114170
24.323050,-11.051950
24.143049,-11.037780
24.131941,-10.914720
23.982719,-10.869630
23.886101,-11.014720
23.850550,-11.027780
23.503050,-10.959720
23.397490,-10.970280
23.108049,-11.091950
22.942770,-11.095000
22.869160,-11.050560
22.723600,-11.093330
22.580830,-11.034450
22.519711,-11.041950
22.483601,-11.130000
22.244459,-11.250640
22.246099,-11.073060
22.165550,-10.873330
22.186661,-10.829170
22.313049,-10.767220
22.303329,-10.537780
22.264160,-10.500560
22.314440,-10.385840
22.147209,-9.911392
22.024990,-9.851391
21.834990,-9.533613
21.790550,-9.405556
21.854710,-9.229445
21.860270,-8.854723
21.937210,-8.443058
21.809160,-8.062222
21.749439,-7.945001
21.846100,-7.452501
21.819710,-7.325557
21.783600,-7.281668
21.103050,-7.282778
20.541929,-7.284683
20.539989,-7.142223
20.631100,-6.914445
20.332491,-6.914445
20.311380,-6.994723
19.631109,-6.996944
19.542219,-6.997223
19.566380,-7.053056
19.504709,-7.143889
19.499439,-7.351667
19.535830,-7.460000
19.471380,-7.568611
19.377489,-7.571668
19.359159,-7.858056
19.373051,-7.996112
18.794991,-7.998889
18.767771,-7.930555
18.531111,-7.930279
18.525829,-7.995556
18.135269,-8.020834
18.111940,-8.078058
18.118050,-8.106943
18.007219,-8.108057
17.922211,-8.046669
17.868601,-8.045834
17.804991,-8.086390
17.740549,-8.061947
17.638050,-8.098055
17.537220,-8.077223
17.543329,-8.021391
17.437210,-7.924723
17.419720,-7.848057
17.284161,-7.699444
17.287769,-7.626390
17.214439,-7.588613
17.146660,-7.469445
17.181101,-7.427778
17.105551,-7.422223
17.025270,-7.308334
16.945820,-7.208335
16.960819,-7.038890
16.959999,-6.985277
16.927219,-6.917500
16.911940,-6.865556
16.841110,-6.799444
16.703880,-6.464446
16.717489,-6.177223
16.600000,-6.012501
16.579720,-5.900833
16.368320,-5.853056
15.705270,-5.858612
15.028060,-5.862779
14.335550,-5.892501
13.980280,-5.835834
13.500830,-5.855278
13.408050,-5.853889
13.341390,-5.890556
13.178020,-5.859609
12.925550,-5.817779
12.768050,-5.853889
12.712500,-5.956112
12.435830,-6.016667
12.458050,-5.971667
12.394160,-5.958056
12.265000,-5.864723
12.209660,-5.770905
12.283890,-5.734446
12.526660,-5.724167
12.538890,-5.120833
12.462050,-5.092357
12.708050,-4.918611
12.825550,-4.735557
13.082500,-4.670000
13.091050,-4.633072
13.100830,-4.572501
13.145280,-4.589168
13.194720,-4.683611
13.375550,-4.786668
13.410280,-4.883056
13.494160,-4.803889
13.700550,-4.723334
13.739160,-4.441667
13.828610,-4.426111
13.880270,-4.484723
13.965000,-4.495001
13.991110,-4.465278
14.415280,-4.274167
14.399160,-4.341390
14.487500,-4.426945
14.476660,-4.456390
14.364720,-4.557778
14.383330,-4.599445
14.419040,-4.887648
14.495830,-4.840834
14.655000,-4.910001
14.718890,-4.885000
14.846110,-4.791668
15.151940,-4.420000
15.272870,-4.306761
15.428610,-4.293612
15.473330,-4.248890
15.480000,-4.225638
15.487070,-4.200966
15.516950,-4.096802
15.569440,-4.037222
15.843330,-3.969167
15.911110,-3.919722
15.983330,-3.756945
16.227770,-3.322222
16.188881,-3.061666
16.195820,-2.822500
16.183880,-2.245833
16.206940,-2.158889
16.414440,-1.981111
16.583879,-1.766667
16.807220,-1.316389
16.968050,-1.153889
17.306940,-1.015278
17.635550,-0.670833
17.736931,-0.443611
17.736771,-0.316365
17.709990,-0.174167
17.803600,0.148611
17.948700,0.352615
17.966930,0.447778
17.878880,0.953333
18.038601,1.445555
18.078329,1.655277
18.093330,2.229443
18.219990,2.427221
18.342020,2.612628
18.402769,2.731388
18.539330,3.075680
18.611660,3.131943
18.642220,3.210555
18.625999,3.478856
18.594990,3.769166
18.648880,4.002499
18.591379,4.231110
18.537769,4.299165
18.541941,4.335554
18.582211,4.370553
18.714710,4.370275
18.776661,4.423331
18.816099,4.526387
19.088881,4.918054
19.284109,5.027812
19.398331,5.119998
19.566380,5.150276
19.838329,5.088331
19.865829,5.041665
20.281111,4.792220
20.370270,4.725831
20.456381,4.519165
20.576099,4.414721
20.614719,4.408053
20.838600,4.449164
20.984440,4.426664
21.172211,4.303886
21.282770,4.334165
21.355270,4.279999
21.551941,4.245831
21.658600,4.299165
21.925819,4.234164
22.259720,4.134165
22.391380,4.128609
22.468050,4.155276
22.613050,4.369164
22.587219,4.411665
22.601379,4.477221
22.694160,4.493053
22.726660,4.622775
22.792770,4.723609
22.855829,4.706943
22.890829,4.819165
22.979160,4.828609
23.022499,4.743053
23.186661,4.724442
23.272221,4.624720
23.426380,4.591943
23.449989,4.658887
23.709160,4.775831
24.105551,4.919998
24.151939,4.899999
24.401939,5.035275
24.354990,5.059998
24.394159,5.115554
24.431660,5.065275
24.453600,5.106387
24.525551,5.077221
24.672770,4.918054
24.977209,4.987776
25.075821,4.947220
25.112770,4.998054
25.227770,5.006943
25.323601,5.057498
25.310551,5.191109
25.361940,5.314720
25.520830,5.347498
25.795830,5.236386
25.875820,5.217498
25.905270,5.165832
25.973320,5.231665
26.031111,5.191109
26.088329,5.240554
26.163601,5.229999
26.500549,5.044721
26.646379,5.081110
26.872490,5.031387
26.945271,5.146110
27.096380,5.202776
27.419439,5.074720
27.455860,5.017143
27.578051,4.894999
27.648880,4.901942
27.702770,4.833610
27.703880,4.793610
27.782221,4.760277
27.786110,4.606942
27.929710,4.551109
28.032770,4.560554
28.064159,4.431109
28.166380,4.387776
28.200821,4.347498
28.335831,4.351110
28.369160,4.282776
28.442490,4.287776
28.505831,4.373054
28.650829,4.423609
28.768600,4.556387
28.882771,4.479720
29.062771,4.461109
29.204990,4.343610
29.252220,4.351110
29.254440,4.387499
29.321659,4.386665
29.479990,4.676943
29.674709,4.627220
29.814720,4.560276
29.793329,4.384998
29.836660,4.346387
29.899719,4.346665
29.956659,4.302220
29.945271,4.243887
30.026661,4.205276
30.065269,4.128054
30.140270,4.108887
30.205271,3.962499
30.544439,3.870554
30.581940,3.697221
30.558880,3.613888
30.614719,3.606944
30.763050,3.682777
30.855270,3.572499
30.868521,3.492140
30.909161,3.525832
30.935551,3.424721
30.763611,3.067222
30.824989,2.988055
30.877769,2.897222
30.856380,2.790833
30.786940,2.674721
30.729160,2.447777
30.826660,2.442221
30.862209,2.353611
30.898050,2.335277
30.946381,2.408888
30.987209,2.408332
31.070271,2.334999
31.049721,2.303888
31.196939,2.305832
31.202490,2.229166
31.277451,2.178203
# Triangles
240,242,241
237,236,235
242,239,225
239,238,237
242,240,239
223,247,242
243,242,244
246,244,242
244,246,245
242,247,246
249,248,247
237,230,239
230,232,231
233,232,235
228,227,226
225,228,226
228,225,229
229,239,230
237,232,230
225,223,242
229,225,239
223,225,224
222,221,219
249,247,212
212,247,223
221,220,219
235,232,237
233,235,234
222,214,223
272,270,269
273,268,266
266,268,267
263,284,264
269,268,273
271,270,272
273,272,269
264,274,273
274,276,275
276,274,264
276,264,284
264,273,265
266,265,273
263,262,261
254,253,252
250,249,251
252,251,249
252,249,212
212,254,252
284,261,260
260,259,284
259,258,298
263,261,284
300,257,301
255,305,256
257,256,302
298,258,300
257,300,258
298,300,299
312,255,254
298,286,259
218,222,219
185,184,186
183,186,184
180,178,177
178,180,179
182,181,180
186,189,187
189,186,183
189,188,187
183,182,189
182,180,190
180,177,192
175,173,176
190,189,182
176,192,177
166,165,167
167,165,164
163,162,164
164,168,167
162,168,164
168,162,161
173,172,199
171,170,172
174,173,175
161,169,168
169,161,160
159,170,169
170,159,172
82,199,172
193,176,173
218,217,216
216,215,218
206,205,207
218,215,214
214,213,212
314,212,211
212,223,214
209,314,211
207,205,208
210,209,211
254,212,314
205,204,208
214,222,218
195,197,196
193,195,194
191,190,192
192,176,193
190,180,192
197,195,193
325,204,39
201,200,202
197,193,198
193,173,199
202,200,199
193,199,198
76,203,202
199,82,202
208,324,209
204,203,55
325,208,204
278,284,282
278,277,276
279,278,282
285,284,286
259,286,284
284,283,282
276,284,278
279,281,280
279,282,281
286,289,287
290,296,291
289,288,287
286,290,289
298,290,286
297,296,290
293,296,295
301,257,302
290,298,297
293,295,294
303,305,304
293,292,291
305,255,306
308,307,311
306,311,307
302,256,303
305,303,256
296,293,291
308,310,309
310,308,311
312,254,313
315,314,316
324,323,209
255,311,306
317,316,319
319,318,317
316,320,319
321,320,323
323,322,321
316,314,320
314,323,320
209,323,314
327,326,328
329,326,325
326,329,328
330,329,371
329,39,371
208,325,324
332,331,330
334,333,335
332,367,333
336,335,333
336,333,337
333,367,337
370,332,330
254,314,313
312,311,255
344,347,345
340,339,361
341,343,342
359,343,341
341,340,360
339,364,361
344,343,348
347,346,345
344,348,347
343,349,348
349,343,359
350,359,357
350,349,359
360,359,341
361,360,340
338,337,339
364,339,337
368,367,369
332,370,367
329,325,39
370,369,367
366,364,337
364,366,365
363,362,364
364,362,361
374,373,376
376,375,374
373,384,376
372,385,373
337,367,366
330,371,370
356,350,357
379,378,377
382,379,376
382,384,383
379,377,376
382,380,379
354,352,356
354,353,352
351,350,352
381,380,382
356,355,354
350,356,352
357,359,358
376,384,382
386,385,387
387,389,388
387,385,389
390,389,396
385,396,389
396,18,398
391,390,393
393,392,391
390,395,393
395,390,396
395,394,393
396,398,397
31,396,385
385,384,373
372,371,39
31,385,372
159,169,160
140,139,136
137,136,138
140,136,97
138,136,139
142,141,140
150,149,148
151,150,158
148,147,144
144,147,145
148,144,150
146,145,147
98,136,135
125,128,127
125,127,126
100,124,123
128,125,129
129,124,100
129,125,124
132,131,133
131,135,133
98,135,131
130,129,99
99,98,130
99,129,100
130,98,131
133,135,134
136,98,97
155,154,153
157,156,155
153,152,155
158,152,151
150,144,158
155,152,158
155,158,157
143,83,144
158,144,159
83,159,144
83,172,159
91,83,143
82,172,83
95,142,96
91,143,142
142,97,96
204,43,42
140,97,142
94,91,142
91,94,93
83,91,84
90,89,91
92,91,93
91,89,87
86,85,84
81,76,82
86,84,87
87,84,91
82,76,202
81,80,76
89,88,87
94,142,95
39,204,42
121,123,122
118,121,120
118,120,119
121,116,102
104,106,105
101,123,102
121,117,116
121,118,117
79,78,77
76,80,77
80,79,77
100,123,101
76,75,67
121,102,123
111,113,112
111,110,114
115,114,110
110,109,115
114,113,111
116,115,109
104,103,108
103,102,109
108,107,104
107,106,104
108,103,109
74,73,70
74,69,75
102,116,109
71,73,72
46,53,52
46,54,53
43,204,55
57,55,59
55,54,46
52,51,46
51,50,48
46,45,43
43,45,44
46,43,55
49,48,50
48,47,46
46,51,48
59,55,203
66,65,76
67,66,76
69,74,70
67,75,68
75,69,68
73,71,70
58,57,59
56,55,57
64,63,62
62,61,64
64,61,60
60,65,64
60,59,203
65,60,203
65,203,76
42,41,40
431,12,432
429,12,431
396,31,18
37,36,38
39,38,31
39,31,372
438,434,432
430,429,431
428,427,429
427,18,429
433,432,434
438,437,436
436,434,438
435,434,436
38,36,32
398,427,424
33,36,34
36,33,32
31,38,32
31,30,26
26,30,29
427,398,18
453,439,438
441,440,439
441,439,449
28,27,26
22,31,26
468,438,432
29,28,26
442,441,443
36,35,34
398,412,400
400,407,401
407,400,412
412,409,407
412,414,413
402,401,404
399,398,400
405,401,407
404,401,405
403,402,404
405,407,406
409,411,410
411,409,412
407,409,408
422,424,423
424,422,419
427,426,425
412,398,424
414,417,416
417,414,418
416,415,414
419,421,420
419,414,424
419,418,414
422,421,419
424,414,412
427,425,424
26,25,24
39,42,40
23,22,24
21,18,31
21,31,22
20,18,21
19,18,20
18,12,429
17,16,15
15,12,18
14,13,15
12,15,13
11,10,12
10,468,432
15,18,17
432,12,10
9,8,7
9,7,4
6,5,4
470,4,3
6,4,7
468,9,4
476,475,477
473,475,474
475,473,471
471,3,475
2,1,478
478,477,2
477,475,3
2,477,3
10,9,468
470,3,471
451,453,452
451,449,439
457,456,463
454,453,455
455,453,456
453,463,456
441,449,446
444,443,445
441,445,443
450,449,451
448,447,449
449,447,446
451,439,453
446,445,441
469,468,470
468,467,463
472,471,473
468,4,470
467,466,464
457,460,459
463,467,464
459,458,457
457,463,460
462,460,463
461,460,462
466,465,464
463,453,468
468,453,438
22,26,24
