# Eritrea region 1
1370 1367
# Outer Vertices
41.796938,13.899938
41.810539,13.904000
41.828575,13.891164
41.931931,13.862500
41.965580,13.819638
41.975849,13.811520
41.979761,13.801574
41.981496,13.799364
41.996639,13.801270
42.018551,13.766150
42.042599,13.752050
42.077850,13.705040
42.108763,13.637251
42.109440,13.636390
42.144428,13.646390
42.164398,13.611579
42.176289,13.608740
42.184811,13.585570
42.192474,13.572759
42.223546,13.557690
42.205719,13.589440
42.217091,13.591543
42.213039,13.602220
42.186649,13.656110
42.285820,13.571390
42.294699,13.535790
42.307899,13.525500
42.315948,13.497640
42.313824,13.459111
42.318010,13.442328
42.342239,13.423380
42.368370,13.383250
42.373669,13.352180
42.370361,13.319570
42.382839,13.287820
42.396430,13.209284
42.474991,13.188610
42.539150,13.226940
42.563645,13.201705
42.568401,13.201650
42.567138,13.198106
42.731930,13.028330
42.733844,13.022211
42.746330,13.016940
42.754082,12.999720
42.752911,12.964640
42.752277,12.963283
42.769582,12.907961
42.777790,12.893020
42.775521,12.888973
42.789711,12.843610
42.815542,12.834577
42.817730,12.836490
42.838982,12.840260
42.851871,12.824950
42.858732,12.819473
42.942211,12.790280
43.002209,12.894170
43.040821,12.862780
43.067234,12.814094
43.081848,12.817970
43.100910,12.780940
43.102731,12.748665
43.123280,12.710790
43.123308,12.709045
43.123699,12.708972
43.123360,12.708822
43.109722,12.702778
43.091667,12.694722
43.073608,12.687222
43.055832,12.679167
43.037777,12.671111
43.019722,12.663610
43.001667,12.655555
42.983612,12.647500
42.965836,12.640000
42.947781,12.631945
42.929722,12.623889
42.911667,12.616667
42.907501,12.619445
42.903614,12.622500
42.901669,12.626111
42.897503,12.628889
42.891945,12.630556
42.888268,12.629820
42.881466,12.627532
42.881386,12.627501
42.881335,12.627436
42.877695,12.620910
42.877220,12.618889
42.876942,12.611945
42.876663,12.605278
42.874165,12.600556
42.871387,12.596389
42.866943,12.593888
42.862499,12.591389
42.859885,12.588977
42.858847,12.587116
42.858608,12.581388
42.859722,12.575833
42.860832,12.570278
42.859165,12.564722
42.855553,12.561389
42.849720,12.560278
42.844723,12.558611
42.841110,12.555278
42.841052,12.555094
42.820926,12.459164
42.822220,12.455833
42.822498,12.451111
42.821667,12.444722
42.819164,12.440278
42.816109,12.436111
42.812500,12.433056
42.808887,12.429723
42.803886,12.427778
42.800930,12.426792
42.758246,12.400557
42.757221,12.397778
42.755001,12.393055
42.751945,12.388888
42.747780,12.386389
42.744167,12.385833
42.735344,12.386481
42.698627,12.363913
42.698612,12.363890
42.698602,12.363897
42.698589,12.363890
42.698479,12.363985
42.683056,12.375000
42.666111,12.386945
42.649170,12.398611
42.636391,12.413055
42.620277,12.430834
42.618581,12.432839
42.535820,12.504160
42.456109,12.529164
42.455828,12.528875
42.446388,12.519166
42.430836,12.502778
42.415279,12.486389
42.399723,12.469722
42.393890,12.463333
42.380276,12.446667
42.378361,12.444450
42.271938,12.639170
42.265270,12.646390
42.262772,12.650550
42.258610,12.653610
42.255829,12.657780
42.249161,12.665000
42.241390,12.677780
42.233059,12.696660
42.217499,12.721940
42.211391,12.729720
42.208050,12.731940
42.198051,12.742780
42.190552,12.749440
42.178329,12.758050
42.174999,12.761670
42.162769,12.770550
42.159161,12.774170
42.146938,12.782780
42.143051,12.786660
42.138050,12.788890
42.125832,12.797500
42.116100,12.802220
42.112221,12.805000
42.097771,12.811940
42.076939,12.819720
42.065830,12.823060
42.056110,12.827500
42.044998,12.830830
42.040279,12.833050
42.028881,12.836110
42.024158,12.838610
42.010281,12.842500
42.000000,12.846390
41.986111,12.853890
41.978050,12.859720
41.970551,12.866940
41.957218,12.881390
41.951111,12.889170
41.932781,12.918890
41.929440,12.922500
41.924160,12.930830
41.922218,12.935830
41.916939,12.944170
41.915279,12.949170
41.912498,12.953330
41.900551,12.982780
41.897770,12.986940
41.896111,12.991940
41.893330,12.996110
41.882500,13.019170
41.876659,13.033890
41.875549,13.039440
41.873051,13.043610
41.871941,13.049170
41.868050,13.058890
41.865002,13.069440
41.860550,13.078610
41.849998,13.095550
41.846661,13.099160
41.843861,13.098540
41.843891,13.103330
41.842220,13.108330
41.834160,13.120830
41.832218,13.125830
41.822491,13.143330
41.818890,13.153330
41.814159,13.162220
41.798611,13.187780
41.786659,13.203330
41.781391,13.211940
41.756939,13.236390
41.678051,13.297500
41.652222,13.320550
41.648048,13.323330
41.641392,13.330550
41.629711,13.340000
41.623051,13.347220
41.618889,13.350000
41.615551,13.353610
41.599159,13.365280
41.594158,13.367500
41.587490,13.371940
41.566940,13.386670
41.561939,13.388890
41.549721,13.397780
41.532490,13.408610
41.527771,13.410830
41.523609,13.413890
41.499439,13.425280
41.476662,13.437780
41.452221,13.455280
41.449440,13.458050
41.444439,13.460550
41.428051,13.472220
41.417221,13.482220
41.368889,13.517780
41.355000,13.525280
41.341942,13.533610
41.322491,13.542500
41.304722,13.553610
41.290829,13.561110
41.278610,13.569720
41.273609,13.571940
41.258610,13.582220
41.240551,13.592500
41.232498,13.598330
41.224998,13.605000
41.214813,13.616733
41.212219,13.619720
41.203049,13.638050
41.195271,13.650830
41.191940,13.654440
41.189991,13.659170
41.181938,13.671940
41.178329,13.681670
41.173050,13.690280
41.169170,13.700000
41.139999,13.746390
41.132500,13.766110
41.127220,13.774440
41.125271,13.779440
41.119999,13.787780
41.115551,13.796940
41.104721,13.813890
41.103050,13.818610
41.097771,13.827220
41.077221,13.860280
41.068600,13.872780
41.061661,13.880000
41.059170,13.884440
41.052502,13.891390
41.047218,13.900000
41.020000,13.929160
41.017490,13.933330
41.010551,13.940550
41.008049,13.944720
40.987782,13.966110
40.983601,13.969170
40.966660,13.986940
40.962490,13.989720
40.959160,13.993330
40.956669,13.997500
40.949711,14.004720
40.938610,14.021110
40.931660,14.028060
40.929161,14.032220
40.909439,14.052220
40.906658,14.056670
40.895271,14.065830
40.884159,14.076110
40.867771,14.087780
40.864441,14.091390
40.856110,14.096940
40.849442,14.104170
40.845280,14.107220
40.838612,14.114170
40.830551,14.126940
40.823425,14.135791
40.814442,14.145280
40.801941,14.154170
40.797218,14.156390
40.791660,14.158050
40.778618,14.163959
40.748890,14.172780
40.693600,14.182500
40.663330,14.187220
40.658836,14.187593
40.649990,14.188330
40.637211,14.190280
40.620548,14.195000
40.614170,14.195830
40.592499,14.203050
40.587490,14.205280
40.583611,14.208050
40.568890,14.214720
40.552769,14.220280
40.548611,14.223330
40.529999,14.232780
40.521660,14.238610
40.502220,14.247780
40.488331,14.252220
40.468891,14.261390
40.461334,14.266713
40.458118,14.271070
40.446941,14.274440
40.442768,14.277500
40.437771,14.279720
40.429440,14.285550
40.408611,14.306110
40.392780,14.318610
40.382500,14.329170
40.378330,14.331940
40.353882,14.356390
40.349720,14.359170
40.322781,14.387780
40.311100,14.396940
40.307499,14.400830
40.304989,14.405000
40.301380,14.405830
40.292500,14.410830
40.271111,14.424720
40.228062,14.443510
40.156658,14.464720
40.151676,14.465503
40.128330,14.469170
40.125549,14.470000
40.111382,14.470550
40.105000,14.470000
40.093609,14.467780
40.080551,14.460000
40.075550,14.458330
40.064159,14.455830
40.051380,14.455000
40.044170,14.455280
40.018879,14.458890
40.013329,14.460550
39.991261,14.465100
39.984161,14.460830
39.972500,14.451940
39.969719,14.447780
39.954990,14.434720
39.950550,14.431940
39.940552,14.428330
39.934719,14.427220
39.929127,14.427442
39.920559,14.427780
39.908611,14.430280
39.898891,14.434720
39.892715,14.439036
39.890419,14.439268
39.883049,14.446940
39.855831,14.475280
39.853329,14.479720
39.841660,14.488890
39.836658,14.491110
39.830280,14.490830
39.826660,14.488890
39.821110,14.488890
39.816109,14.491110
39.806110,14.501940
39.803329,14.506110
39.799160,14.509160
39.793156,14.511909
39.789440,14.513610
39.776112,14.514720
39.764721,14.512500
39.746380,14.502780
39.731380,14.497220
39.720551,14.494170
39.705509,14.493078
39.701389,14.492780
39.688889,14.494440
39.683331,14.496110
39.672779,14.500000
39.653332,14.508890
39.639721,14.510000
39.626942,14.509160
39.613880,14.510330
39.613880,14.518610
39.611938,14.523330
39.606670,14.531940
39.599998,14.538890
39.587490,14.548330
39.576660,14.558330
39.555828,14.572780
39.550282,14.574440
39.543049,14.574720
39.534439,14.569440
39.531391,14.565550
39.527500,14.555280
39.527222,14.548330
39.525551,14.543050
39.521938,14.539720
39.517490,14.537220
39.505550,14.535550
39.500549,14.533610
39.485550,14.513610
39.481941,14.510280
39.477489,14.507780
39.465549,14.506110
39.458328,14.506390
39.452770,14.508050
39.447220,14.508050
39.434067,14.505159
39.426941,14.501940
39.421391,14.500830
39.406109,14.495280
39.396938,14.490830
39.381660,14.485000
39.370281,14.482780
39.363331,14.483060
39.329720,14.492500
39.316940,14.494170
39.302769,14.494720
39.297218,14.493610
39.278332,14.486110
39.269718,14.480830
39.266109,14.477500
39.263325,14.473960
39.262142,14.469376
39.260551,14.461940
39.257221,14.451110
39.255001,14.446390
39.247501,14.439170
39.243328,14.436390
39.232498,14.433330
39.227009,14.434300
39.220551,14.455000
39.212490,14.468330
39.209721,14.485550
39.205830,14.496110
39.198879,14.503330
39.194439,14.512220
39.191669,14.536390
39.190552,14.541940
39.188610,14.546670
39.185829,14.550830
39.183880,14.555830
39.173328,14.572780
39.169720,14.576110
39.152222,14.600000
39.135281,14.617780
39.118740,14.629390
39.113880,14.631670
39.101391,14.640280
39.086658,14.646940
39.066940,14.647780
39.061100,14.646670
39.056110,14.644720
39.046101,14.643610
39.040550,14.645280
39.036381,14.648050
39.029789,14.655160
39.024021,14.655160
39.020279,14.651990
39.017250,14.647840
39.014721,14.636390
39.014439,14.629720
39.017780,14.599440
39.013889,14.589170
39.010830,14.585280
39.007221,14.581940
39.002220,14.580000
38.998329,14.576670
38.991100,14.570000
38.988049,14.566110
38.965549,14.546110
38.955280,14.542500
38.926109,14.537220
38.921661,14.534720
38.919441,14.530000
38.916382,14.526110
38.911942,14.516670
38.908878,14.512500
38.905270,14.509160
38.895931,14.502690
38.893051,14.500830
38.872768,14.494440
38.866390,14.494170
38.846111,14.495550
38.839722,14.495000
38.834438,14.493060
38.830830,14.490000
38.828049,14.485830
38.823608,14.483330
38.805828,14.480280
38.795559,14.469720
38.783062,14.469377
38.775551,14.469170
38.757771,14.467500
38.747219,14.464440
38.743610,14.461110
38.737221,14.460830
38.731380,14.462220
38.705551,14.472220
38.698608,14.472500
38.686390,14.470830
38.673328,14.463050
38.668331,14.461110
38.650280,14.451390
38.646660,14.448060
38.638050,14.442780
38.626659,14.440550
38.606110,14.440550
38.593891,14.438890
38.585270,14.433610
38.570271,14.428050
38.552502,14.425000
38.533329,14.423610
38.521938,14.421390
38.513889,14.415280
38.507500,14.415000
38.501942,14.416390
38.488609,14.423050
38.482220,14.424720
38.476662,14.423610
38.468048,14.418330
38.462780,14.416390
38.449440,14.417500
38.443890,14.419170
38.439720,14.421940
38.436390,14.425550
38.422489,14.459440
38.419998,14.463610
38.416660,14.467220
38.411659,14.469440
38.398331,14.470550
38.394718,14.474160
38.387501,14.487500
38.379169,14.493330
38.373600,14.494720
38.349159,14.505830
38.340832,14.511670
38.334160,14.518610
38.331379,14.522780
38.327499,14.533330
38.320000,14.566390
38.316109,14.576110
38.314991,14.581670
38.306938,14.594170
38.303600,14.597780
38.295830,14.604170
38.286110,14.608610
38.273609,14.617220
38.271111,14.621390
38.268879,14.626390
38.267220,14.638050
38.267490,14.664720
38.264999,14.675830
38.261669,14.679440
38.253330,14.685000
38.236382,14.689720
38.223049,14.690830
38.216660,14.690280
38.204720,14.692780
38.199711,14.695000
38.196911,14.695113
38.192768,14.695280
38.187771,14.693330
38.184170,14.690000
38.179722,14.687500
38.174721,14.685560
38.149719,14.682780
38.137772,14.683890
38.128052,14.688330
38.115551,14.696940
38.096111,14.705830
38.045559,14.719720
38.035549,14.724160
38.018330,14.735000
38.012211,14.742780
38.013611,14.761390
38.009991,14.764720
37.999722,14.768610
37.981941,14.772500
37.979439,14.776670
37.978050,14.782220
37.979160,14.795280
37.977489,14.806940
37.974159,14.810560
37.967770,14.810000
37.962780,14.810830
37.959999,14.815000
37.957771,14.832780
37.955830,14.837780
37.952499,14.841390
37.944160,14.846940
37.937222,14.854170
37.935268,14.858890
37.929989,14.867500
37.923050,14.874440
37.911381,14.883610
37.895061,14.844441
37.890549,14.833610
37.860329,14.765135
37.838329,14.715280
37.816940,14.664440
37.801670,14.630830
37.768494,14.554003
37.757771,14.529170
37.742489,14.495550
37.684441,14.360000
37.572208,14.102250
37.541939,14.107780
37.532875,14.111920
37.528610,14.115830
37.524441,14.118610
37.521938,14.122780
37.518051,14.139440
37.517220,14.158610
37.519718,14.170280
37.520000,14.177220
37.517220,14.181390
37.513050,14.184170
37.498329,14.188060
37.478882,14.196940
37.470551,14.202500
37.467220,14.206110
37.465271,14.211110
37.462490,14.215280
37.461391,14.220830
37.460270,14.253050
37.458889,14.258330
37.456108,14.262780
37.438049,14.265830
37.433048,14.268050
37.429722,14.271670
37.425549,14.274440
37.422779,14.278610
37.415829,14.285830
37.399441,14.297220
37.395828,14.300830
37.393879,14.305560
37.395000,14.340000
37.393879,14.352220
37.388611,14.360550
37.384991,14.364170
37.372768,14.372780
37.367771,14.375000
37.359440,14.380830
37.351940,14.393890
37.348881,14.404440
37.346111,14.408610
37.342220,14.418330
37.336941,14.426670
37.331940,14.428890
37.320000,14.431110
37.312489,14.437500
37.309719,14.441940
37.306110,14.445280
37.301941,14.448330
37.291660,14.451940
37.278881,14.453610
37.272499,14.453330
37.266659,14.451940
37.262501,14.449440
37.252491,14.445550
37.245281,14.445830
37.228611,14.450280
37.215832,14.452220
37.202499,14.453050
37.196659,14.451940
37.191669,14.450000
37.183609,14.444170
37.180828,14.440000
37.171391,14.435560
37.158611,14.437220
37.153049,14.438890
37.146660,14.438330
37.136108,14.435280
37.127220,14.430000
37.123600,14.426670
37.111938,14.410550
37.104439,14.396940
37.101391,14.393050
37.092499,14.373890
37.090832,14.368610
37.089722,14.355550
37.091942,14.337780
37.092026,14.331873
37.092220,14.317780
37.088879,14.306940
37.084438,14.297500
37.078609,14.289440
37.071110,14.282780
37.066940,14.280280
37.056110,14.276940
37.042770,14.276670
37.036942,14.275550
37.019169,14.265830
37.008888,14.261940
37.003330,14.260830
36.996380,14.260830
36.990551,14.262500
36.961391,14.275550
36.953609,14.281940
36.954159,14.295560
36.950001,14.298610
36.945000,14.300830
36.926670,14.303890
36.921101,14.305560
36.908611,14.307220
36.903610,14.309440
36.891109,14.318050
36.886108,14.320280
36.874161,14.321110
36.869160,14.319170
36.851662,14.323330
36.839439,14.321390
36.835270,14.324440
36.830551,14.326670
36.825001,14.328050
36.818600,14.327500
36.799160,14.319170
36.792770,14.318610
36.786896,14.319188
36.773048,14.320550
36.749722,14.326110
36.736382,14.327220
36.726391,14.323330
36.718330,14.317220
36.709721,14.311940
36.699169,14.308890
36.691940,14.309170
36.681389,14.311390
36.668049,14.312500
36.644169,14.317220
36.638329,14.316110
36.633331,14.314170
36.613049,14.299440
36.608059,14.297500
36.596661,14.295280
36.577499,14.293610
36.570549,14.293890
36.564720,14.292780
36.559719,14.290830
36.544374,14.263775
36.544243,14.263543
36.541668,14.278055
36.538055,14.295279
36.534164,14.312778
36.531113,14.330000
36.527500,14.347222
36.523609,14.364445
36.522221,14.381667
36.520554,14.398611
36.518890,14.415833
36.517223,14.433056
36.515556,14.450277
36.514217,14.460659
36.513332,14.467500
36.511665,14.484722
36.509998,14.501945
36.508335,14.519166
36.506668,14.536112
36.505001,14.553333
36.502777,14.570556
36.501110,14.587777
36.499443,14.605000
36.497780,14.622222
36.496899,14.631330
36.496113,14.639444
36.494446,14.656388
36.492222,14.673612
36.490555,14.690833
36.488888,14.708055
36.487221,14.725277
36.485558,14.742500
36.483891,14.759444
36.481667,14.776667
36.480000,14.793889
36.478333,14.811111
36.476665,14.828333
36.475002,14.845555
36.473335,14.862500
36.471111,14.879723
36.469444,14.896944
36.467777,14.914166
36.466110,14.931389
36.464447,14.948611
36.462780,14.965555
36.460556,14.982778
36.457222,15.017222
36.455555,15.034445
36.453888,15.051667
36.452225,15.068611
36.450001,15.085833
36.448334,15.103056
36.446667,15.120278
36.445000,15.137500
36.443333,15.150556
36.449992,15.155882
36.542759,15.234720
36.542880,15.235038
36.548332,15.251945
36.553886,15.268888
36.559166,15.285833
36.565556,15.302778
36.570831,15.319722
36.576389,15.336666
36.582500,15.353612
36.588055,15.370556
36.593330,15.387500
36.598888,15.404444
36.605000,15.421390
36.610554,15.437222
36.621077,15.440511
36.634148,15.474856
36.628887,15.484445
36.626110,15.489445
36.630276,15.506389
36.635002,15.523334
36.638073,15.534354
36.639725,15.540278
36.644447,15.557500
36.648613,15.574445
36.653336,15.591389
36.658058,15.608334
36.662781,15.625278
36.667500,15.642222
36.671669,15.659166
36.676392,15.676389
36.681114,15.693334
36.685833,15.710278
36.690834,15.727221
36.694725,15.744167
36.697781,15.753056
36.716110,15.768333
36.734165,15.783611
36.752499,15.798889
36.759738,15.804861
36.882686,16.127923
36.883335,16.129723
36.889446,16.146667
36.894681,16.159442
36.903914,16.183704
36.908890,16.197498
36.914169,16.210835
36.915599,16.214407
36.915821,16.214991
36.915840,16.215007
36.918056,16.219723
36.920280,16.224445
36.923889,16.227777
36.927780,16.231112
36.931389,16.234446
36.935558,16.236944
36.940002,16.239723
36.944447,16.242222
36.948612,16.245001
36.951663,16.246716
36.971371,16.264160
36.966556,16.313143
36.965836,16.314999
36.963890,16.319723
36.961945,16.324446
36.959167,16.328611
36.957222,16.333612
36.954445,16.337778
36.952499,16.342501
36.950279,16.347500
36.949169,16.353056
36.947781,16.358334
36.948055,16.365278
36.948334,16.372223
36.949169,16.378334
36.950832,16.383612
36.952499,16.389166
36.953335,16.395277
36.954723,16.400555
36.955833,16.406666
36.956669,16.413055
36.956708,16.413344
36.955093,16.429779
36.955002,16.430000
36.953630,16.432470
36.941891,16.446702
36.938614,16.448889
36.935001,16.452501
36.931667,16.456112
36.928059,16.459446
36.925278,16.463612
36.921947,16.467222
36.918613,16.470556
36.915001,16.475000
36.912224,16.479168
36.908890,16.482500
36.906113,16.486668
36.904167,16.491667
36.901484,16.495694
36.901371,16.495831
36.901374,16.495874
36.899445,16.500555
36.898056,16.506111
36.896946,16.511667
36.896389,16.517778
36.896667,16.524721
36.897503,16.530832
36.898335,16.536943
36.900002,16.542221
36.901669,16.547777
36.903057,16.553055
36.904724,16.558611
36.905693,16.561678
36.910542,16.635550
36.910573,16.635611
36.912224,16.641111
36.914448,16.645834
36.916668,16.650555
36.919724,16.654444
36.922082,16.657661
37.006221,16.818866
37.006943,16.824167
37.008610,16.829723
37.010834,16.834446
37.013889,16.838333
37.016666,16.842501
37.019722,16.846390
37.022722,16.850479
37.022758,16.850550
37.020109,16.857391
37.018612,16.858889
37.014446,16.861668
37.011112,16.865000
37.008888,16.870001
37.009167,16.876945
37.010680,16.881735
36.989620,16.936107
36.988335,16.937500
36.986977,16.942932
36.986931,16.943050
36.986961,16.943109
36.988613,16.949165
36.990276,16.954445
36.993057,16.958612
36.996397,16.961476
37.018040,17.003599
37.003950,17.035742
37.003334,17.036667
37.000000,17.040277
36.997223,17.044443
36.993610,17.048056
36.991669,17.052776
36.990555,17.058332
36.991385,17.064408
36.991371,17.064440
36.991389,17.064438
36.991390,17.064444
36.993610,17.069168
36.995834,17.073891
37.026112,17.077223
37.031113,17.075001
37.035831,17.072779
37.039444,17.069168
37.042221,17.064999
37.045555,17.061388
37.049168,17.058054
37.049238,17.058007
37.090647,17.053404
37.092499,17.053333
37.098888,17.052500
37.104443,17.051111
37.108608,17.048056
37.112221,17.044722
37.114998,17.041945
37.118332,17.038332
37.121944,17.034721
37.122321,17.034345
37.145489,17.016418
37.145557,17.016388
37.145588,17.016384
37.163595,17.017731
37.167225,17.020000
37.171391,17.022499
37.176666,17.024445
37.180836,17.026945
37.185280,17.029722
37.190277,17.031389
37.196667,17.031944
37.203335,17.032499
37.209724,17.031666
37.215279,17.030001
37.220280,17.027777
37.225834,17.026388
37.232224,17.025555
37.238613,17.024721
37.245834,17.024445
37.252224,17.025000
37.257221,17.026945
37.262501,17.028889
37.266666,17.031389
37.270554,17.034721
37.274166,17.038055
37.277779,17.041388
37.281387,17.044722
37.285278,17.047777
37.288887,17.051111
37.292500,17.054443
37.296944,17.057222
37.301945,17.059166
37.306942,17.061110
37.313332,17.061388
37.320553,17.061110
37.326942,17.060278
37.332500,17.058887
37.338886,17.058054
37.344723,17.056389
37.349720,17.054167
37.354443,17.051943
37.359444,17.049999
37.365276,17.048332
37.370831,17.046944
37.376389,17.045277
37.381386,17.043055
37.387779,17.042221
37.393612,17.040833
37.400002,17.039722
37.405556,17.038332
37.411945,17.037500
37.419167,17.037222
37.421112,17.037222
37.424161,17.037222
37.494379,17.151091
37.494999,17.153055
37.498055,17.157778
37.500832,17.161943
37.503887,17.166666
37.506111,17.170555
37.507365,17.172151
37.513329,17.181823
37.513611,17.182499
37.516492,17.186951
37.516651,17.187210
37.506649,17.315269
37.506669,17.315275
37.506668,17.315277
37.508888,17.320002
37.512501,17.323334
37.516945,17.325834
37.518345,17.326101
37.522778,17.326946
37.529720,17.326946
37.536110,17.326113
37.541389,17.327778
37.546387,17.329723
37.550831,17.332500
37.555000,17.335001
37.559444,17.337502
37.563889,17.340279
37.568890,17.341946
37.573334,17.344723
37.578331,17.346668
37.583332,17.348612
37.589165,17.349722
37.594166,17.351667
37.599998,17.352777
37.605831,17.353889
37.611664,17.355278
37.617222,17.356390
37.623055,17.357500
37.629444,17.358055
37.635834,17.358612
37.641670,17.359722
37.648056,17.360279
37.653889,17.361389
37.660278,17.361944
37.666111,17.363056
37.672501,17.363611
37.679169,17.364166
37.684723,17.365278
37.690556,17.366388
37.696388,17.367500
37.702778,17.368055
37.708611,17.369444
37.709695,17.369661
37.717186,17.371668
37.719444,17.372499
37.722791,17.373169
37.735795,17.376652
37.735823,17.376664
37.759417,17.415905
37.759445,17.416111
37.759724,17.423056
37.763332,17.426388
37.766941,17.428418
37.780547,17.451048
37.780556,17.451113
37.782223,17.456390
37.784443,17.461111
37.787498,17.465279
37.791111,17.468611
37.795555,17.471111
37.800556,17.473057
37.805000,17.475555
37.808609,17.477501
37.813610,17.479445
37.818890,17.481390
37.822716,17.482155
37.824444,17.482500
37.831112,17.483055
37.836666,17.481390
37.840832,17.478611
37.844444,17.475000
37.846943,17.470835
37.849167,17.466112
37.849715,17.464699
37.869680,17.445019
37.869720,17.445000
37.869747,17.444992
37.917203,17.447490
37.917214,17.447494
37.937243,17.463154
37.940002,17.466667
37.943611,17.470001
37.946667,17.473890
37.949722,17.478056
37.952499,17.481945
37.955555,17.486111
37.958611,17.490000
37.961666,17.493889
37.964722,17.498056
37.968334,17.501389
37.972778,17.503889
37.976944,17.506390
37.981388,17.509167
37.985832,17.511667
37.990276,17.514166
37.994446,17.516945
37.998333,17.518888
38.002499,17.521389
38.006943,17.523890
38.011391,17.526667
38.015835,17.529167
38.020000,17.531666
38.023888,17.535000
38.028057,17.537777
38.032501,17.540277
38.036945,17.542778
38.041389,17.545555
38.045805,17.548040
38.045818,17.548050
38.045823,17.548050
38.045834,17.548056
38.050831,17.549999
38.055832,17.551943
38.061665,17.553055
38.068890,17.552776
38.075275,17.551943
38.080833,17.550278
38.087219,17.549444
38.092220,17.547222
38.095554,17.543888
38.096943,17.538332
38.095833,17.532223
38.094444,17.526667
38.093878,17.524872
38.096647,17.487804
38.096664,17.487778
38.096684,17.487764
38.122751,17.483602
38.122765,17.483608
38.137651,17.507302
38.138058,17.510279
38.138336,17.517221
38.137779,17.523333
38.135834,17.528055
38.133892,17.533054
38.132774,17.538610
38.131386,17.543888
38.133614,17.548611
38.139446,17.549999
38.145836,17.550278
38.151669,17.548889
38.158890,17.548611
38.163055,17.551111
38.166946,17.554443
38.169607,17.558169
38.169708,17.558331
38.169719,17.558326
38.169724,17.558332
38.174168,17.561110
38.180557,17.561666
38.185833,17.562222
38.190002,17.559166
38.192501,17.554998
38.195278,17.550833
38.197011,17.546626
38.241622,17.527502
38.241664,17.527500
38.271099,17.547770
38.272932,17.588267
38.272499,17.590000
38.272778,17.596945
38.273598,17.602975
38.273602,17.603050
38.273609,17.603055
38.273609,17.603056
38.276665,17.606945
38.280277,17.610279
38.285557,17.612778
38.290001,17.615557
38.294167,17.618055
38.299442,17.620001
38.301943,17.620973
38.362543,17.659295
38.363609,17.660278
38.368025,17.662761
38.368038,17.662769
38.390159,17.713660
38.391392,17.716667
38.392477,17.718993
38.413553,17.767479
38.420280,17.783888
38.426182,17.796534
38.434465,17.815589
38.435280,17.817501
38.442223,17.834167
38.449169,17.851112
38.458466,17.870805
38.458599,17.871111
38.458785,17.871268
38.481388,17.891666
38.505833,17.913334
38.531113,17.934166
38.556942,17.956667
38.573719,17.971046
38.574535,17.969283
38.621319,18.008900
38.634159,17.922770
38.866650,17.496660
38.959431,17.297489
39.116940,16.815830
39.155762,16.618080
39.146983,16.542017
39.149738,16.530500
39.146674,16.528237
39.156124,16.487252
39.163719,16.483891
39.160998,16.466109
39.264431,16.017490
39.331379,15.885270
39.380390,15.819124
39.414749,15.798040
39.427170,15.773090
39.428842,15.753732
39.444988,15.731940
39.444134,15.678991
39.453018,15.657590
39.473099,15.622430
39.472609,15.614783
39.478039,15.612220
39.472265,15.609423
39.471588,15.598860
39.466240,15.594580
39.443981,15.594170
39.443520,15.576330
39.443977,15.574765
39.483555,15.516112
39.505295,15.521451
39.542759,15.540280
39.588329,15.521390
39.714432,15.257780
39.698318,15.175000
39.725269,15.082780
39.792017,15.078864
39.827068,15.150260
39.828590,15.191750
39.805246,15.248571
39.791560,15.255770
39.777618,15.249830
39.763229,15.253500
39.759121,15.287270
39.768970,15.364780
39.759918,15.386130
39.773629,15.397139
39.773319,15.402220
39.777966,15.406544
39.785568,15.435090
39.795486,15.422850
39.808175,15.434659
39.805939,15.449470
39.821633,15.447185
39.831808,15.456654
39.836182,15.468120
39.851269,15.483400
39.855712,15.478901
39.877491,15.499170
40.085819,15.323610
40.076796,15.310896
40.077290,15.300930
40.057566,15.283797
40.035138,15.252193
40.034088,15.250140
40.033488,15.249868
40.024712,15.237500
40.028645,15.230133
40.032131,15.230100
40.049290,15.216630
40.039328,15.210123
40.123299,15.052846
40.147770,15.036840
40.159809,14.984690
40.162979,14.979201
40.301102,14.911660
40.347235,14.941142
40.353001,14.952650
40.361208,14.950072
40.396987,14.972937
40.396858,14.973510
40.398501,14.973905
40.451931,15.008050
40.496605,14.990992
40.495529,14.992930
40.513241,14.994770
40.539581,14.979380
40.539350,14.974670
40.623600,14.942500
40.619160,14.885830
40.653881,14.885000
40.697769,14.885830
40.740822,14.728050
41.106659,14.648050
41.148265,14.615910
41.164921,14.611420
41.172351,14.597304
41.251930,14.535830
41.277534,14.500070
41.287209,14.495700
41.366810,14.390050
41.369306,14.371899
41.373109,14.366587
41.409908,14.333960
41.436771,14.298330
41.466881,14.270670
41.475330,14.257694
41.489021,14.236670
41.523602,14.194180
41.539001,14.153700
41.617481,14.074540
41.625351,14.051470
41.651451,14.033640
41.659901,13.997440
41.715912,13.933380
41.746510,13.913924
41.796938,13.899938
# Triangles
743,777,776
743,775,774
776,775,743
743,778,777
737,782,781
778,743,779
743,780,779
736,783,782
773,743,774
758,766,765
760,764,763
767,766,756
760,765,764
770,769,752
771,770,752
753,769,768
753,768,767
772,771,751
751,773,772
780,742,781
798,797,694
796,795,694
796,694,797
795,794,694
802,817,803
694,801,800
693,817,802
801,693,802
694,799,798
736,787,786
736,784,783
736,785,784
736,786,785
790,695,791
788,787,695
695,789,788
790,789,695
791,695,792
793,792,695
694,794,793
762,761,763
761,760,763
757,756,766
757,766,758
760,759,765
756,755,754
745,749,748
753,756,754
767,756,753
799,694,800
720,719,721
702,722,721
723,699,728
747,746,748
725,724,723
726,725,727
728,727,725
725,723,728
745,748,746
752,769,753
744,751,750
749,745,744
750,749,744
752,751,771
742,737,781
744,743,751
737,741,740
742,741,737
738,740,739
751,743,773
699,729,728
696,732,730
732,731,730
736,735,732
736,782,737
734,733,732
734,732,735
696,736,732
696,787,736
738,737,740
780,743,742
730,729,696
765,759,758
723,722,701
817,812,811
817,809,808
817,810,809
817,811,810
815,814,816
816,813,817
812,817,813
813,816,814
808,807,817
806,805,817
803,817,804
685,819,818
804,817,805
822,820,685
821,820,822
823,825,824
825,823,685
685,820,819
818,817,686
817,807,806
831,827,826
828,831,829
827,831,828
826,825,831
831,830,829
833,832,835
835,832,836
833,835,834
823,822,685
831,825,685
836,832,837
839,838,832
839,832,840
832,838,837
841,840,832
841,855,842
845,855,846
844,855,845
842,855,843
843,855,844
841,832,855
616,832,831
849,848,853
850,852,851
852,850,849
848,847,853
852,849,853
853,847,854
858,857,876
846,854,847
846,855,854
875,859,876
875,861,860
873,862,861
876,859,858
869,865,863
864,863,865
865,869,866
867,866,868
862,869,863
860,859,875
876,857,856
862,872,871
871,870,869
871,869,862
868,866,869
887,886,888
889,888,891
884,888,886
874,873,875
873,872,862
882,881,880
882,880,892
883,882,884
890,889,891
886,885,884
884,882,888
892,891,882
893,892,894
891,888,882
894,892,880
861,875,873
832,616,855
856,855,616
718,721,719
718,717,716
715,714,718
715,718,716
714,713,721
702,713,712
711,710,709
712,711,708
709,708,711
713,702,721
707,706,712
706,705,704
704,712,706
704,703,712
702,712,703
722,702,701
699,697,729
699,723,700
700,723,701
712,708,707
697,699,698
696,729,697
693,801,694
694,793,695
687,693,692
690,688,691
688,690,689
691,688,692
687,692,688
686,817,693
673,672,670
673,670,674
671,670,672
674,670,669
680,682,681
675,674,669
679,682,680
675,669,623
693,687,686
696,695,787
643,642,641
645,640,639
641,640,643
646,639,638
647,646,638
645,644,643
643,640,645
645,639,646
647,638,626
632,631,630
630,628,633
628,630,629
627,633,628
634,633,627
635,634,627
630,633,632
635,627,636
626,637,636
636,627,626
626,638,637
662,661,666
660,659,626
625,668,661
668,667,666
665,662,666
665,664,663
663,662,665
666,661,668
625,661,660
653,652,651
649,648,651
649,651,650
653,651,648
657,655,658
655,657,656
658,655,654
658,654,648
648,626,659
648,654,653
648,659,658
648,647,626
669,668,625
625,660,626
682,679,683
678,683,679
684,683,678
831,678,677
678,685,684
677,676,619
669,624,623
616,831,677
622,675,623
625,624,669
678,831,685
621,675,622
620,676,621
676,675,621
600,599,598
597,596,603
600,598,601
602,598,597
595,594,596
620,619,676
677,619,618
616,677,617
613,612,611
614,613,610
878,877,895
1264,616,615
876,1263,1046
856,616,876
876,1046,877
879,878,895
614,576,615
617,677,618
605,604,607
602,601,598
603,602,597
604,603,609
614,610,576
611,610,613
607,606,605
607,604,608
609,608,604
603,580,609
609,576,610
582,603,596
686,685,818
567,566,571
573,565,564
572,565,573
566,565,572
567,571,570
568,567,569
567,570,569
571,566,572
521,573,564
560,556,555
553,529,563
553,563,554
561,555,554
560,557,556
561,554,563
558,557,560
558,560,559
560,555,561
562,561,563
563,521,564
589,588,587
586,583,587
589,587,590
586,585,583
593,592,596
592,591,596
582,591,590
587,583,590
591,582,596
584,583,585
575,1265,615
876,616,1263
576,575,615
581,603,582
583,582,590
580,579,577
580,577,576
578,577,579
580,603,581
609,580,576
594,593,596
479,574,573
879,894,880
721,718,714
575,574,478
909,908,907
906,905,904
909,907,910
907,925,910
913,917,914
911,910,913
911,913,912
924,913,910
906,926,907
877,897,896
1046,898,897
896,895,877
898,1044,936
901,904,903
901,903,902
900,899,935
901,928,906
904,901,906
899,936,935
928,901,900
919,918,913
915,914,916
916,914,917
917,913,918
920,919,921
922,924,923
913,921,919
921,913,922
924,922,913
910,925,924
907,926,925
929,928,930
927,926,906
930,932,931
932,930,934
934,933,932
935,934,930
930,928,935
906,928,927
935,928,900
899,898,936
938,937,940
949,948,950
937,936,940
956,955,954
954,953,952
956,954,957
952,957,954
940,939,938
941,940,936
941,936,942
936,943,942
947,946,950
950,948,947
950,946,951
994,951,945
946,945,951
960,952,951
943,1012,944
936,1012,943
995,945,944
958,957,960
960,959,958
961,960,993
952,960,957
993,960,951
951,994,993
997,999,998
999,997,996
945,995,994
992,961,993
996,995,944
1008,1007,996
996,1009,1008
1009,996,1010
944,1011,1010
944,1010,996
1001,1000,1002
1000,999,1007
1007,1003,1000
1042,1014,1013
996,1007,999
1012,936,1043
944,1012,1011
1013,1012,1042
894,879,895
962,979,963
991,990,961
983,982,961
991,961,992
990,983,961
967,966,965
964,963,976
990,989,983
964,975,965
988,983,989
1002,1000,1003
1006,1005,1003
1003,1005,1004
1033,1018,1017
1018,1020,1019
1029,1020,1018
1017,1016,1033
1015,1034,1016
1006,1003,1007
971,969,972
967,969,968
973,969,967
969,971,970
973,975,974
973,972,969
973,967,965
975,973,965
976,978,977
964,976,975
984,988,985
987,986,985
983,988,984
979,978,976
976,963,979
980,962,981
962,961,982
962,980,979
981,962,982
988,987,985
1020,1027,1021
1018,1032,1029
1028,1020,1029
1018,1033,1032
1033,1016,1034
1035,1034,1015
1022,1021,1023
1032,1030,1029
1023,1021,1024
1031,1030,1032
1020,1028,1027
1040,1014,1042
1043,936,1044
1044,898,1045
1012,1043,1042
1036,1038,1037
1038,1036,1035
1040,1039,1038
1041,1040,1042
1014,1038,1015
1035,1015,1038
1038,1014,1040
1025,1024,1026
1026,1024,1021
1021,1027,1026
1047,1049,1048
1049,1047,1050
1052,1051,1053
1050,1047,1051
1051,1104,1053
1056,1054,1104
1056,1055,1054
1057,1056,1104
1058,1057,1059
1104,1054,1053
1060,1059,1061
1061,1059,1062
1062,1064,1063
1064,1062,1059
1064,1059,1065
1059,1057,1067
1104,1051,1047
1046,1134,1047
898,1046,1045
877,1046,897
1065,1059,1066
1067,1057,1068
1057,1081,1078
1059,1067,1066
1070,1057,1071
1072,1074,1073
1074,1072,1071
1069,1057,1070
1071,1057,1074
1075,1074,1076
1078,1077,1076
1079,1078,1080
1078,1076,1074
1080,1078,1081
1081,1057,1082
1083,1085,1084
1083,1082,1057
1078,1074,1057
1083,1057,1085
1068,1057,1069
1087,1086,1088
1088,1090,1089
1086,1057,1088
1086,1085,1057
1091,1090,1092
1094,1097,1095
1094,1093,1057
1057,1092,1090
1088,1057,1090
1097,1096,1095
1099,1098,1097
1099,1057,1100
1094,1057,1097
1102,1101,1100
1100,1057,1102
1105,1104,1132
1106,1105,1109
1057,1104,1103
1057,1103,1102
1092,1057,1093
1057,1099,1097
1107,1106,1108
1110,1117,1112
1111,1110,1112
1109,1108,1106
1113,1112,1116
1114,1116,1115
1116,1114,1113
1116,1112,1117
1110,1109,1131
1131,1109,1105
1104,1133,1132
1135,1134,1184
1105,1132,1131
1129,1120,1130
1110,1130,1117
1136,1138,1137
1138,1136,1183
1135,1183,1136
1131,1130,1110
1104,1134,1133
1122,1129,1128
1117,1130,1118
1119,1130,1120
1119,1118,1130
1123,1127,1126
1128,1127,1123
1121,1120,1129
1122,1121,1129
1123,1125,1124
1122,1128,1123
1125,1123,1126
1182,1140,1139
1183,1182,1138
1140,1182,1141
1213,1185,1255
1135,1184,1183
1148,1143,1142
1148,1144,1143
1182,1149,1142
1182,1142,1141
1138,1182,1139
1151,1182,1181
1104,1047,1134
1184,1134,1046
1146,1145,1147
1147,1145,1144
1149,1148,1142
1182,1150,1149
1151,1150,1182
1153,1152,1151
1154,1153,1181
1151,1181,1153
1144,1148,1147
1155,1181,1156
1155,1154,1181
1161,1181,1180
1181,1157,1156
1158,1157,1181
1158,1181,1160
1179,1173,1180
1191,1196,1192
1173,1179,1178
1197,1191,1190
1181,1161,1160
1162,1161,1180
1180,1168,1164
1163,1162,1180
1164,1166,1165
1166,1164,1167
1164,1168,1167
1163,1180,1164
1180,1169,1168
1158,1160,1159
1176,1175,1177
1177,1174,1178
1194,1193,1195
1175,1174,1177
1172,1171,1180
1170,1169,1171
1173,1178,1174
1172,1180,1173
1195,1193,1192
1180,1171,1169
1190,1189,1197
1188,1198,1189
1198,1188,1211
1196,1191,1197
1196,1195,1192
1197,1189,1198
1198,1211,1199
1206,1201,1200
1202,1201,1203
1200,1199,1211
1188,1187,1211
1209,1200,1210
1211,1186,1212
1256,1185,1184
1187,1186,1211
1201,1204,1203
1201,1205,1204
1206,1209,1208
1205,1201,1206
1207,1206,1208
1209,1206,1200
1210,1200,1211
1185,1212,1186
1218,1217,1222
1215,1217,1216
1224,1217,1215
1220,1219,1218
1221,1220,1222
1217,1223,1222
1222,1220,1218
1224,1223,1217
1215,1225,1224
1226,1225,1227
1227,1225,1215
1215,1214,1228
1215,1228,1227
1231,1230,1229
1231,1229,1214
1233,1235,1234
1254,1235,1233
1233,1232,1254
1229,1228,1214
1232,1231,1214
1232,1214,1254
1185,1213,1212
1046,1258,1184
1213,1255,1214
552,550,553
237,236,238
234,233,236
234,236,235
1368,239,236
242,241,240
239,238,236
242,240,1367
242,1366,244
233,1368,236
226,225,224
223,222,221
2,227,224
226,224,227
232,231,230
239,1367,240
229,228,227
230,1368,232
1368,233,232
229,227,0
229,1368,230
259,258,257
259,255,246
256,255,257
259,257,255
263,262,261
261,260,259
259,1366,261
244,1366,246
248,255,254
247,246,248
242,244,243
245,244,246
246,1366,259
251,250,254
252,251,254
248,254,249
254,250,249
248,246,255
254,253,252
263,261,1364
7,224,223
194,193,192
192,191,190
200,198,35
194,192,196
198,200,199
196,195,194
197,196,198
35,198,196
35,196,192
175,183,182
180,175,181
181,175,182
188,183,171
188,187,186
188,171,190
186,185,184
184,183,186
186,183,188
190,189,188
192,190,35
12,216,215
18,214,212
213,212,214
13,215,214
221,220,219
9,221,219
12,219,217
218,217,219
7,221,9
221,7,223
204,203,205
201,33,202
29,211,210
203,202,206
210,209,208
33,210,208
206,205,203
207,206,208
206,33,208
212,211,18
33,206,202
35,201,200
217,216,12
302,1349,303
298,301,300
298,300,299
1351,302,301
309,308,1345
1346,305,304
306,305,307
1346,307,305
304,303,1347
292,291,290
290,289,288
1355,290,288
1354,292,290
298,297,296
296,294,301
294,293,292
295,294,296
296,301,298
1351,301,294
294,292,1351
328,324,1345
321,320,319
322,321,323
323,321,319
330,329,328
310,309,1345
326,325,328
326,328,327
328,325,324
1345,324,323
314,313,312
1345,318,310
314,312,311
314,311,310
318,317,316
318,314,310
316,315,314
316,314,318
319,318,1345
1345,323,319
333,330,328
1345,308,307
1362,271,270
269,268,267
1362,269,267
1362,270,269
276,275,274
274,273,272
1360,276,274
272,1362,274
272,271,1362
1362,267,265
1367,239,1368
7,2,224
265,264,263
7,6,2
0,2,1
227,2,0
1368,229,0
4,3,2
2,6,4
6,5,4
267,266,265
1355,281,280
277,276,278
279,278,280
1357,280,278
286,285,283
286,283,288
282,281,283
284,283,285
288,283,1355
281,1355,283
1365,1364,1366
263,1364,265
261,1366,1364
274,1362,1360
1357,1360,1359
1357,278,276
1362,1361,1360
1363,1362,1364
1357,276,1360
265,1364,1362
1367,1366,242
286,288,287
1357,1359,1358
180,179,178
129,123,130
128,126,124
127,126,128
123,129,128
131,130,123
123,132,131
133,132,117
134,133,117
124,126,125
124,123,128
122,121,120
123,122,119
119,122,120
118,117,123
118,123,119
115,107,116
116,107,117
117,107,134
117,132,123
114,113,115
147,146,145
145,144,143
145,143,142
47,152,147
152,151,149
148,147,149
150,149,151
149,147,152
47,147,145
142,141,145
113,112,111
135,134,106
139,138,145
139,145,140
135,50,136
137,136,145
138,137,145
49,145,136
141,140,145
107,115,113
107,113,111
111,109,107
109,111,110
109,108,107
107,106,134
97,105,104
98,103,99
101,103,102
103,98,104
97,104,98
106,105,135
103,101,100
99,103,100
50,97,96
90,95,94
92,94,93
92,91,90
92,90,94
96,95,89
89,95,90
135,105,50
89,88,96
81,80,79
81,79,77
87,86,51
50,88,87
83,82,76
55,84,83
55,86,85
81,77,82
50,96,88
77,76,82
56,75,74
76,56,83
75,56,76
56,72,71
74,73,56
69,62,70
71,70,56
56,73,72
77,79,78
85,84,55
105,97,50
62,69,68
35,169,168
165,164,163
166,165,167
35,168,167
173,172,171
171,170,169
35,190,171
173,171,183
35,171,169
35,159,157
36,156,154
155,154,156
36,157,156
163,162,161
35,165,163
159,158,157
160,159,161
161,35,163
35,161,159
165,35,167
177,176,180
29,18,211
175,180,176
214,18,13
8,7,9
10,9,11
12,11,9
12,215,13
219,12,9
174,173,175
177,180,178
17,15,13
21,20,19
175,173,183
21,19,24
19,18,29
15,14,13
15,17,16
22,21,24
23,22,24
17,13,18
19,25,24
154,153,36
52,51,54
55,54,51
86,55,51
87,51,50
52,54,53
47,49,48
153,152,46
46,152,47
49,136,50
67,63,62
63,67,64
64,66,65
66,64,67
56,58,57
59,58,56
59,61,60
61,59,62
59,56,70
62,59,70
83,56,55
32,30,33
30,32,31
35,34,33
210,33,29
26,25,27
28,25,19
27,25,28
30,29,33
28,19,29
201,35,33
43,42,44
45,44,42
45,42,46
42,36,46
36,38,37
38,36,40
41,40,36
40,39,38
36,42,41
35,157,36
46,36,153
145,49,47
67,62,68
545,544,543
542,541,543
540,543,541
545,543,546
546,543,540
539,538,533
546,540,547
539,547,540
537,534,538
536,535,534
533,532,529
539,533,548
536,534,537
531,530,529
531,529,532
524,528,527
525,527,526
529,549,533
533,538,534
523,529,528
547,539,548
527,525,524
523,521,529
523,528,524
521,523,522
550,549,553
533,549,548
521,563,529
553,549,529
573,521,520
518,517,515
518,515,519
516,515,517
519,515,514
514,513,510
514,510,519
506,520,519
512,511,510
512,510,513
520,479,573
510,506,519
452,451,450
449,448,452
449,452,450
444,453,452
509,508,507
443,454,453
509,507,510
452,448,447
446,445,452
443,453,444
444,452,445
447,446,452
455,442,441
454,442,455
435,434,433
432,435,433
443,442,454
440,455,441
439,459,440
440,458,455
500,503,502
504,494,505
502,501,500
496,504,503
456,455,457
506,505,480
460,439,438
520,506,480
428,437,436
431,430,436
432,431,436
428,436,430
437,428,463
429,428,430
426,425,424
426,420,427
427,413,428
437,463,438
435,432,436
465,428,412
507,506,510
503,500,496
499,498,497
496,495,494
497,496,499
496,494,504
494,493,480
492,491,490
492,490,493
493,490,489
1261,1046,1263
489,488,482
487,486,485
487,485,484
488,487,482
482,487,483
481,493,482
483,487,484
479,520,480
480,493,481
493,489,482
480,505,494
1238,1237,1253
1239,1253,1240
1253,1241,1240
1253,1239,1238
1242,1246,1243
1246,1242,1241
1245,1244,1243
1246,1245,1243
1246,1241,1253
1253,1237,1236
1246,1253,1247
1236,1254,1253
1280,575,478
1236,1235,1254
1282,1281,478
1255,1254,1214
1249,1251,1250
1253,1249,1248
1251,1253,1252
1253,1251,1249
1248,1247,1253
478,574,479
499,496,500
474,473,476
469,468,467
1287,470,469
475,474,476
473,472,477
478,477,1282
471,477,472
470,477,471
477,470,1282
461,460,462
459,458,440
466,1288,467
459,439,460
465,464,463
466,465,412
462,438,463
462,460,438
428,465,463
469,467,1288
457,455,458
1281,1280,478
1263,1262,1261
1264,615,1265
1266,1265,1280
1263,616,1264
1184,1258,1256
1185,1256,1255
1258,1260,1259
1256,1258,1257
1260,1258,1046
1260,1046,1261
1266,1279,1271
1278,1277,1276
1278,1276,1279
1272,1279,1273
1266,1268,1267
1269,1268,1266
1272,1271,1279
1271,1270,1269
1271,1269,1266
1274,1279,1276
1279,1266,1280
1265,575,1280
473,477,476
424,421,426
550,552,551
383,382,380
381,380,382
384,383,380
396,395,394
379,385,380
396,394,397
392,394,393
386,379,1327
373,371,370
369,368,367
363,373,370
369,363,370
363,377,376
375,373,363
372,371,373
374,373,375
363,376,375
377,361,378
365,369,367
423,422,421
400,399,405
404,401,400
420,426,421
403,402,401
404,403,401
405,404,400
405,399,406
427,420,413
397,394,398
392,391,398
394,392,398
391,390,399
408,390,389
399,390,406
386,385,379
1327,387,386
1327,388,387
384,380,385
399,398,391
388,1289,389
1327,379,378
342,341,340
339,338,337
337,1345,339
342,340,339
344,343,342
344,342,345
342,1328,345
1345,342,339
335,334,333
333,332,330
1355,280,1357
330,332,331
1354,290,1355
1345,337,335
333,1345,335
335,337,336
1349,302,1351
292,1354,1351
1357,1356,1355
1351,1354,1353
365,364,363
353,358,357
363,369,365
353,361,360
362,361,377
359,358,353
359,353,360
357,356,353
353,356,355
363,362,377
354,353,355
1328,347,346
350,348,1328
1328,351,350
1327,353,352
348,347,1328
1328,346,345
348,350,349
352,351,1327
1353,1352,1351
361,353,1327
378,361,1327
365,367,366
1347,303,1349
414,419,418
417,416,415
417,415,418
414,418,415
414,413,419
411,410,1288
411,1288,466
428,413,412
412,411,466
1288,409,408
390,408,406
1290,1289,1324
406,408,407
408,389,1288
469,1288,1287
1291,1290,1323
1316,1306,1292
1289,1288,389
1288,410,409
470,1287,1282
1283,1282,1286
1286,1282,1287
1296,1295,1294
1276,1275,1274
1274,1273,1279
1283,1285,1284
1285,1283,1286
1299,1298,1297
1299,1303,1301
1297,1303,1299
1297,1293,1292
1299,1301,1300
1297,1296,1293
1303,1302,1301
1304,1297,1292
1292,1306,1304
1304,1306,1305
1303,1297,1304
1306,1316,1307
1294,1293,1296
1292,1291,1319
419,413,420
1342,1331,1329
1331,1330,1329
1342,1340,1332
1342,1332,1331
1324,1289,1326
1332,1334,1333
1336,1334,1332
1332,1340,1336
1329,1328,1342
1289,388,1327
1345,307,1346
1349,1348,1347
1346,304,1347
333,328,1345
1340,1342,1341
1343,1345,1344
1345,1343,1342
342,1342,1328
342,1345,1342
351,1328,1327
1339,1338,1340
1318,1292,1319
1323,1321,1320
1291,1320,1319
1316,1292,1318
1308,1310,1309
1308,1307,1310
1311,1310,1313
1315,1307,1316
1310,1307,1315
1318,1317,1316
1321,1323,1322
1291,1323,1320
1337,1336,1338
1338,1336,1340
1334,1336,1335
1315,1314,1313
1315,1313,1310
1313,1312,1311
1325,1324,1326
1324,1323,1290
1326,1289,1327
1349,1351,1350
423,421,424
