# Eritrea region 0
24 21
# Outer Vertices
40.419430,15.573890
39.977772,15.605000
39.938599,15.691390
40.034431,15.638610
40.079430,15.661390
40.019161,15.731660
39.926929,15.740550
39.928879,15.788890
39.993320,15.766110
39.982491,15.814440
40.039989,15.828610
40.011101,15.867500
40.014709,15.885830
40.094151,15.844440
40.086102,15.788610
40.138882,15.807770
40.141380,15.676940
40.166100,15.639720
40.278881,15.653330
40.219440,15.672500
40.238041,15.698610
40.313320,15.694440
40.411381,15.636390
40.419430,15.573890
# Triangles
3,1,17
14,8,5
3,2,1
6,5,8
8,7,6
9,8,10
11,10,12
12,10,13
10,8,14
16,4,17
4,3,17
18,23,22
23,18,17
19,18,20
1,23,17
21,18,22
15,14,16
14,13,10
20,18,21
14,4,16
4,14,5
