# Portugal region 4
141 138
# Outer Vertices
-8.812395,41.904530
-8.621111,42.053600
-8.201389,42.152210
-8.185833,42.064701
-8.090000,42.068878
-8.082777,42.025261
-8.218889,41.913601
-8.140835,41.809151
-7.981944,41.866379
-7.912222,41.889709
-7.886111,41.923321
-7.880000,41.852772
-7.706111,41.904430
-7.591667,41.879711
-7.611944,41.834980
-7.524445,41.840542
-7.456944,41.864429
-7.427222,41.812481
-7.200556,41.883598
-7.152223,41.988590
-6.837778,41.947201
-6.809444,41.990261
-6.628056,41.941090
-6.581667,41.967480
-6.545000,41.937199
-6.568611,41.887211
-6.508612,41.873871
-6.562778,41.745258
-6.539444,41.679428
-6.497778,41.657490
-6.355833,41.677761
-6.194444,41.593040
-6.217778,41.529430
-6.329445,41.415260
-6.318611,41.387211
-6.433888,41.322491
-6.598333,41.244148
-6.681389,41.215542
-6.808611,41.040539
-6.924444,41.031368
-6.891667,40.974701
-6.799722,40.856091
-6.829445,40.755260
-6.797778,40.657761
-6.839167,40.574989
-6.791111,40.518040
-6.848333,40.443310
-6.787500,40.341648
-6.960834,40.240261
-7.006111,40.230808
-7.014445,40.146648
-6.863889,40.015541
-7.017222,39.674992
-7.407778,39.648319
-7.533333,39.668880
-7.442499,39.551090
-7.293612,39.467758
-7.313611,39.344700
-7.235000,39.276371
-7.243055,39.213039
-7.140000,39.173321
-7.154167,39.122761
-7.115833,39.104160
-7.040556,39.122761
-6.961111,39.056648
-6.953889,39.026932
-7.155833,38.790272
-7.265556,38.708321
-7.292252,38.570660
-7.301111,38.524990
-7.329722,38.447201
-7.307071,38.425598
-7.144167,38.270260
-7.087778,38.174431
-6.948055,38.218319
-6.944166,38.162762
-7.006945,38.028042
-7.146111,38.005260
-7.254723,37.987492
-7.297500,37.848042
-7.514167,37.573318
-7.418165,37.173370
-7.450834,37.179150
-7.672501,37.083599
-7.792237,37.038898
-7.973056,37.008320
-8.240835,37.085819
-8.511112,37.103039
-8.623890,37.123878
-8.950279,36.995541
-8.963335,37.083050
-8.903612,37.166660
-8.847778,37.350552
-8.787224,37.524151
-8.792778,37.701649
-8.797501,37.912769
-8.882502,37.956379
-8.775278,38.212212
-8.811390,38.389992
-8.817780,38.442760
-8.733057,38.446098
-8.746946,38.548599
-8.772779,38.476940
-8.955002,38.482491
-9.200556,38.409710
-9.220278,38.415539
-9.179445,38.506649
-9.218889,38.617210
-9.278891,38.668598
-9.123335,38.657768
-9.005001,38.658600
-8.967224,38.698879
-9.045279,38.690819
-9.051111,38.714161
-8.919445,38.765270
-8.991667,38.928600
-9.076668,38.835541
-9.113890,38.717491
-9.322224,38.676659
-9.474167,38.703041
-9.495001,38.785259
-9.414446,38.944149
-9.397501,39.122761
-9.337223,39.234440
-9.361946,39.348320
-9.341667,39.378040
-9.184446,39.406940
-9.230001,39.440269
-9.074722,39.644989
-8.859167,40.149712
-8.909723,40.189991
-8.753056,40.639431
-8.735834,40.652210
-8.730556,40.712490
-8.646112,40.997211
-8.698891,41.181931
-8.793335,41.416370
-8.799723,41.566662
-8.837778,41.687481
-8.879168,41.828880
-8.812395,41.904530
# Triangles
105,104,106
107,106,109
104,103,106
110,106,103
110,109,106
111,103,101
116,121,118
118,120,119
109,108,107
113,111,114
111,113,112
101,114,111
110,103,111
91,90,89
91,88,92
91,89,88
93,92,88
88,87,93
86,85,80
93,86,94
85,84,80
86,93,87
86,80,94
99,98,100
96,95,97
100,98,97
95,80,97
70,101,100
101,103,102
70,100,97
95,94,80
101,54,114
115,114,54
120,118,121
122,121,116
115,123,122
126,125,123
123,125,124
123,115,126
115,122,116
118,117,116
127,126,128
126,115,128
131,130,129
139,138,140
1,140,138
138,137,6
129,128,54
128,115,54
132,131,129
132,134,133
135,134,7
7,11,8
11,7,134
8,11,9
12,11,14
135,7,136
14,11,134
7,6,137
1,6,3
1,138,6
3,2,1
6,5,3
11,10,9
5,4,3
49,134,132
137,136,7
132,129,54
83,80,84
82,81,80
68,101,70
78,70,80
82,80,83
78,71,70
78,80,79
70,69,68
57,55,101
54,53,50
55,57,56
55,54,101
59,57,67
57,59,58
61,59,67
67,57,101
68,67,101
78,72,71
49,132,54
73,72,78
73,77,76
78,77,73
75,74,73
66,65,62
76,75,73
62,65,64
62,61,66
62,64,63
52,51,50
49,48,46
49,54,50
50,53,52
59,61,60
66,61,67
39,134,49
44,39,49
42,40,39
39,44,42
14,134,39
43,42,44
38,37,39
41,40,42
44,46,45
37,18,39
15,14,17
15,17,16
14,13,12
17,39,18
20,19,18
22,21,20
18,37,20
14,39,17
49,46,44
28,37,36
20,37,28
35,34,33
30,33,32
35,33,29
35,29,36
32,31,30
25,27,26
27,25,22
23,22,25
25,24,23
22,20,27
30,29,33
29,28,36
20,28,27
46,48,47
97,80,70
