# Tunisia region 1
144 141
# Outer Vertices
11.527140,33.165779
11.491660,33.034988
11.470550,32.627762
11.583330,32.490822
11.567500,32.442211
11.516670,32.409420
10.882500,32.139149
10.787220,32.008881
10.624720,31.970551
10.613610,31.856380
10.466670,31.720270
10.380000,31.730551
10.306390,31.713051
10.139440,31.509991
10.123330,31.422489
10.290550,30.906660
10.215270,30.736099
9.882217,30.347490
9.532024,30.236059
9.195553,31.569160
9.059162,32.091091
8.351109,32.531101
8.306107,32.834148
8.090275,33.114429
8.022776,33.112759
7.764999,33.208599
7.731943,33.248322
7.724165,33.439419
7.522499,33.788601
7.491666,33.899712
7.527222,34.101929
7.656943,34.212490
7.767499,34.236370
7.839722,34.412479
8.247498,34.641102
8.226664,34.695530
8.288610,34.752769
8.261389,34.910259
8.401110,35.192211
8.450830,35.233871
8.427221,35.267490
8.344997,35.287209
8.308332,35.339149
8.309443,35.427212
8.362219,35.521931
8.340273,35.677479
8.273609,35.758598
8.262777,35.901089
8.373608,36.444698
8.190832,36.491650
8.183609,36.524151
8.231386,36.567211
8.443054,36.654701
8.475275,36.717201
8.471663,36.753040
8.421110,36.764431
8.423887,36.790539
8.649998,36.835258
8.657221,36.867489
8.616386,36.894989
8.630230,36.942989
8.821388,36.977211
8.915554,37.030819
8.990000,37.113880
9.149721,37.181381
9.196665,37.231930
9.334721,37.229431
9.672499,37.338039
9.864719,37.324711
9.854443,37.256100
9.772778,37.220268
9.784441,37.178879
9.853611,37.139149
9.906111,37.164711
9.925278,37.213600
9.851110,37.228321
10.056390,37.261101
10.271670,37.174431
10.143330,37.166931
10.125560,37.141651
10.233060,37.108879
10.168050,37.058880
10.345550,36.874149
10.289440,36.813320
10.272220,36.848598
10.198060,36.828041
10.193330,36.790821
10.228050,36.793598
10.331110,36.737209
10.415000,36.723320
10.528060,36.777760
10.570000,36.861370
10.817500,36.948879
10.898050,37.046101
11.046940,37.081661
11.122220,36.870270
10.977500,36.756378
10.795000,36.463039
10.561940,36.392490
10.497500,36.328320
10.455280,36.169430
10.481110,36.037491
10.609720,35.856098
10.724720,35.772209
10.824440,35.782490
10.814170,35.727211
10.837220,35.698879
11.028060,35.639709
11.026940,35.525829
11.057220,35.509430
11.030000,35.436100
11.029440,35.331379
11.100820,35.264870
11.148050,35.239990
11.103050,35.216099
10.891940,34.861931
10.605830,34.590549
10.427500,34.495270
10.375000,34.435822
10.111390,34.314709
10.021390,34.191101
10.019170,34.080269
10.096390,33.914440
10.356110,33.686100
10.486670,33.638882
10.669170,33.706928
10.718330,33.704151
10.722500,33.663879
10.672220,33.532768
10.754170,33.472759
10.903610,33.531101
10.932220,33.569439
10.900280,33.617210
10.933610,33.629990
11.048610,33.616940
11.088890,33.581661
11.115000,33.516102
11.105280,33.368320
11.291390,33.279991
11.131670,33.310822
11.118610,33.288879
11.175830,33.208050
11.215280,33.212490
11.527140,33.165779
# Triangles
27,26,25
32,29,28
32,28,27
24,27,25
27,24,23
27,23,32
121,34,23
30,29,31
33,32,34
29,32,31
35,34,36
36,38,37
36,34,120
32,23,34
22,121,23
19,18,17
20,122,22
19,13,20
13,19,14
16,19,17
122,121,22
122,20,123
16,14,19
120,34,121
44,43,40
42,41,40
48,45,100
42,40,43
120,119,39
38,36,39
44,101,45
44,40,39
36,120,39
39,101,44
101,39,119
22,21,20
51,49,48
51,50,49
48,100,57
57,52,48
57,53,52
54,53,57
45,48,47
52,51,48
54,57,56
60,59,58
55,54,56
58,57,61
62,61,57
64,63,62
62,57,86
61,60,58
45,47,46
73,72,81
66,72,71
72,66,62
66,64,62
81,72,85
79,73,81
80,79,81
73,79,74
85,84,81
85,72,86
86,72,62
78,76,79
71,67,66
67,71,70
70,68,67
66,65,64
76,75,74
69,68,70
74,79,76
78,77,76
86,57,100
13,12,20
12,11,8
8,20,12
9,8,11
8,7,6
8,6,129
9,11,10
8,123,20
123,8,124
124,128,125
124,8,128
126,125,127
127,125,128
8,129,128
129,6,141
117,119,118
142,141,1
141,6,2
0,142,1
1,141,2
5,4,3
3,2,5
129,141,140
131,133,132
134,131,135
134,133,131
131,130,136
140,139,137
131,136,135
136,130,137
137,139,138
137,130,129
140,137,129
6,5,2
100,45,101
119,102,101
88,86,99
100,99,86
89,88,99
116,103,102
103,116,115
99,98,89
90,98,97
102,117,116
89,98,90
82,81,84
83,82,84
91,90,96
86,88,87
117,102,119
111,110,106
111,115,114
106,110,108
106,103,111
106,108,107
114,113,112
110,109,108
112,111,114
96,90,97
92,91,96
104,103,105
96,93,92
93,95,94
95,93,96
103,106,105
103,115,111
16,15,14
