# Israel region 0
90 87
# Outer Vertices
35.097061,33.092110
35.316929,33.107208
35.349152,33.063042
35.504711,33.094151
35.566662,33.290272
35.619282,33.248661
35.669708,33.251659
35.639431,33.049709
35.590542,33.017761
35.622478,32.987759
35.614819,32.897160
35.639400,32.814480
35.631649,32.749989
35.599171,32.715031
35.633450,32.686508
35.563599,32.651920
35.554150,32.521381
35.563320,32.441090
35.552929,32.393791
35.432209,32.416100
35.412201,32.500820
35.222759,32.551929
35.079990,32.470539
34.985821,32.132481
35.000851,31.985580
35.030540,31.883881
34.963322,31.858891
34.971088,31.824711
35.108921,31.833420
35.219978,31.808331
35.226372,31.747770
35.020260,31.658051
34.953602,31.594721
34.884430,31.404711
34.904148,31.363609
35.138599,31.361940
35.320271,31.439159
35.394711,31.491659
35.395920,31.491739
35.478649,31.497829
35.465820,31.380550
35.431881,31.323191
35.399429,31.268330
35.417191,31.234671
35.462200,31.149441
35.441792,31.089331
35.392208,30.943331
35.337761,30.886940
35.284710,30.718599
35.200260,30.567770
35.157269,30.415661
35.181931,30.366940
35.140541,30.239710
35.166931,30.151661
34.973400,29.585520
34.965542,29.562490
34.961922,29.551100
34.946098,29.535000
34.901539,29.493790
34.865822,29.584160
34.862209,29.673880
34.833321,29.777769
34.789150,29.890829
34.713600,30.112770
34.667759,30.225830
34.622478,30.338329
34.543598,30.429991
34.520538,30.541100
34.501099,30.653049
34.450539,30.765829
34.394150,30.878880
34.352211,30.991659
34.309711,31.104441
34.267078,31.216261
34.370541,31.294720
34.364151,31.360821
34.558590,31.533051
34.490261,31.596661
34.543880,31.664709
34.635269,31.810551
34.715549,31.965549
34.782211,32.131939
34.838039,32.308041
34.888050,32.486931
34.926659,32.664440
34.963871,32.833321
35.017208,32.815269
35.068878,32.858051
35.072769,32.922489
35.097061,33.092110
# Triangles
34,70,69
67,66,65
68,67,49
48,34,69
72,71,74
73,72,74
34,74,71
70,34,71
76,75,74
69,68,48
59,58,57
57,56,55
57,55,59
59,55,54
53,63,62
64,50,65
61,60,54
54,60,59
62,61,53
67,65,49
64,63,52
78,77,76
74,33,76
33,74,34
32,76,33
79,78,32
76,32,78
26,80,79
24,81,80
82,22,83
84,21,86
82,81,23
80,26,24
79,27,26
31,27,32
31,28,27
26,25,24
85,84,86
84,83,22
23,81,24
87,86,21
2,88,87
22,82,23
79,32,27
54,53,61
49,65,50
50,52,51
52,63,53
48,68,49
29,28,30
28,31,30
42,36,35
35,34,47
48,47,34
46,45,35
43,45,44
43,35,45
35,43,42
38,37,40
36,42,41
36,41,40
40,39,38
37,36,40
47,46,35
19,18,17
20,19,16
16,19,17
1,89,2
87,21,2
89,88,2
3,2,8
15,2,21
20,16,15
15,21,20
21,84,22
13,10,2
13,15,14
10,13,11
10,8,2
12,11,13
3,5,4
8,7,3
3,7,5
7,6,5
8,10,9
15,13,2
52,50,64
