# Libya region 0
141 138
# Outer Vertices
9.532024,30.236059
9.882217,30.347490
10.215270,30.736099
10.290550,30.906660
10.123330,31.422489
10.139440,31.509991
10.306390,31.713051
10.380000,31.730551
10.466670,31.720270
10.613610,31.856380
10.624720,31.970551
10.787220,32.008881
10.882500,32.139149
11.516670,32.409420
11.567500,32.442211
11.583330,32.490822
11.470550,32.627762
11.491660,33.034988
11.527140,33.165779
11.643610,33.099430
11.809170,33.084148
12.316940,32.833599
12.614440,32.798321
13.243050,32.919159
13.354160,32.899712
13.620000,32.787769
13.790830,32.798599
14.200280,32.703880
14.468330,32.516380
15.147500,32.404430
15.212220,32.368881
15.370000,32.156651
15.357770,31.968330
15.493890,31.651381
15.703330,31.420549
16.029720,31.276100
16.262770,31.230270
16.705830,31.228050
17.067770,31.138050
17.370831,31.081659
17.460831,31.026381
17.854719,30.922489
17.896391,30.863880
18.041941,30.822769
18.458879,30.560551
18.931940,30.286381
19.046659,30.265270
19.350000,30.296659
19.701941,30.481661
20.060551,30.855270
20.154989,31.086660
20.143330,31.210270
19.980829,31.487499
19.919439,31.757500
19.952499,31.984989
20.092489,32.191380
20.497490,32.511662
20.999439,32.746380
21.378880,32.779991
21.641380,32.935551
21.877489,32.901661
22.160549,32.940269
22.209440,32.880260
22.361660,32.874439
22.484720,32.802212
22.579990,32.782768
23.124720,32.622211
23.096380,32.563320
23.144440,32.460270
23.110550,32.407490
23.083879,32.328320
23.258329,32.210270
23.307770,32.218601
23.733330,32.173038
23.996111,32.092491
23.993050,32.047218
24.482771,31.990271
24.663050,32.026932
24.980000,31.967770
25.036110,31.924440
25.022221,31.851379
25.054720,31.811661
25.134230,31.639330
25.069719,31.581659
24.948601,31.428881
24.874710,31.383881
24.868879,31.161940
25.018600,30.793051
24.928600,30.511101
24.726940,30.233879
24.706381,30.156099
24.831381,29.886660
24.817209,29.774160
24.886940,29.663879
24.876101,29.511940
24.997770,29.248880
25.002220,27.898880
24.999439,26.539440
24.997770,25.180000
24.999439,23.829720
25.001110,22.475821
25.003550,22.001301
25.002220,20.644159
25.000830,19.999161
24.372770,19.995819
24.000830,20.001940
23.999559,19.497761
21.394711,20.852209
18.363609,22.344440
16.000830,23.450550
15.000630,23.000370
14.235000,22.614161
13.595550,23.139429
13.417220,23.214710
11.986450,23.522320
11.558890,24.302490
10.715270,24.567209
10.422220,24.478050
10.252220,24.605829
10.218330,24.751110
10.054440,24.838051
10.026660,25.337490
9.398331,26.153320
9.393053,26.182770
9.429996,26.233049
9.499439,26.357491
9.638609,26.415550
9.876385,26.528879
9.930552,26.859711
9.848331,26.908600
9.734995,27.323879
9.839163,27.508051
9.813885,27.576380
9.881107,27.621111
9.954165,27.868601
9.790274,28.270550
9.873331,28.859159
9.764721,29.433331
9.566664,29.806940
9.303886,30.122490
9.532024,30.236059
# Triangles
123,122,124
126,125,124
124,122,126
121,127,126
131,130,128
128,130,129
126,122,121
140,138,1
140,139,138
138,137,1
132,131,133
136,135,134
133,131,128
137,136,2
115,114,113
117,116,119
116,115,121
111,110,112
113,112,109
109,112,110
113,109,115
34,134,115
115,128,127
127,121,115
137,2,1
134,34,136
121,119,116
134,133,128
128,115,134
118,117,119
33,3,2
119,121,120
136,34,2
109,35,115
8,6,5
8,7,6
5,4,8
9,3,11
11,10,9
8,3,9
11,3,13
13,12,11
19,17,16
16,15,20
20,15,21
18,17,19
19,16,20
15,14,21
14,13,22
8,4,3
33,32,28
31,30,32
32,30,29
38,37,36
25,3,33
34,115,35
35,109,36
13,3,22
14,22,21
25,24,23
23,22,25
33,28,25
28,26,25
26,28,27
22,3,25
32,29,28
33,2,34
36,40,38
36,109,40
46,45,109
46,108,47
48,47,97
45,44,109
101,107,105
105,107,106
97,47,108
108,107,98
42,41,40
39,38,40
40,109,42
49,71,50
49,48,94
44,43,42
44,42,109
104,102,105
46,109,108
99,98,107
48,96,94
96,48,97
95,94,96
102,101,105
100,107,101
99,107,100
97,108,98
92,91,90
71,90,89
90,49,92
86,88,87
86,89,88
93,92,94
94,92,49
49,90,71
102,104,103
86,75,89
53,52,55
55,54,53
52,51,55
56,51,57
50,70,58
65,70,67
50,58,51
70,69,67
51,56,55
57,51,58
60,59,58
70,60,58
62,70,64
62,61,60
63,62,64
60,70,62
65,64,70
67,66,65
85,77,76
77,80,78
77,85,80
85,84,80
85,76,75
83,82,81
81,80,83
80,79,78
83,80,84
68,67,69
73,72,71
73,75,74
73,71,75
89,75,71
70,50,71
85,75,86
