# Morocco region 0
137 134
# Outer Vertices
-2.211518,35.099720
-2.205278,35.051380
-1.747222,34.747211
-1.853333,34.600540
-1.686389,34.485260
-1.793334,34.378319
-1.653611,34.084980
-1.726667,33.695530
-1.641944,33.650822
-1.600278,33.556931
-1.666667,33.383320
-1.665555,33.256649
-1.478889,33.058041
-1.487222,32.979149
-1.542778,32.939419
-1.383055,32.724430
-1.010556,32.508320
-1.078056,32.441368
-1.196389,32.404701
-1.250000,32.326931
-1.253889,32.214710
-1.292778,32.159149
-1.198611,32.166931
-1.177778,32.114990
-1.213055,32.089710
-1.500000,32.108040
-2.220278,32.149990
-2.865278,32.084709
-2.938333,32.028870
-2.972500,31.850830
-3.518889,31.672770
-3.714722,31.716379
-3.818611,31.695551
-3.835278,31.650270
-3.835556,31.466930
-3.724722,31.394711
-3.804167,31.339161
-3.796389,31.221661
-3.825556,31.182770
-3.815556,31.152491
-3.724444,31.188601
-3.598055,31.086109
-3.602222,30.991381
-3.646667,30.961100
-4.027223,30.906660
-4.173889,30.766109
-4.430278,30.637211
-4.591945,30.626381
-4.942499,30.492210
-5.145000,30.186661
-5.396111,29.974159
-5.593889,29.896940
-6.191388,29.809719
-6.400278,29.804440
-6.474444,29.833050
-6.511111,29.633600
-6.575556,29.571110
-7.199721,29.594721
-7.434166,29.397221
-7.622777,29.391939
-8.046667,29.093611
-8.357777,28.919161
-8.495554,28.790550
-8.669294,28.709290
-8.669294,27.668850
-9.933889,27.666660
-13.176930,27.665079
-13.023610,27.774990
-12.958330,27.928600
-12.816670,27.971661
-12.186670,28.063881
-12.025000,28.115271
-11.501110,28.311380
-11.409440,28.401939
-11.044170,28.760550
-10.557500,28.998329
-10.317220,29.253880
-10.117220,29.466660
-9.791389,29.870001
-9.640278,30.168051
-9.611946,30.412769
-9.793612,30.612499
-9.886112,30.627769
-9.886112,30.677490
-9.837778,30.755550
-9.828611,30.843880
-9.804445,31.342770
-9.845278,31.400270
-9.732779,31.564989
-9.679445,31.708611
-9.351946,32.043880
-9.265001,32.227489
-9.273056,32.562210
-8.861946,32.890541
-8.519445,33.269989
-8.475279,33.253319
-8.396112,33.284710
-8.305279,33.375542
-8.055000,33.447769
-7.525278,33.631378
-7.439723,33.696098
-7.118334,33.830540
-6.926111,33.949429
-6.670556,34.265270
-6.379445,34.721371
-6.140000,35.236931
-5.926772,35.780239
-5.573611,35.830269
-5.452500,35.915272
-5.393456,35.912411
-5.342197,35.835522
-5.339168,35.790539
-5.250000,35.574711
-4.809445,35.258041
-4.409445,35.150539
-3.918334,35.260540
-3.903056,35.221661
-3.827500,35.199162
-3.763889,35.218319
-3.740000,35.272491
-3.667500,35.286098
-3.577500,35.226650
-3.326667,35.192760
-3.059445,35.296379
-2.984167,35.436378
-2.952501,35.434990
-2.933282,35.336540
-2.922676,35.270069
-2.901945,35.163052
-2.841667,35.126930
-2.747222,35.115551
-2.890278,35.233601
-2.833889,35.201649
-2.628056,35.098320
-2.517223,35.098320
-2.419445,35.153320
-2.211518,35.099720
# Triangles
67,66,70
69,68,67
67,70,69
70,65,71
65,70,66
72,71,65
65,73,72
73,65,74
76,75,65
65,75,74
63,78,77
80,79,60
85,81,80
79,78,61
77,76,63
65,63,76
64,63,65
62,61,63
63,61,78
59,80,60
59,58,57
60,79,61
56,54,57
54,56,55
54,53,52
54,91,57
52,51,48
49,48,51
49,51,50
52,48,54
57,90,80
59,57,80
99,54,48
82,81,83
88,80,90
86,80,88
90,89,88
80,86,85
86,88,87
84,81,85
91,54,93
93,92,91
54,98,93
95,94,93
96,98,97
98,96,93
95,93,96
91,90,57
81,84,83
100,99,101
101,48,102
48,101,99
113,103,114
113,104,103
33,48,47
102,32,103
98,54,99
106,105,107
111,108,107
107,105,112
113,112,105
108,110,109
108,111,110
111,107,112
105,104,113
47,46,45
102,48,33
47,44,34
39,38,44
44,43,39
34,44,38
43,42,41
41,40,43
43,40,39
34,38,36
32,102,33
34,36,35
33,47,34
28,31,30
28,30,29
38,37,36
114,32,31
103,32,114
28,27,31
15,26,25
11,27,26
24,23,22
19,25,21
22,21,24
24,21,25
14,26,15
13,12,14
11,26,14
19,15,25
17,16,15
17,15,18
19,18,15
20,19,21
117,31,27
12,11,14
114,117,116
122,117,27
117,121,118
114,116,115
129,128,122
121,117,122
122,128,123
129,122,7
114,31,117
120,118,121
120,119,118
127,123,128
124,126,125
124,123,126
126,123,127
6,5,7
7,27,10
5,4,3
7,10,9
7,5,130
9,8,7
130,129,7
134,133,3
132,130,133
130,132,131
130,5,133
3,2,1
135,1,136
135,134,1
1,134,3
5,3,133
7,122,27
10,27,11
45,44,47
