# Mali region 0
285 282
# Outer Vertices
-6.577500,24.999161
-4.806389,25.000271
-3.100278,23.914160
-1.429444,22.806940
-0.002363,21.826361
1.169242,21.099899
1.161389,20.761101
1.178888,20.732771
1.326667,20.733330
1.375000,20.657490
1.483333,20.639160
1.663055,20.536110
1.665555,20.442209
1.810278,20.301109
1.881111,20.301380
1.908888,20.231380
2.102499,20.220831
2.178055,20.279440
2.218054,20.279160
2.323611,20.199440
2.421666,20.053049
2.846388,19.974710
3.235000,19.815550
3.218333,19.532221
3.248055,19.512211
3.272222,19.373600
3.153611,19.223049
3.121388,19.136101
3.331944,18.976379
4.245091,19.146191
4.245554,18.660549
4.252500,16.994431
4.214166,16.993601
4.200832,16.393881
4.074443,16.303329
3.980833,16.070271
4.000832,15.989720
3.924444,15.904160
3.890277,15.718050
3.844166,15.672770
3.722499,15.650000
3.537777,15.492490
3.524818,15.359350
3.032499,15.433050
3.021944,15.376380
1.312500,15.286660
0.974722,14.978610
0.742500,14.967490
0.695000,14.942220
0.512222,15.000830
0.396667,14.960550
0.226394,15.000760
0.234534,14.915610
-0.246111,15.078050
-0.386111,15.005550
-0.443889,15.083050
-0.725000,15.083050
-1.073889,14.777500
-1.318889,14.728880
-1.678333,14.500550
-1.980833,14.475000
-2.006945,14.188050
-2.107778,14.151390
-2.472777,14.288890
-2.833333,14.041390
-2.884445,13.877490
-2.904167,13.721660
-2.878611,13.656110
-2.962224,13.625830
-3.049445,13.612500
-3.070834,13.660830
-3.190193,13.678900
-3.248889,13.719990
-3.271111,13.701660
-3.232500,13.288050
-3.441118,13.275850
-3.423334,13.197500
-3.441389,13.168050
-3.541111,13.178890
-3.791667,13.361660
-3.938611,13.378050
-3.966666,13.398890
-3.902500,13.457770
-3.964167,13.504160
-4.025278,13.426110
-4.129444,13.306390
-4.243333,13.234440
-4.218889,13.181390
-4.312500,13.166390
-4.335278,13.109990
-4.205556,12.940270
-4.207223,12.766390
-4.269167,12.716390
-4.468889,12.725830
-4.474167,12.657780
-4.365833,12.533330
-4.438055,12.434440
-4.387501,12.311110
-4.407223,12.297220
-4.456944,12.333890
-4.569445,12.201110
-4.539444,12.139720
-4.664378,12.062000
-4.698610,12.062770
-4.784722,12.000830
-4.936388,12.009440
-5.193889,11.905280
-5.348056,11.825270
-5.402223,11.830000
-5.337222,11.800270
-5.263612,11.749440
-5.289444,11.616660
-5.214723,11.577500
-5.198610,11.418890
-5.251667,11.395000
-5.250834,11.244720
-5.297222,11.206940
-5.297500,11.144160
-5.330278,11.114720
-5.488611,11.076380
-5.486388,11.030280
-5.411667,10.835000
-5.456389,10.746940
-5.462501,10.645550
-5.520660,10.430990
-5.650278,10.451110
-5.878056,10.375550
-5.889444,10.275830
-5.956111,10.284440
-5.983333,10.208610
-6.062500,10.191110
-6.193055,10.233880
-6.223250,10.258480
-6.226945,10.314160
-6.168333,10.358610
-6.210279,10.509720
-6.246667,10.516390
-6.188889,10.630270
-6.243202,10.734950
-6.410000,10.693050
-6.420278,10.628880
-6.381944,10.590550
-6.418333,10.550550
-6.585278,10.607220
-6.645086,10.666790
-6.676666,10.598330
-6.638056,10.409440
-6.689455,10.339500
-6.776112,10.377490
-6.943889,10.353050
-6.982223,10.253610
-6.946111,10.214720
-6.950000,10.171940
-7.010556,10.141940
-7.269722,10.254440
-7.345834,10.250270
-7.360000,10.350830
-7.430833,10.337770
-7.456667,10.450830
-7.500278,10.461390
-7.534722,10.419720
-7.699721,10.406390
-7.885278,10.176660
-7.977681,10.165470
-7.940556,10.243330
-7.985000,10.337770
-8.093889,10.356380
-8.122221,10.437220
-8.215555,10.421660
-8.282223,10.549440
-8.289722,11.007770
-8.351110,11.057220
-8.488888,11.058890
-8.544167,10.975270
-8.602777,10.964160
-8.671389,10.955000
-8.682777,10.991940
-8.515001,11.226390
-8.474722,11.291110
-8.376110,11.281940
-8.354721,11.322770
-8.410278,11.335270
-8.359650,11.371560
-8.514168,11.430270
-8.534166,11.493890
-8.607779,11.475830
-8.703054,11.658890
-8.831667,11.661660
-8.796572,12.008060
-8.904167,12.044440
-8.899445,12.178050
-8.979939,12.223710
-8.946667,12.353050
-9.057777,12.436660
-9.311308,12.504250
-9.362221,12.487500
-9.398890,12.446110
-9.293333,12.355550
-9.345444,12.249800
-9.466665,12.248610
-9.667500,12.127780
-9.672501,12.067770
-9.761112,12.028050
-9.986944,12.120830
-10.273060,12.209440
-10.329170,12.224160
-10.333330,12.185270
-10.511110,12.116110
-10.652410,11.893510
-10.892220,12.201110
-11.045280,12.207220
-11.154170,12.040550
-11.253890,11.996110
-11.462780,12.140280
-11.495000,12.206110
-11.430000,12.287220
-11.441110,12.363330
-11.373330,12.404640
-11.358330,12.467490
-11.451940,12.550550
-11.422500,12.623610
-11.428610,12.713890
-11.383330,12.726660
-11.412220,12.916110
-11.368060,12.928890
-11.378060,12.988050
-11.420000,12.959440
-11.434720,13.076110
-11.527780,13.137780
-11.597780,13.364720
-11.719720,13.412780
-11.756940,13.373050
-11.798330,13.312780
-11.885280,13.375000
-11.868060,13.457500
-12.054450,13.660550
-12.082590,13.708280
-11.952780,13.808330
-11.942500,13.904440
-12.015000,14.012500
-11.980830,14.167220
-12.031110,14.278880
-12.098330,14.304440
-12.098890,14.366660
-12.202500,14.400830
-12.178610,14.607500
-12.147780,14.639440
-12.245750,14.772170
-12.230830,14.761940
-12.136950,14.777770
-12.057620,14.725550
-11.974440,14.771110
-11.804170,14.908050
-11.802780,15.048610
-11.845000,15.059160
-11.710830,15.547780
-11.642220,15.524160
-11.512220,15.646660
-11.420830,15.635830
-11.172500,15.374720
-10.922500,15.138330
-10.898820,15.106820
-10.827220,15.275550
-10.762500,15.312770
-10.719010,15.438140
-10.164450,15.403610
-10.118060,15.372770
-9.817778,15.373880
-9.696667,15.430000
-9.411390,15.443890
-9.442499,15.596940
-9.338055,15.704720
-9.319445,15.634160
-9.333611,15.499720
-7.626111,15.503610
-5.905556,15.503330
-5.495616,15.498460
-5.335278,16.328051
-5.601666,16.507771
-5.787222,18.186939
-5.974444,19.866381
-6.166666,21.528049
-6.356663,23.146021
-6.371388,23.289709
-6.577500,24.999161
# Triangles
176,175,174
176,174,172
186,185,184
188,187,186
172,174,173
179,177,171
172,177,176
179,178,177
179,170,180
184,183,182
181,180,182
182,180,159
186,184,188
171,177,172
188,184,182
215,213,212
211,215,212
209,208,207
211,210,215
215,214,213
207,205,209
210,209,222
206,205,207
205,224,209
202,201,200
189,188,190
196,204,203
192,191,190
196,203,200
203,202,200
205,204,195
192,190,188
108,188,182
164,163,162
164,162,161
167,166,165
161,165,164
156,158,157
167,165,161
155,154,156
153,150,154
150,153,151
152,151,153
154,149,156
154,150,149
146,148,147
156,149,158
148,145,149
168,167,169
159,170,161
158,149,145
159,161,160
170,159,180
159,144,182
167,161,170
158,144,159
170,169,167
158,145,144
140,142,141
144,143,139
144,139,108
140,139,143
143,142,140
144,108,182
145,148,146
179,171,170
138,108,139
188,108,192
230,237,234
233,231,234
235,234,237
230,238,237
236,235,237
239,238,240
231,233,232
217,216,215
231,230,234
229,228,227
238,229,261
230,229,238
240,238,261
245,244,243
250,243,251
245,243,246
246,250,249
250,246,243
246,249,248
246,248,247
243,242,241
241,240,252
252,251,241
240,261,252
241,251,243
254,253,255
256,255,253
258,257,256
259,256,253
253,252,259
229,227,261
222,220,218
218,220,219
217,210,218
222,209,224
252,261,260
205,225,224
261,227,225
223,222,224
259,252,260
222,218,210
227,226,225
196,199,198
196,198,197
225,195,261
205,195,225
267,195,194
261,195,266
193,269,194
193,192,274
204,196,195
215,210,217
262,261,263
263,261,266
267,266,195
263,266,265
258,256,259
263,265,264
267,269,268
270,269,273
270,273,272
274,273,269
267,194,269
272,271,270
283,282,1
0,283,1
274,269,193
274,192,108
220,222,221
196,200,199
133,131,134
131,130,134
129,128,130
137,120,138
126,137,135
135,134,126
128,134,130
128,126,134
136,135,137
127,126,128
125,124,123
125,122,137
138,120,119
122,121,120
120,137,122
125,123,122
126,125,137
119,108,138
118,117,116
119,116,114
115,114,116
119,114,111
108,107,106
109,111,110
111,109,108
119,111,108
111,114,112
116,119,118
114,113,112
105,104,103
103,102,100
101,100,102
103,100,105
106,105,93
108,106,93
100,94,105
108,275,274
96,100,99
98,97,99
99,97,96
93,105,94
93,90,89
95,94,96
100,96,94
93,89,108
90,93,92
91,90,92
87,86,88
78,77,76
75,78,76
88,86,276
108,89,275
79,75,73
78,75,79
80,79,82
83,82,73
82,81,80
83,73,72
79,73,82
83,86,84
75,74,73
84,86,85
69,68,70
66,68,67
72,71,70
70,66,65
66,70,68
70,65,72
83,72,276
64,72,65
86,83,276
275,89,88
64,63,277
63,62,60
60,62,61
60,59,58
56,58,57
63,60,277
277,60,58
49,48,47
50,49,51
53,52,51
45,51,49
53,51,45
47,45,49
46,45,47
53,55,54
56,279,277
276,275,88
278,277,279
2,281,3
1,282,2
279,4,280
280,3,281
2,282,281
276,64,277
56,55,7
8,7,9
7,55,53
7,53,13
56,7,4
280,4,3
6,5,4
7,6,4
13,53,45
4,279,56
56,277,58
276,72,64
43,28,45
42,41,43
43,41,40
45,28,27
40,39,38
35,43,40
28,43,32
37,40,38
45,27,15
43,35,34
35,37,36
34,32,43
28,32,30
28,30,29
31,30,32
32,34,33
40,37,35
14,13,15
45,15,13
17,16,18
15,20,16
10,9,12
12,11,10
7,12,9
7,13,12
26,23,21
23,26,25
25,24,23
18,16,19
21,20,27
21,23,22
20,19,16
15,27,20
21,27,26
43,45,44
132,131,133
