# Moldova region 0
196 193
# Outer Vertices
26.635000,48.240871
26.648899,48.298100
26.688299,48.311699
26.703100,48.344700
26.750601,48.299400
26.803301,48.297199
26.810801,48.321899
26.791401,48.381699
26.835800,48.378899
26.853901,48.404999
26.968901,48.358601
27.049400,48.365002
27.053600,48.406898
27.233900,48.367802
27.270300,48.378899
27.343100,48.442799
27.392200,48.438900
27.418900,48.416698
27.520800,48.465000
27.599701,48.486698
27.607201,48.454399
27.653299,48.441700
27.770800,48.447800
27.870001,48.398300
27.904110,48.354271
27.963100,48.325001
28.085600,48.307499
28.096701,48.288601
28.081900,48.243301
28.094400,48.229401
28.128099,48.231701
28.165600,48.257500
28.181900,48.249699
28.187201,48.215599
28.222500,48.205299
28.295000,48.238098
28.356701,48.241100
28.370600,48.196098
28.312799,48.139400
28.345600,48.126900
28.388599,48.163898
28.418600,48.169399
28.438101,48.138302
28.421700,48.118599
28.460800,48.071400
28.477501,48.118301
28.551399,48.160599
28.642500,48.153599
28.815599,48.121399
28.833099,48.101700
28.827499,48.078899
28.853901,48.055599
28.851700,48.031898
28.878300,48.009998
28.956100,47.950001
29.003599,47.933102
29.050800,47.939400
29.080601,47.982800
29.141899,47.986099
29.178101,47.951900
29.193600,47.895000
29.257500,47.874699
29.194201,47.808899
29.195000,47.793098
29.249201,47.779999
29.258101,47.764400
29.208099,47.718102
29.205601,47.632198
29.166700,47.586700
29.131399,47.544201
29.186701,47.439999
29.252501,47.455299
29.262501,47.431900
29.307800,47.414398
29.322800,47.378601
29.354401,47.380001
29.380301,47.357800
29.379400,47.321899
29.405600,47.294998
29.475000,47.292198
29.505800,47.346401
29.559401,47.342800
29.584999,47.319698
29.599199,47.263302
29.556700,47.233101
29.571400,47.140800
29.496901,47.118301
29.539400,47.066898
29.569700,47.098598
29.613600,47.084400
29.623600,47.046101
29.593300,47.025299
29.575600,46.943100
29.715300,46.911701
29.761400,46.866402
29.868900,46.861401
29.908899,46.814201
29.950001,46.814201
29.946400,46.789200
29.972799,46.734402
29.948299,46.636902
29.968901,46.575298
29.895800,46.551102
29.898600,46.529999
29.928600,46.505299
29.970600,46.488098
29.998899,46.496101
30.018600,46.469700
30.006901,46.456699
30.073099,46.422798
30.134199,46.415600
30.103901,46.381901
29.930000,46.383598
29.884701,46.351101
29.848301,46.348301
29.827200,46.361698
29.830299,46.388100
29.801701,46.425598
29.733299,46.478100
29.733101,46.439400
29.663300,46.428600
29.672800,46.391399
29.626699,46.369202
29.590799,46.383301
29.576099,46.419998
29.499701,46.432201
29.507500,46.481098
29.483601,46.492199
29.396099,46.438099
29.393101,46.416100
29.347500,46.476398
29.323900,46.476398
29.300800,46.445000
29.306700,46.402199
29.263901,46.398602
29.224199,46.365299
29.200800,46.381401
29.226400,46.416901
29.228300,46.484699
29.219400,46.532799
29.205000,46.541401
29.034700,46.495300
28.932199,46.428299
28.965000,46.311901
28.949400,46.270802
29.041100,46.193901
28.957199,46.105598
28.980600,46.029701
28.971901,46.006699
28.755800,45.959999
28.747801,45.929199
28.768900,45.866901
28.754700,45.838600
28.688900,45.818901
28.694700,45.794399
28.675301,45.775299
28.583599,45.763100
28.582500,45.719700
28.526899,45.714199
28.489401,45.665001
28.528299,45.644699
28.533600,45.607201
28.556101,45.586700
28.511400,45.569199
28.530300,45.543598
28.522800,45.517799
28.477501,45.506401
28.283899,45.525299
28.238100,45.503300
28.212019,45.448200
28.165001,45.533600
28.061939,45.589981
28.161381,45.639431
28.107491,45.835819
28.129721,45.867489
28.084440,46.011662
28.135550,46.169151
28.251940,46.439419
28.209431,46.502491
28.247210,46.608318
28.213881,46.684429
28.071110,46.991100
27.992491,47.028591
27.806940,47.163601
27.572220,47.371090
27.579439,47.454700
27.469709,47.488590
27.466379,47.523869
27.321939,47.641651
27.289440,47.723591
27.238331,47.785259
27.164440,47.967758
27.000549,48.155540
26.894440,48.204700
26.707769,48.253319
26.635000,48.240871
# Triangles
172,171,170
173,172,174
175,174,176
149,177,176
159,174,172
170,169,168
176,174,156
178,177,179
142,179,177
168,167,170
167,172,170
187,186,185
188,187,189
21,191,190
21,190,189
187,24,189
69,44,181
183,182,44
184,183,185
183,38,185
185,29,187
182,181,44
181,180,70
159,167,166
163,166,165
163,159,166
163,161,159
158,174,159
163,165,164
156,174,158
162,161,163
161,160,159
157,156,158
176,156,149
155,154,153
180,179,142
153,150,156
44,39,183
44,46,45
153,156,155
150,152,151
152,150,153
144,177,149
50,47,52
52,47,44
156,150,149
48,50,49
167,159,172
39,44,43
0,194,1
1,194,2
2,4,3
4,2,194
194,5,4
6,5,193
193,5,194
10,193,192
193,10,6
10,192,11
8,6,10
192,13,11
12,11,13
192,191,13
8,10,9
8,7,6
15,17,16
17,15,14
18,20,19
20,18,17
14,13,191
17,21,20
191,17,14
29,185,38
34,38,35
38,33,29
33,38,34
30,29,33
37,35,38
187,29,25
47,46,44
43,42,41
41,40,43
40,39,43
48,47,50
25,24,187
17,191,21
24,22,21
22,24,23
25,28,26
29,28,25
33,32,31
36,35,37
26,28,27
33,31,30
24,21,189
183,39,38
146,148,147
148,146,149
145,144,146
144,143,142
144,142,177
137,136,135
137,135,134
133,132,134
134,132,137
137,132,138
139,138,131
92,140,139
141,140,70
138,132,131
141,70,180
129,128,130
128,127,130
94,127,126
127,139,130
125,124,126
130,139,131
127,92,139
144,149,146
120,124,123
121,120,122
123,122,120
115,114,116
116,113,112
111,109,112
109,111,110
116,112,104
113,116,114
109,108,112
120,119,118
118,103,102
103,118,117
94,118,102
117,104,103
126,118,94
106,105,108
104,117,116
106,108,107
102,101,100
112,105,104
112,108,105
126,120,118
126,124,120
102,100,94
69,54,44
55,69,68
55,68,66
66,68,67
63,66,64
63,55,66
72,74,73
74,72,70
66,65,64
72,71,70
70,77,74
54,69,55
55,63,56
52,44,53
52,51,50
53,44,54
60,62,61
59,56,60
56,58,57
56,59,58
60,56,62
62,56,63
181,70,69
93,92,94
92,91,87
87,91,88
89,91,90
88,91,89
92,87,86
96,99,98
96,94,100
96,98,97
96,95,94
94,92,127
99,96,100
78,86,79
86,78,77
79,86,84
75,77,76
77,75,74
77,70,86
86,85,84
79,84,82
79,81,80
79,82,81
84,83,82
70,140,86
140,92,86
142,141,180
